     
 Collinear #          44
 
 part:           1
 comp:           0
  0.99999867003304843        276.34288548826760        276.34325301566139     
  0.99999987305788185        276.34321793606352        276.34325301566139     
  0.99999998736333529        276.34324952360436        276.34325301566139     
  0.99999999873690593        276.34325266661386        276.34325301566139     
  0.99999999987369614        276.34325298075817        276.34325301566139     
  0.99999999998736944        276.34325301217103        276.34325301566139     
  0.99999999999873679        276.34325301531231        276.34325301566139     
  0.99999999999987355        276.34325301562643        276.34325301566139     
  0.99999999999998701        276.34325301565781        276.34325301566139     
  0.99999999999999856        276.34325301566099        276.34325301566139     
 comp:           1
   0.0000000000000000        0.0000000000000000     
   0.0000000000000000        0.0000000000000000     
   0.0000000000000000        0.0000000000000000     
   0.0000000000000000        0.0000000000000000     
   0.0000000000000000        0.0000000000000000     
   0.0000000000000000        0.0000000000000000     
   0.0000000000000000        0.0000000000000000     
   0.0000000000000000        0.0000000000000000     
   0.0000000000000000        0.0000000000000000     
   0.0000000000000000        0.0000000000000000     
 comp:           2
   0.0000000000000000        0.0000000000000000     
   0.0000000000000000        0.0000000000000000     
   0.0000000000000000        0.0000000000000000     
   0.0000000000000000        0.0000000000000000     
   0.0000000000000000        0.0000000000000000     
   0.0000000000000000        0.0000000000000000     
   0.0000000000000000        0.0000000000000000     
   0.0000000000000000        0.0000000000000000     
   0.0000000000000000        0.0000000000000000     
   0.0000000000000000        0.0000000000000000     
 comp:           3
  0.99999867003304843        276.34288548826760        276.34325301566139     
  0.99999987305788185        276.34321793606352        276.34325301566139     
  0.99999998736333529        276.34324952360436        276.34325301566139     
  0.99999999873690593        276.34325266661386        276.34325301566139     
  0.99999999987369614        276.34325298075817        276.34325301566139     
  0.99999999998736944        276.34325301217103        276.34325301566139     
  0.99999999999873679        276.34325301531231        276.34325301566139     
  0.99999999999987355        276.34325301562643        276.34325301566139     
  0.99999999999998701        276.34325301565781        276.34325301566139     
  0.99999999999999856        276.34325301566099        276.34325301566139     
 
 part:           2
 comp:           0
   1.0000176938698453        276.25488793154477        276.25000000000000     
   1.0000016953963049        276.25046835322922        276.25000000000000     
   1.0000001688333728        276.25004664021924        276.25000000000000     
   1.0000000168763068        276.25000466207973        276.25000000000000     
   1.0000000016875603        276.25000046618857        276.25000000000000     
   1.0000000001687552        276.25000004661865        276.25000000000000     
   1.0000000000168756        276.25000000466190        276.25000000000000     
   1.0000000000016875        276.25000000046617        276.25000000000000     
   1.0000000000001688        276.25000000004661        276.25000000000000     
   1.0000000000000169        276.25000000000466        276.25000000000000     
 comp:           1
   0.0000000000000000        0.0000000000000000     
   0.0000000000000000        0.0000000000000000     
   0.0000000000000000        0.0000000000000000     
   0.0000000000000000        0.0000000000000000     
   0.0000000000000000        0.0000000000000000     
   0.0000000000000000        0.0000000000000000     
   0.0000000000000000        0.0000000000000000     
   0.0000000000000000        0.0000000000000000     
   0.0000000000000000        0.0000000000000000     
   0.0000000000000000        0.0000000000000000     
 comp:           2
   0.0000000000000000        0.0000000000000000     
   0.0000000000000000        0.0000000000000000     
   0.0000000000000000        0.0000000000000000     
   0.0000000000000000        0.0000000000000000     
   0.0000000000000000        0.0000000000000000     
   0.0000000000000000        0.0000000000000000     
   0.0000000000000000        0.0000000000000000     
   0.0000000000000000        0.0000000000000000     
   0.0000000000000000        0.0000000000000000     
   0.0000000000000000        0.0000000000000000     
 comp:           3
   1.0000176938698453       -276.25488793154477       -276.25000000000000     
   1.0000016953963049       -276.25046835322922       -276.25000000000000     
   1.0000001688333728       -276.25004664021924       -276.25000000000000     
   1.0000000168763068       -276.25000466207973       -276.25000000000000     
   1.0000000016875603       -276.25000046618857       -276.25000000000000     
   1.0000000001687552       -276.25000004661865       -276.25000000000000     
   1.0000000000168756       -276.25000000466190       -276.25000000000000     
   1.0000000000016875       -276.25000000046617       -276.25000000000000     
   1.0000000000001688       -276.25000000004661       -276.25000000000000     
   1.0000000000000169       -276.25000000000466       -276.25000000000000     
 
 part:           3
 comp:           0
   1.0000203163148078        181.57250222447215        181.56881341529953     
   1.0000062994507475        181.56995719909693        181.56881341529953     
   1.0000019881834095        181.56917440740204        181.56881341529953     
   1.0000006285923364        181.56892754806418        181.56881341529953     
   1.0000001987739313        181.56884950644638        181.56881341529953     
   1.0000000628576546        181.56882482828928        181.56881341529953     
   1.0000000198773256        181.56881702440197        181.56881341529953     
   1.0000000062857617        181.56881455659783        181.56881341529953     
   1.0000000019877324        181.56881377620974        181.56881341529953     
   1.0000000006285761        181.56881352942935        181.56881341529953     
 comp:           1
   1.0001088744022002       -84.582283563377842       -84.573075720316552     
   1.0000337617038015       -84.575931051448606       -84.573075720316552     
   1.0000106559132023       -84.573976923670685       -84.573075720316552     
   1.0000033690485641       -84.573360651115863       -84.573075720316552     
   1.0000010653660887       -84.573165821603439       -84.573075720316552     
   1.0000003368976709       -84.573104212788778       -84.573075720316552     
   1.0000001065363753       -84.573084730425478       -84.573075720316552     
   1.0000000336897592       -84.573078569563108       -84.573075720316552     
   1.0000000106536371       -84.573076621327417       -84.573075720316552     
   1.0000000033689760       -84.573076005241219       -84.573075720316552     
 comp:           2
  0.99897924087892442       -10.325615063528021       -10.336165799044345     
  0.99968346492470139       -10.332894040024845       -10.336165799044345     
  0.99990009478467978       -10.335133162174605       -10.336165799044345     
  0.99996841326352648       -10.335839313299104       -10.336165799044345     
  0.99999001159014089       -10.336062557183972       -10.336165799044345     
  0.99999684139372103       -10.336133151166152       -10.336165799044345     
  0.99999900116120555       -10.336155474880959       -10.336165799044345     
  0.99999968413944629       -10.336162534257292       -10.336165799044345     
  0.99999990011612427       -10.336164766628045       -10.336165799044345     
  0.99999996841394356       -10.336165472565629       -10.336165799044345     
 comp:           3
   1.0000000000000000       -160.32665036050656       -160.32665036050656     
   1.0000000000000000       -160.32665036050656       -160.32665036050656     
   1.0000000000000000       -160.32665036050656       -160.32665036050656     
   1.0000000000000000       -160.32665036050656       -160.32665036050656     
   1.0000000000000000       -160.32665036050656       -160.32665036050656     
   1.0000000000000000       -160.32665036050656       -160.32665036050656     
   1.0000000000000000       -160.32665036050656       -160.32665036050656     
   1.0000000000000000       -160.32665036050656       -160.32665036050656     
   1.0000000000000000       -160.32665036050656       -160.32665036050656     
   1.0000000000000000       -160.32665036050656       -160.32665036050656     
 
 part:           4
 comp:           0
   1.0000096073028624        100.69599442121317        100.69502701359193     
   1.0000029785872990        100.69532694252047        100.69502701359193     
   1.0000009400458763        100.69512167153682        100.69502701359193     
   1.0000002972055668        100.69505694071451        100.69502701359193     
   1.0000000939822384        100.69503647713596        100.69502701359193     
   1.0000000297196749        100.69503000621540        100.69502701359193     
   1.0000000093981785        100.69502795994175        100.69502701359193     
   1.0000000029719645        100.69502731285397        100.69502701359193     
   1.0000000009398178        100.69502710822691        100.69502701359193     
   1.0000000002971965        100.69502704351812        100.69502701359193     
 comp:           1
  0.99917858270776938        6.2115734595233825        6.2166799479328780     
  0.99974527943022173        6.2150964316744117        6.2166799479328780     
  0.99991960466856877        6.2161801558880621        6.2166799479328780     
  0.99997458163670894        6.2165219301034975        6.2166799479328780     
  0.99999196216236264        6.2166299792688129        6.2166799479328780     
  0.99999745821750463        6.2166641464846073        6.2166799479328780     
  0.99999919621796196        6.2166749510771995        6.2166799479328780     
  0.99999974582180651        6.2166783677883997        6.2166799479328780     
  0.99999991962179913        6.2166794482473282        6.2166799479328780     
  0.99999997458217982        6.2166797899184250        6.2166799479328780     
 comp:           2
   1.0002651374447642        22.074518752501184        22.068667522384949     
   1.0000822188206149        22.070481982201180        22.068667522384949     
   1.0000259500414079        22.069240205220975        22.068667522384949     
   1.0000082045507890        22.068848585888482        22.068667522384949     
   1.0000025944568647        22.068724778590898        22.068667522384949     
   1.0000008204377024        22.068685628351826        22.068667522384949     
   1.0000002594451294        22.068673247993249        22.068667522384949     
   1.0000000820437522        22.068669332981237        22.068667522384949     
   1.0000000259445121        22.068668094945760        22.068667522384949     
   1.0000000082043756        22.068667703444586        22.068667522384949     
 comp:           3
   1.0000000000000000       -98.033961158770907       -98.033961158770907     
   1.0000000000000000       -98.033961158770907       -98.033961158770907     
   1.0000000000000000       -98.033961158770907       -98.033961158770907     
   1.0000000000000000       -98.033961158770907       -98.033961158770907     
   1.0000000000000000       -98.033961158770907       -98.033961158770907     
   1.0000000000000000       -98.033961158770907       -98.033961158770907     
   1.0000000000000000       -98.033961158770907       -98.033961158770907     
   1.0000000000000000       -98.033961158770907       -98.033961158770907     
   1.0000000000000000       -98.033961158770907       -98.033961158770907     
   1.0000000000000000       -98.033961158770907       -98.033961158770907     
 
 part:           5
 comp:           0
   1.0484569952631373        9.7771776599520271E-002   9.3253015661345195E-002
   1.0046445212934658        9.3686131278264223E-002   9.3253015661345195E-002
   1.0004625311160975        9.3296148082758490E-002   9.3253015661345195E-002
   1.0000462339881517        9.3257327120166392E-002   9.3253015661345195E-002
   1.0000046232076676        9.3253446789402228E-002   9.3253015661345195E-002
   1.0000004623188552        9.3253058773972650E-002   9.3253015661345195E-002
   1.0000000462318668        9.3253019972606183E-002   9.3253015661345195E-002
   1.0000000046231867        9.3253016092471303E-002   9.3253015661345195E-002
   1.0000000004623182        9.3253015704457765E-002   9.3253015661345195E-002
   1.0000000000462315        9.3253015665656414E-002   9.3253015661345195E-002
 comp:           1
   2.8018476994068970E-002   0.0000000000000000     
   8.6885266919803483E-003   0.0000000000000000     
   2.7422900928191257E-003   0.0000000000000000     
   8.6702233812728535E-004   0.0000000000000000     
   2.7417129145309693E-004   0.0000000000000000     
   8.6700409128133099E-005   0.0000000000000000     
   2.7417071438679054E-005   0.0000000000000000     
   8.6700391074039709E-006   0.0000000000000000     
   2.7417070487498635E-006   0.0000000000000000     
   8.6700394286622007E-007   0.0000000000000000     
 comp:           2
  -3.2104754432397756E-002  -0.0000000000000000     
  -9.9556808845966092E-003  -0.0000000000000000     
  -3.1422318219149438E-003  -0.0000000000000000     
  -9.9347081780612619E-004  -0.0000000000000000     
  -3.1415704666525258E-004  -0.0000000000000000     
  -9.9344990979928992E-005  -0.0000000000000000     
  -3.1415638543830357E-005  -0.0000000000000000     
  -9.9344970292786167E-006  -0.0000000000000000     
  -3.1415637453927656E-006  -0.0000000000000000     
  -9.9344973973898690E-007  -0.0000000000000000     
 comp:           3
  0.94364301356686919        8.7997556722870227E-002   9.3253015661345195E-002
  0.99460143113352395        9.2749582834290856E-002   9.3253015661345195E-002
  0.99946240584447821        9.3202883385140878E-002   9.3253015661345195E-002
  0.99994626310816936        9.3248004534129722E-002   9.3253015661345195E-002
  0.99999462653595195        9.3252514569618167E-002   9.3253015661345195E-002
  0.99999946265584627        9.3252965552382411E-002   9.3253015661345195E-002
  0.99999994626560740        9.3253010650451038E-002   9.3253015661345195E-002
  0.99999999462656131        9.3253015160255831E-002   9.3253015661345195E-002
  0.99999999946265561        9.3253015611236209E-002   9.3253015661345195E-002
  0.99999999994626521        9.3253015656334259E-002   9.3253015661345195E-002
 
 part:           6
 comp:           0
  0.99998277590390472        270.23150499752768        270.23615957110854     
  0.99999465817337818        270.23471601639716        270.23615957110854     
  0.99999831394026906        270.23570393680205        270.23615957110854     
  0.99999946691695885        270.23601551279478        270.23615957110854     
  0.99999983142695004        270.23611401657490        270.23615957110854     
  0.99999994669256165        270.23614516551112        270.23615957110854     
  0.99999998314270488        270.23615501565786        270.23615957110854     
  0.99999999466925493        270.23615813054846        270.23615957110854     
  0.99999999831427044        270.23615911556345        270.23615957110854     
  0.99999999946692553        270.23615942705254        270.23615957110854     
 comp:           1
  0.99982510495297539        78.342691626860386        78.356395772383678     
  0.99994576474250041        78.352146093082226        78.356395772383678     
  0.99998288212875730        78.355054477689805        78.356395772383678     
  0.99999458788647355        78.355971698674239        78.356395772383678     
  0.99999828857186235        78.356261671043185        78.356395772383678     
  0.99999945879990759        78.356353365895046        78.356395772383678     
  0.99999982885753336        78.356382362276833        78.356395772383678     
  0.99999994588000074        78.356391531735596        78.356395772383678     
  0.99999998288575387        78.356394431373033        78.356395772383678     
  0.99999999458799993        78.356395348318856        78.356395772383678     
 comp:           2
  0.99866159927608633       -11.716798934540767       -11.732501723340604     
  0.99958495961358529       -11.727632261291738       -11.732501723340604     
  0.99986900388745792       -11.730964811224453       -11.732501723340604     
  0.99995858329446763       -11.732015801771571       -11.732501723340604     
  0.99998690313592375       -11.732348064360259       -11.732501723340604     
  0.99999585841561700       -11.732453132194694       -11.732501723340604     
  0.99999869031624977       -11.732486357473748       -11.732501723340604     
  0.99999958584163862       -11.732496864226915       -11.732501723340604     
  0.99999986903162918       -11.732500186753969       -11.732501723340604     
  0.99999995858416213       -11.732501237429215       -11.732501723340604     
 comp:           3
   1.0000000000000000        258.36061151927748        258.36061151927748     
   1.0000000000000000        258.36061151927748        258.36061151927748     
   1.0000000000000000        258.36061151927748        258.36061151927748     
   1.0000000000000000        258.36061151927748        258.36061151927748     
   1.0000000000000000        258.36061151927748        258.36061151927748     
   1.0000000000000000        258.36061151927748        258.36061151927748     
   1.0000000000000000        258.36061151927748        258.36061151927748     
   1.0000000000000000        258.36061151927748        258.36061151927748     
   1.0000000000000000        258.36061151927748        258.36061151927748     
   1.0000000000000000        258.36061151927748        258.36061151927748     
 
 part: i_fks+j_fks
 comp:           0
   1.0000150169512847        276.44065726486713        276.43650603132272     
   1.0000014398822528        276.43690406734180        276.43650603132272     
   1.0000001433977188        276.43654567168710        276.43650603132272     
   1.0000000143338930        276.43650999373403        276.43650603132272     
   1.0000000014333303        276.43650642754756        276.43650603132272     
   1.0000000001433325        276.43650607094503        276.43650603132272     
   1.0000000000143332        276.43650603528494        276.43650603132272     
   1.0000000000014333        276.43650603171892        276.43650603132272     
   1.0000000000001432        276.43650603136228        276.43650603132272     
   1.0000000000000142        276.43650603132664        276.43650603132272     
 comp:           1
   2.8018476994068970E-002   0.0000000000000000     
   8.6885266919803483E-003   0.0000000000000000     
   2.7422900928191257E-003   0.0000000000000000     
   8.6702233812728535E-004   0.0000000000000000     
   2.7417129145309693E-004   0.0000000000000000     
   8.6700409128133099E-005   0.0000000000000000     
   2.7417071438679054E-005   0.0000000000000000     
   8.6700391074039709E-006   0.0000000000000000     
   2.7417070487498635E-006   0.0000000000000000     
   8.6700394286622007E-007   0.0000000000000000     
 comp:           2
  -3.2104754432397756E-002   0.0000000000000000     
  -9.9556808845966092E-003   0.0000000000000000     
  -3.1422318219149438E-003   0.0000000000000000     
  -9.9347081780612619E-004   0.0000000000000000     
  -3.1415704666525258E-004   0.0000000000000000     
  -9.9344990979928992E-005   0.0000000000000000     
  -3.1415638543830357E-005   0.0000000000000000     
  -9.9344970292786167E-006   0.0000000000000000     
  -3.1415637453927656E-006   0.0000000000000000     
  -9.9344973973898690E-007   0.0000000000000000     
 comp:           3
  0.99997965903124386        276.43088304499048        276.43650603132272     
  0.99999805194895341        276.43596751889783        276.43650603132272     
  0.99999980601573213        276.43645240698947        276.43650603132272     
  0.99999998060974360        276.43650067114800        276.43650603132272     
  0.99999999806105577        276.43650549532776        276.43650603132272     
  0.99999999980610621        276.43650597772341        276.43650603132272     
  0.99999999998061062        276.43650602596279        276.43650603132272     
  0.99999999999806088        276.43650603078669        276.43650603132272     
  0.99999999999980593        276.43650603126906        276.43650603132272     
  0.99999999999998046        276.43650603131732        276.43650603132272     
     
 Collinear #          28
 
 part:           1
 comp:           0
   1.0000000000000000        325.00000000000000        325.00000000000000     
   1.0000000000000000        325.00000000000000        325.00000000000000     
   1.0000000000000000        325.00000000000000        325.00000000000000     
   1.0000000000000000        325.00000000000000        325.00000000000000     
   1.0000000000000000        325.00000000000000        325.00000000000000     
   1.0000000000000000        325.00000000000000        325.00000000000000     
   1.0000000000000000        325.00000000000000        325.00000000000000     
   1.0000000000000000        325.00000000000000        325.00000000000000     
   1.0000000000000000        325.00000000000000        325.00000000000000     
   1.0000000000000000        325.00000000000000        325.00000000000000     
 comp:           1
   0.0000000000000000        0.0000000000000000     
   0.0000000000000000        0.0000000000000000     
   0.0000000000000000        0.0000000000000000     
   0.0000000000000000        0.0000000000000000     
   0.0000000000000000        0.0000000000000000     
   0.0000000000000000        0.0000000000000000     
   0.0000000000000000        0.0000000000000000     
   0.0000000000000000        0.0000000000000000     
   0.0000000000000000        0.0000000000000000     
   0.0000000000000000        0.0000000000000000     
 comp:           2
   0.0000000000000000        0.0000000000000000     
   0.0000000000000000        0.0000000000000000     
   0.0000000000000000        0.0000000000000000     
   0.0000000000000000        0.0000000000000000     
   0.0000000000000000        0.0000000000000000     
   0.0000000000000000        0.0000000000000000     
   0.0000000000000000        0.0000000000000000     
   0.0000000000000000        0.0000000000000000     
   0.0000000000000000        0.0000000000000000     
   0.0000000000000000        0.0000000000000000     
 comp:           3
   1.0000000000000000        325.00000000000000        325.00000000000000     
   1.0000000000000000        325.00000000000000        325.00000000000000     
   1.0000000000000000        325.00000000000000        325.00000000000000     
   1.0000000000000000        325.00000000000000        325.00000000000000     
   1.0000000000000000        325.00000000000000        325.00000000000000     
   1.0000000000000000        325.00000000000000        325.00000000000000     
   1.0000000000000000        325.00000000000000        325.00000000000000     
   1.0000000000000000        325.00000000000000        325.00000000000000     
   1.0000000000000000        325.00000000000000        325.00000000000000     
   1.0000000000000000        325.00000000000000        325.00000000000000     
 
 part:           2
 comp:           0
   1.0000000000000000        325.00000000000000        325.00000000000000     
   1.0000000000000000        325.00000000000000        325.00000000000000     
   1.0000000000000000        325.00000000000000        325.00000000000000     
   1.0000000000000000        325.00000000000000        325.00000000000000     
   1.0000000000000000        325.00000000000000        325.00000000000000     
   1.0000000000000000        325.00000000000000        325.00000000000000     
   1.0000000000000000        325.00000000000000        325.00000000000000     
   1.0000000000000000        325.00000000000000        325.00000000000000     
   1.0000000000000000        325.00000000000000        325.00000000000000     
   1.0000000000000000        325.00000000000000        325.00000000000000     
 comp:           1
  -0.0000000000000000       -0.0000000000000000     
  -0.0000000000000000       -0.0000000000000000     
  -0.0000000000000000       -0.0000000000000000     
  -0.0000000000000000       -0.0000000000000000     
  -0.0000000000000000       -0.0000000000000000     
  -0.0000000000000000       -0.0000000000000000     
  -0.0000000000000000       -0.0000000000000000     
  -0.0000000000000000       -0.0000000000000000     
  -0.0000000000000000       -0.0000000000000000     
  -0.0000000000000000       -0.0000000000000000     
 comp:           2
  -0.0000000000000000       -0.0000000000000000     
  -0.0000000000000000       -0.0000000000000000     
  -0.0000000000000000       -0.0000000000000000     
  -0.0000000000000000       -0.0000000000000000     
  -0.0000000000000000       -0.0000000000000000     
  -0.0000000000000000       -0.0000000000000000     
  -0.0000000000000000       -0.0000000000000000     
  -0.0000000000000000       -0.0000000000000000     
  -0.0000000000000000       -0.0000000000000000     
  -0.0000000000000000       -0.0000000000000000     
 comp:           3
   1.0000000000000000       -325.00000000000000       -325.00000000000000     
   1.0000000000000000       -325.00000000000000       -325.00000000000000     
   1.0000000000000000       -325.00000000000000       -325.00000000000000     
   1.0000000000000000       -325.00000000000000       -325.00000000000000     
   1.0000000000000000       -325.00000000000000       -325.00000000000000     
   1.0000000000000000       -325.00000000000000       -325.00000000000000     
   1.0000000000000000       -325.00000000000000       -325.00000000000000     
   1.0000000000000000       -325.00000000000000       -325.00000000000000     
   1.0000000000000000       -325.00000000000000       -325.00000000000000     
   1.0000000000000000       -325.00000000000000       -325.00000000000000     
 
 part:           3
 comp:           0
  0.99999989718593274        134.97543548750912        134.97544936488404     
  0.99999998971859416        134.97544797714667        134.97544936488404     
  0.99999999897185943        134.97544922611030        134.97544936488404     
  0.99999999989718613        134.97544935100669        134.97544936488404     
  0.99999999998971878        134.97544936349632        134.97544936488404     
  0.99999999999897216        134.97544936474532        134.97544936488404     
  0.99999999999989719        134.97544936487017        134.97544936488404     
  0.99999999999998990        134.97544936488268        134.97544936488404     
  0.99999999999999900        134.97544936488390        134.97544936488404     
   1.0000000000000000        134.97544936488404        134.97544936488404     
 comp:           1
  0.99999979793808924       -34.683393686916517       -34.683400695110734     
  0.99999997979381106       -34.683399994291385       -34.683400695110734     
  0.99999999797938099       -34.683400625028796       -34.683400695110734     
  0.99999999979793841       -34.683400688102552       -34.683400695110734     
  0.99999999997979394       -34.683400694409919       -34.683400695110734     
  0.99999999999797962       -34.683400695040660       -34.683400695110734     
  0.99999999999979805       -34.683400695103728       -34.683400695110734     
  0.99999999999998013       -34.683400695110045       -34.683400695110734     
  0.99999999999999800       -34.683400695110663       -34.683400695110734     
   1.0000000000000000       -34.683400695110734       -34.683400695110734     
 comp:           2
  0.99999990391429339        130.32643785696487        130.32645037947395     
  0.99999999039143039        130.32644912722319        130.32645037947395     
  0.99999999903914294        130.32645025424887        130.32645037947395     
  0.99999999990391442        130.32645036695146        130.32645037947395     
  0.99999999999039157        130.32645037822172        130.32645037947395     
  0.99999999999903932        130.32645037934876        130.32645037947395     
  0.99999999999990385        130.32645037946142        130.32645037947395     
  0.99999999999999067        130.32645037947273        130.32645037947395     
  0.99999999999999911        130.32645037947384        130.32645037947395     
   1.0000000000000000        130.32645037947395        130.32645037947395     
 comp:           3
   1.0000000724471725        5.2241988778925101        5.2241984994141006     
   1.0000000072447164        5.2241985372619375        5.2241984994141006     
   1.0000000007244718        5.2241985031988847        5.2241984994141006     
   1.0000000000724469        5.2241984997925783        5.2241984994141006     
   1.0000000000072446        5.2241984994519486        5.2241984994141006     
   1.0000000000007245        5.2241984994178852        5.2241984994141006     
   1.0000000000000724        5.2241984994144790        5.2241984994141006     
   1.0000000000000071        5.2241984994141379        5.2241984994141006     
   1.0000000000000007        5.2241984994141042        5.2241984994141006     
   1.0000000000000000        5.2241984994141006        5.2241984994141006     
 
 part:           4
 comp:           0
  0.99999989534775513        193.82151643457610        193.82153671843503     
  0.99999998953477653        193.82153469004933        193.82153671843503     
  0.99999999895347758        193.82153651559645        193.82153671843503     
  0.99999999989534782        193.82153669815119        193.82153671843503     
  0.99999999998953482        193.82153671640665        193.82153671843503     
  0.99999999999895384        193.82153671823227        193.82153671843503     
  0.99999999999989531        193.82153671841473        193.82153671843503     
  0.99999999999998979        193.82153671843304        193.82153671843503     
  0.99999999999999900        193.82153671843483        193.82153671843503     
   1.0000000000000000        193.82153671843503        193.82153671843503     
 comp:           1
  0.99999991759777829       -122.12776848916515       -122.12777855276543     
  0.99999999175977872       -122.12777754640551       -122.12777855276543     
  0.99999999917597782       -122.12777845212943       -122.12777855276543     
  0.99999999991759791       -122.12777854270185       -122.12777855276543     
  0.99999999999175981       -122.12777855175908       -122.12777855276543     
  0.99999999999917610       -122.12777855266481       -122.12777855276543     
  0.99999999999991762       -122.12777855275537       -122.12777855276543     
  0.99999999999999190       -122.12777855276444       -122.12777855276543     
  0.99999999999999922       -122.12777855276534       -122.12777855276543     
   1.0000000000000000       -122.12777855276543       -122.12777855276543     
 comp:           2
  0.99999988001564766        149.86973593105034        149.86975391307570     
  0.99999998800156598        149.86975211487334        149.86975391307570     
  0.99999999880015666        149.86975373325546        149.86975391307570     
  0.99999999988001587        149.86975389509371        149.86975391307570     
  0.99999999998800171        149.86975391127751        149.86975391307570     
  0.99999999999880029        149.86975391289590        149.86975391307570     
  0.99999999999987998        149.86975391305771        149.86975391307570     
  0.99999999999998823        149.86975391307394        149.86975391307570     
  0.99999999999999889        149.86975391307553        149.86975391307570     
   1.0000000000000000        149.86975391307570        149.86975391307570     
 comp:           3
  0.99999996030864668       -13.692805403304927       -13.692805946790926     
  0.99999999603086498       -13.692805892442331       -13.692805946790926     
  0.99999999960308650       -13.692805941356067       -13.692805946790926     
  0.99999999996030875       -13.692805946247441       -13.692805946790926     
  0.99999999999603095       -13.692805946736579       -13.692805946790926     
  0.99999999999960321       -13.692805946785493       -13.692805946790926     
  0.99999999999996025       -13.692805946790383       -13.692805946790926     
  0.99999999999999611       -13.692805946790873       -13.692805946790926     
  0.99999999999999956       -13.692805946790921       -13.692805946790926     
   1.0000000000000000       -13.692805946790926       -13.692805946790926     
 
 part:           5
 comp:           0
   1.0000001063542552        321.20235677532980        321.20232261409603     
   1.0000000106354245        321.20232603021907        321.20232261409603     
   1.0000000010635424        321.20232295570833        321.20232261409603     
   1.0000000001063540        321.20232264825722        321.20232261409603     
   1.0000000000106355        321.20232261751215        321.20232261409603     
   1.0000000000010636        321.20232261443766        321.20232261409603     
   1.0000000000001064        321.20232261413020        321.20232261409603     
   1.0000000000000107        321.20232261409944        321.20232261409603     
   1.0000000000000011        321.20232261409637        321.20232261409603     
   1.0000000000000002        321.20232261409609        321.20232261409603     
 comp:           1
  0.99999844077749789        156.81059725124555        156.81084175423860     
  0.99999947160382097        156.81075889598898        156.81084175423860     
  0.99999983022177330        156.81081513117195        156.81084175423860     
  0.99999994606928788        156.81083329731823        156.81084175423860     
  0.99999998292223735        156.81083907626027        156.81084175423860     
  0.99999999459732758        156.81084090704098        156.81084175423860     
  0.99999999829126163        156.81084148628989        156.81084175423860     
  0.99999999945962648        156.81084166950217        156.81084175423860     
  0.99999999982911647        156.81084172744221        156.81084175423860     
  0.99999999994596167        156.81084174576480        156.81084175423860     
 comp:           2
   1.0000006237498362       -280.19577601798829       -280.19560124602793     
   1.0000001780805927       -280.19565114342669       -280.19560124602793     
   1.0000000541339666       -280.19561641412724       -280.19560124602793     
   1.0000000168924730       -280.19560597922458       -280.19560124602793     
   1.0000000053189897       -280.19560273638547       -280.19560124602793     
   1.0000000016796848       -280.19560171666825       -280.19560124602793     
   1.0000000005309435       -280.19560139479597       -280.19560124602793     
   1.0000000001678762       -280.19560129306609       -280.19560124602793     
   1.0000000000530846       -280.19560126090204       -280.19560124602793     
   1.0000000000167868       -280.19560125073150       -280.19560124602793     
 comp:           3
   1.0000047827967478        8.4686297245314606        8.4685892209904754     
   1.0000015240756763        8.4686021277613204        8.4685892209904754     
   1.0000004807364022        8.4685932921495901        8.4685892209904754     
   1.0000001518263630        8.4685905067455778        8.4685892209904754     
   1.0000000479897750        8.4685896273961667        8.4685892209904754     
   1.0000000151731478        8.4685893494856312        8.4685892209904754     
   1.0000000047980344        8.4685892616230571        8.4685892209904754     
   1.0000000015172488        8.4685892338394329        8.4685892209904754     
   1.0000000004797938        8.4685892250536519        8.4685892209904754     
   1.0000000001517240        8.4685892222753640        8.4685892209904754     
 
 part:           6
 comp:           0
   1.0000000000000000        6.9130258492107455E-004   6.9130258492107455E-004
   1.0000000000000000        6.9130258492107455E-004   6.9130258492107455E-004
   1.0000000000000000        6.9130258492107455E-004   6.9130258492107455E-004
   1.0000000000000000        6.9130258492107455E-004   6.9130258492107455E-004
   1.0000000000000000        6.9130258492107455E-004   6.9130258492107455E-004
   1.0000000000000000        6.9130258492107455E-004   6.9130258492107455E-004
   1.0000000000000000        6.9130258492107455E-004   6.9130258492107455E-004
   1.0000000000000000        6.9130258492107455E-004   6.9130258492107455E-004
   1.0000000000000000        6.9130258492107455E-004   6.9130258492107455E-004
   1.0000000000000000        6.9130258492107455E-004   6.9130258492107455E-004
 comp:           1
   1.6738829218678521        5.6492483613303885E-004   3.3749363754942348E-004
   1.2404521487339828        4.1864470788223034E-004   3.3749363754942348E-004
   1.0783788071481317        3.6394598628063123E-004   3.3749363754942348E-004
   1.0250074301450085        3.4593348611482551E-004   3.3749363754942348E-004
   1.0079298418425493        3.4016990871805705E-004   3.3749363754942348E-004
   1.0025097567804155        3.3834066449461023E-004   3.3749363754942348E-004
   1.0007938865149615        3.3776156919715925E-004   3.3749363754942348E-004
   1.0002510705876346        3.3757837227532596E-004   3.3749363754942348E-004
   1.0000793976513254        3.3752043375158213E-004   3.3749363754942348E-004
   1.0000251079581326        3.3750211132554508E-004   3.3749363754942348E-004
 comp:           2
  0.65960089741217043       -3.9777002691617402E-004  -6.0304652173269566E-004
  0.91219939096835256       -5.5009866985014839E-004  -6.0304652173269566E-004
  0.97434170650143570       -5.8757337708478981E-004  -6.0304652173269566E-004
  0.99210060746406725       -5.9828282054010017E-004  -6.0304652173269566E-004
  0.99752356095318928       -6.0155311377923344E-004  -6.0304652173269566E-004
  0.99921905646856923       -6.0257557645239672E-004  -6.0304652173269566E-004
  0.99975325536500559       -6.0289772323880611E-004  -6.0304652173269566E-004
  0.99992199411616423       -6.0299948055577378E-004  -6.0304652173269566E-004
  0.99997533453650311       -6.0303164731072690E-004  -6.0304652173269566E-004
  0.99999220031180736       -6.0304181815786049E-004  -6.0304652173269566E-004
 comp:           3
  -1.2728315236953882       -2.3199119072175411E-005   1.8226386320808457E-005
  0.28680501728349578        5.2274190437551407E-006   1.8226386320808457E-005
  0.77612793415779513        1.4146007562330964E-005   1.8226386320808457E-005
  0.92940580513981830        1.6939709253280355E-005   1.8226386320808457E-005
  0.97769728572708303        1.7819888434467663E-005   1.8226386320808457E-005
  0.99294954185879103        1.8097881946988093E-005   1.8226386320808457E-005
  0.99777062201047284        1.8185752816316229E-005   1.8226386320808457E-005
  0.99929503038501233        1.8213537272261260E-005   1.8226386320808457E-005
  0.99977707120137982        1.8222323134402773E-005   1.8226386320808457E-005
  0.99992950394025859        1.8225101432389515E-005   1.8226386320808457E-005
 
 part: i_fks+j_fks
 comp:           0
   1.0000001063540263        321.20304807791473        321.20301391668096     
   1.0000000106354017        321.20301733280400        321.20301391668096     
   1.0000000010635401        321.20301425829325        321.20301391668096     
   1.0000000001063538        321.20301395084215        321.20301391668096     
   1.0000000000106355        321.20301392009708        321.20301391668096     
   1.0000000000010636        321.20301391702259        321.20301391668096     
   1.0000000000001064        321.20301391671512        321.20301391668096     
   1.0000000000000107        321.20301391668437        321.20301391668096     
   1.0000000000000011        321.20301391668130        321.20301391668096     
   1.0000000000000002        321.20301391668102        321.20301391668096     
 comp:           1
  0.99999989113152188        156.81116217608169        156.81117924787614     
  0.99999998911315324        156.81117754069686        156.81117924787614     
  0.99999999891131552        156.81117907715824        156.81117924787614     
  0.99999999989113142        156.81117923080433        156.81117924787614     
  0.99999999998911338        156.81117924616899        156.81117924787614     
  0.99999999999891165        156.81117924770547        156.81117924787614     
  0.99999999999989120        156.81117924785909        156.81117924787614     
  0.99999999999998912        156.81117924787443        156.81117924787614     
  0.99999999999999889        156.81117924787597        156.81117924787614     
   1.0000000000000000        156.81117924787614        156.81117924787614     
 comp:           2
  0.99999989113152132       -280.19617378801519       -280.19620429254968     
  0.99999998911315324       -280.19620124209655       -280.19620429254968     
  0.99999999891131508       -280.19620398750430       -280.19620429254968     
  0.99999999989113142       -280.19620426204511       -280.19620429254968     
  0.99999999998911315       -280.19620428949924       -280.19620429254968     
  0.99999999999891165       -280.19620429224472       -280.19620429254968     
  0.99999999999989131       -280.19620429251921       -280.19620429254968     
  0.99999999999998923       -280.19620429254667       -280.19620429254968     
  0.99999999999999878       -280.19620429254934       -280.19620429254968     
   1.0000000000000000       -280.19620429254968       -280.19620429254968     
 comp:           3
  0.99999989113152155        8.4686065254123886        8.4686074473767956     
  0.99999998911315324        8.4686073551803638        8.4686074473767956     
  0.99999999891131530        8.4686074381571519        8.4686074473767956     
  0.99999999989113153        8.4686074464548309        8.4686074473767956     
  0.99999999998911338        8.4686074472846009        8.4686074473767956     
  0.99999999999891154        8.4686074473675781        8.4686074473767956     
  0.99999999999989109        8.4686074473758737        8.4686074473767956     
  0.99999999999998934        8.4686074473767050        8.4686074473767956     
  0.99999999999999900        8.4686074473767867        8.4686074473767956     
   1.0000000000000000        8.4686074473767956        8.4686074473767956     
     
 Collinear #          66
 
 part:           1
 comp:           0
   1.0000000000000000        325.00000000000000        325.00000000000000     
   1.0000000000000000        325.00000000000000        325.00000000000000     
   1.0000000000000000        325.00000000000000        325.00000000000000     
   1.0000000000000000        325.00000000000000        325.00000000000000     
   1.0000000000000000        325.00000000000000        325.00000000000000     
   1.0000000000000000        325.00000000000000        325.00000000000000     
   1.0000000000000000        325.00000000000000        325.00000000000000     
   1.0000000000000000        325.00000000000000        325.00000000000000     
   1.0000000000000000        325.00000000000000        325.00000000000000     
   1.0000000000000000        325.00000000000000        325.00000000000000     
 comp:           1
   0.0000000000000000        0.0000000000000000     
   0.0000000000000000        0.0000000000000000     
   0.0000000000000000        0.0000000000000000     
   0.0000000000000000        0.0000000000000000     
   0.0000000000000000        0.0000000000000000     
   0.0000000000000000        0.0000000000000000     
   0.0000000000000000        0.0000000000000000     
   0.0000000000000000        0.0000000000000000     
   0.0000000000000000        0.0000000000000000     
   0.0000000000000000        0.0000000000000000     
 comp:           2
   0.0000000000000000        0.0000000000000000     
   0.0000000000000000        0.0000000000000000     
   0.0000000000000000        0.0000000000000000     
   0.0000000000000000        0.0000000000000000     
   0.0000000000000000        0.0000000000000000     
   0.0000000000000000        0.0000000000000000     
   0.0000000000000000        0.0000000000000000     
   0.0000000000000000        0.0000000000000000     
   0.0000000000000000        0.0000000000000000     
   0.0000000000000000        0.0000000000000000     
 comp:           3
   1.0000000000000000        325.00000000000000        325.00000000000000     
   1.0000000000000000        325.00000000000000        325.00000000000000     
   1.0000000000000000        325.00000000000000        325.00000000000000     
   1.0000000000000000        325.00000000000000        325.00000000000000     
   1.0000000000000000        325.00000000000000        325.00000000000000     
   1.0000000000000000        325.00000000000000        325.00000000000000     
   1.0000000000000000        325.00000000000000        325.00000000000000     
   1.0000000000000000        325.00000000000000        325.00000000000000     
   1.0000000000000000        325.00000000000000        325.00000000000000     
   1.0000000000000000        325.00000000000000        325.00000000000000     
 
 part:           2
 comp:           0
   1.0000000000000000        325.00000000000000        325.00000000000000     
   1.0000000000000000        325.00000000000000        325.00000000000000     
   1.0000000000000000        325.00000000000000        325.00000000000000     
   1.0000000000000000        325.00000000000000        325.00000000000000     
   1.0000000000000000        325.00000000000000        325.00000000000000     
   1.0000000000000000        325.00000000000000        325.00000000000000     
   1.0000000000000000        325.00000000000000        325.00000000000000     
   1.0000000000000000        325.00000000000000        325.00000000000000     
   1.0000000000000000        325.00000000000000        325.00000000000000     
   1.0000000000000000        325.00000000000000        325.00000000000000     
 comp:           1
  -0.0000000000000000       -0.0000000000000000     
  -0.0000000000000000       -0.0000000000000000     
  -0.0000000000000000       -0.0000000000000000     
  -0.0000000000000000       -0.0000000000000000     
  -0.0000000000000000       -0.0000000000000000     
  -0.0000000000000000       -0.0000000000000000     
  -0.0000000000000000       -0.0000000000000000     
  -0.0000000000000000       -0.0000000000000000     
  -0.0000000000000000       -0.0000000000000000     
  -0.0000000000000000       -0.0000000000000000     
 comp:           2
  -0.0000000000000000       -0.0000000000000000     
  -0.0000000000000000       -0.0000000000000000     
  -0.0000000000000000       -0.0000000000000000     
  -0.0000000000000000       -0.0000000000000000     
  -0.0000000000000000       -0.0000000000000000     
  -0.0000000000000000       -0.0000000000000000     
  -0.0000000000000000       -0.0000000000000000     
  -0.0000000000000000       -0.0000000000000000     
  -0.0000000000000000       -0.0000000000000000     
  -0.0000000000000000       -0.0000000000000000     
 comp:           3
   1.0000000000000000       -325.00000000000000       -325.00000000000000     
   1.0000000000000000       -325.00000000000000       -325.00000000000000     
   1.0000000000000000       -325.00000000000000       -325.00000000000000     
   1.0000000000000000       -325.00000000000000       -325.00000000000000     
   1.0000000000000000       -325.00000000000000       -325.00000000000000     
   1.0000000000000000       -325.00000000000000       -325.00000000000000     
   1.0000000000000000       -325.00000000000000       -325.00000000000000     
   1.0000000000000000       -325.00000000000000       -325.00000000000000     
   1.0000000000000000       -325.00000000000000       -325.00000000000000     
   1.0000000000000000       -325.00000000000000       -325.00000000000000     
 
 part:           3
 comp:           0
  0.99962831386173390        225.08682649895277        225.17051925970779     
  0.99996447896708773        225.16252097028229        225.17051925970779     
  0.99999646357270366        225.16972296053714        225.17051925970779     
  0.99999964651326978        225.17043966491718        225.17051925970779     
  0.99999996465288610        225.17051130057979        225.17051925970779     
  0.99999999646530391        225.17051846379843        225.17051925970779     
  0.99999999964653086        225.17051918011697        225.17051925970779     
  0.99999999996465305        225.17051925174869        225.17051925970779     
  0.99999999999646516        225.17051925891184        225.17051925970779     
  0.99999999999964662        225.17051925962821        225.17051925970779     
 comp:           1
  0.99958057979277248        33.579776509291626        33.593866455722058     
  0.99995991730748346        33.592519923102472        33.593866455722058     
  0.99999600942134814        33.593732396755748        33.593866455722058     
  0.99999960111818231        33.593853055739544        33.593866455722058     
  0.99999996011357783        33.593865115782918        33.593866455722058     
  0.99999999601137513        33.593866321728726        33.593866455722058     
  0.99999999960113783        33.593866442322735        33.593866455722058     
  0.99999999996011391        33.593866454382130        33.593866455722058     
  0.99999999999601119        33.593866455588056        33.593866455722058     
  0.99999999999960110        33.593866455708657        33.593866455722058     
 comp:           2
  0.99900842268527634        20.172851017472745        20.192873813064857     
  0.99990523802161280        20.190960296393008        20.192873813064857     
  0.99999056562560507        20.192683305933194        20.192873813064857     
  0.99999905697876523        20.192854770756060        20.192873813064857     
  0.99999990570203667        20.192871908917983        20.192873813064857     
  0.99999999057024480        20.192873622651000        20.192873813064857     
  0.99999999905702508        20.192873794023484        20.192873813064857     
  0.99999999990570265        20.192873811160723        20.192873813064857     
  0.99999999999056988        20.192873812874435        20.192873813064857     
  0.99999999999905698        20.192873813045814        20.192873813064857     
 comp:           3
  0.99963452548330844       -221.64470764216898       -221.72574275083892     
  0.99996507273034840       -221.71799847603316       -221.72574275083892     
  0.99999652268827544       -221.72497174131402       -221.72574275083892     
  0.99999965242223177       -221.72566568390010       -221.72574275083892     
  0.99999996524375656       -221.72573504448502       -221.72574275083892     
  0.99999999652439087       -221.72574198020689       -221.72574275083892     
  0.99999999965243935       -221.72574267377578       -221.72574275083892     
  0.99999999996524402       -221.72574274313263       -221.72574275083892     
  0.99999999999652434       -221.72574275006826       -221.72574275083892     
  0.99999999999965250       -221.72574275076187       -221.72574275083892     
 
 part:           4
 comp:           0
  0.99964450537475624        103.89604260900511        103.93299022841683     
  0.99996602607978402        103.92945921729900        103.93299022841683     
  0.99999661759868774        103.93263868533430        103.93299022841683     
  0.99999966190904865        103.93295508961329        103.93299022841683     
  0.99999996619239573        103.93298671469142        103.93299022841683     
  0.99999999661925421        103.93298987704581        103.93299022841683     
  0.99999999966192599        103.93299019327978        103.93299022841683     
  0.99999999996619249        103.93299022490311        103.93299022841683     
  0.99999999999661904        103.93299022806544        103.93299022841683     
  0.99999999999966205        103.93299022838170        103.93299022841683     
 comp:           1
  0.99967182133774213        19.810793070187383        19.817296684102740     
  0.99996863720954310        19.816675158379415        19.817296684102740     
  0.99999687756517774        19.817234805885491        19.817296684102740     
  0.99999968789428806        19.817290499011250        19.817296684102740     
  0.99999996879080588        19.817296065620880        19.817296684102740     
  0.99999999687909413        19.817296622254823        19.817296684102740     
  0.99999999968790965        19.817296677917952        19.817296684102740     
  0.99999999996879096        19.817296683484262        19.817296684102740     
  0.99999999999687905        19.817296684040890        19.817296684102740     
  0.99999999999968792        19.817296684096554        19.817296684102740     
 comp:           2
  0.99983409797169787        55.698868333241975        55.708110421753823     
  0.99998414537217561        55.707227190396289        55.708110421753823     
  0.99999842153579799        55.708022488495757        55.708110421753823     
  0.99999984222322580        55.708101632307866        55.708110421753823     
  0.99999998422301872        55.708109542848007        55.708110421753823     
  0.99999999842230869        55.708110333863623        55.708110421753823     
  0.99999999984223098        55.708110412964807        55.708110421753823     
  0.99999999998422318        55.708110420874924        55.708110421753823     
  0.99999999999842226        55.708110421665928        55.708110421753823     
  0.99999999999984224        55.708110421745033        55.708110421753823     
 comp:           3
  0.99956230233981846       -85.418958581444898       -85.456362631416297     
  0.99995817089415484       -85.452788068178648       -85.456362631416297     
  0.99999583555370009       -85.456006752983129       -85.456362631416297     
  0.99999958373911657       -85.456327059275296       -85.456362631416297     
  0.99999995837574840       -85.456359074359156       -85.456362631416297     
  0.99999999583759303       -85.456362275712138       -85.456362631416297     
  0.99999999958375951       -85.456362595845903       -85.456362631416297     
  0.99999999995837607       -85.456362627859264       -85.456362631416297     
  0.99999999999583733       -85.456362631060571       -85.456362631416297     
  0.99999999999958378       -85.456362631380728       -85.456362631416297     
 
 part:           5
 comp:           0
   1.0515341538596426        2.4616195392562674        2.3409791590895308     
   1.0049249906811943        2.3525084596329169        2.3409791590895308     
   1.0004903257035509        2.3421270013427091        2.3409791590895308     
   1.0000490109421629        2.3410938926837015        2.3409791590895308     
   1.0000049008780394        2.3409906319428821        2.3409791590895308     
   1.0000004900856423        2.3409803063698056        2.3409791590895308     
   1.0000000490085426        2.3409792738175077        2.3409791590895308     
   1.0000000049008539        2.3409791705623277        2.3409791590895308     
   1.0000000004900853        2.3409791602368104        2.3409791590895308     
   1.0000000000490084        2.3409791592042586        2.3409791590895308     
 comp:           1
  0.12246187461177870       -4.7716163589014371E-002 -0.38964096981433033     
  0.73981187360021616      -0.28826101590974501      -0.38964096981433033     
  0.91897723607949489      -0.35807118150330719      -0.38964096981433033     
  0.97449112860216247      -0.37970166842400788      -0.38964096981433033     
  0.99194427586801848      -0.38650212965098835      -0.38964096981433033     
  0.99745362936426618      -0.38864879949031628      -0.38964096981433033     
  0.99919487737587276      -0.38932726105424592      -0.38964096981433033     
  0.99974539530530049      -0.38954176539416835      -0.38964096981433033     
  0.99991952159275577      -0.38960961212968259      -0.38964096981433033     
  0.99997452404895515      -0.38963104334005827      -0.38964096981433033     
 comp:           2
 -0.80715053256358960       0.44692487270918924      -0.55370696627023441     
  0.45239620937198244      -0.25049493264351419      -0.55370696627023441     
  0.82828812821399500      -0.45862890667102213      -0.55370696627023441     
  0.94581900716173972      -0.52370657309625201      -0.55370696627023441     
  0.98287755440843283      -0.54422614886660059      -0.55370696627023441     
  0.99458648238544911      -0.55070946385503095      -0.55370696627023441     
  0.99828820967481635      -0.55275913604238625      -0.55370696627023441     
  0.99945866685082185      -0.55340722633446149      -0.55370696627023441     
  0.99982888792911118      -0.55361222032457036      -0.55370696627023441     
  0.99994583326616082      -0.55367697377236758      -0.55370696627023441     
 comp:           3
   1.0800145014575169        2.4202380217499986        2.2409310416515740     
   1.0358660378455087        2.3213043592006244        2.2409310416515740     
   1.0123920752023596        2.2687008276430225        2.2409310416515740     
   1.0040250128216504        2.2499508178266558        2.2409310416515740     
   1.0012835046514263        2.2438072870670593        2.2409310416515740     
   1.0004069506623987        2.2418429900233638        2.2409310416515740     
   1.0001287956757166        2.2412196638793178        2.2409310416515740     
   1.0000407416051762        2.2410223407793000        2.2409310416515740     
   1.0000128793212388        2.2409599033223335        2.2409310416515740     
   1.0000040771554100        2.2409401782756939        2.2409310416515740     
 
 part:           6
 comp:           0
   1.0000000000000000        318.55551135278580        318.55551135278580     
   1.0000000000000000        318.55551135278580        318.55551135278580     
   1.0000000000000000        318.55551135278580        318.55551135278580     
   1.0000000000000000        318.55551135278580        318.55551135278580     
   1.0000000000000000        318.55551135278580        318.55551135278580     
   1.0000000000000000        318.55551135278580        318.55551135278580     
   1.0000000000000000        318.55551135278580        318.55551135278580     
   1.0000000000000000        318.55551135278580        318.55551135278580     
   1.0000000000000000        318.55551135278580        318.55551135278580     
   1.0000000000000000        318.55551135278580        318.55551135278580     
 comp:           1
   1.0060603926995757       -53.342853415889984       -53.021522170010464     
   1.0018749347716369       -53.120934065572136       -53.021522170010464     
   1.0005917191706957       -53.052896021137926       -53.021522170010464     
   1.0001870884861530       -53.031441886326775       -53.021522170010464     
   1.0000591624233699       -53.024659051752806       -53.021522170010464     
   1.0000187089023886       -53.022514144493236       -53.021522170010464     
   1.0000059162612300       -53.021835859186432       -53.021522170010464     
   1.0000018709847942       -53.021621372472211       -53.021522170010464     
   1.0000005914105730       -53.021553527499272       -53.021522170010464     
   1.0000001872155737       -53.021532096465151       -53.021522170010464     
 comp:           2
   1.0128918653744230       -76.318644223423917       -75.347277268548467     
   1.0039870755319611       -75.647692554145792       -75.347277268548467     
   1.0012581691422187       -75.442076887757949       -75.347277268548467     
   1.0003977922296039       -75.377249829967710       -75.347277268548467     
   1.0001257913317445       -75.356755302899401       -75.347277268548467     
   1.0000397787978519       -75.350274492659622       -75.347277268548467     
   1.0000125791194032       -75.348225070945929       -75.347277268548467     
   1.0000039780754340       -75.347577005701183       -75.347277268548467     
   1.0000012574530996       -75.347372014215821       -75.347277268548467     
   1.0000003980564542       -75.347307261018500       -75.347277268548467     
 comp:           3
  0.99902359483141745        304.64342820186380        304.94117434060360     
  0.99969931198766215        304.84948218501114        304.94117434060360     
  0.99990523852998203        304.91227766665406        304.94117434060360     
  0.99997005187877763        304.93204192534876        304.94117434060360     
  0.99999053093163703        304.93828683177708        304.94117434060360     
  0.99999700573492611        304.94026126589569        304.94117434060360     
  0.99999905314570292        304.94088560574232        304.94117434060360     
  0.99999970056391596        304.94108303021250        304.94117434060360     
  0.99999990534962291        304.94114547780646        304.94117434060360     
  0.99999997003770735        304.94116520386689        304.94117434060360     
 
 part: i_fks+j_fks
 comp:           0
   1.0003759479574683        321.01713089204208        320.89649051187536     
   1.0000359284095783        320.90801981241873        320.89649051187536     
   1.0000035769859974        320.89763835412850        320.89649051187536     
   1.0000003575408194        320.89660524546952        320.89649051187536     
   1.0000000357525047        320.89650198472867        320.89649051187536     
   1.0000000035752348        320.89649165915563        320.89649051187536     
   1.0000000003575231        320.89649062660328        320.89649051187536     
   1.0000000000357523        320.89649052334812        320.89649051187536     
   1.0000000000035751        320.89649051302263        320.89649051187536     
   1.0000000000003575        320.89649051199007        320.89649051187536     
 comp:           1
  0.99961443340427014       -53.390569579478999       -53.411163139824794     
  0.99996315267769476       -53.409195081481883       -53.411163139824794     
  0.99999633153123724       -53.410967202641231       -53.411163139824794     
  0.99999963331496899       -53.411143554750780       -53.411163139824794     
  0.99999996333311447       -53.411161181403791       -53.411163139824794     
  0.99999999633332759       -53.411162943983555       -53.411163139824794     
  0.99999999963333297       -53.411163120240680       -53.411163139824794     
  0.99999999996333333       -53.411163137866382       -53.411163139824794     
  0.99999999999633338       -53.411163139628954       -53.411163139824794     
  0.99999999999963340       -53.411163139805211       -53.411163139824794     
 comp:           2
  0.99961443340426992       -75.871719350714727       -75.900984234818708     
  0.99996315267769464       -75.898187486789311       -75.900984234818708     
  0.99999633153123713       -75.900705794428973       -75.900984234818708     
  0.99999963331496911       -75.900956403063958       -75.900984234818708     
  0.99999996333311436       -75.900981451766000       -75.900984234818708     
  0.99999999633332748       -75.900983956514651       -75.900984234818708     
  0.99999999963333286       -75.900984206988312       -75.900984234818708     
  0.99999999996333289       -75.900984232035640       -75.900984234818708     
  0.99999999999633316       -75.900984234540388       -75.900984234818708     
  0.99999999999963318       -75.900984234790869       -75.900984234818708     
 comp:           3
  0.99961443340427014        307.06366622361378        307.18210538225514     
  0.99996315267769487        307.17078654421175        307.18210538225514     
  0.99999633153123735        307.18097849429711        307.18210538225514     
  0.99999963331496922        307.18199274317539        307.18210538225514     
  0.99999996333311469        307.18209411884413        307.18210538225514     
  0.99999999633332781        307.18210425591906        307.18210538225514     
  0.99999999963333308        307.18210526962162        307.18210538225514     
  0.99999999996333333        307.18210537099179        307.18210538225514     
  0.99999999999633327        307.18210538112879        307.18210538225514     
  0.99999999999963363        307.18210538214259        307.18210538225514     
