   0.0000000000000000        0.0000000000000000        0.0000000000000000        0.0000000000000000        0.0000000000000000        0.0000000000000000        0.0000000000000000        0.0000000000000000        0.0000000000000000        0.0000000000000000        0.0000000000000000        0.0000000000000000        0.0000000000000000     
   2.9459694886996367E-002  0.15568614236924361       0.26220072223853497        1.9843690254271500E-002   3.3900743589855217E-002   3.4084826630755724E-002   8.7642022239851781E-003   6.0766875735200392E-002  0.35050916040769936       0.20665701239787848        9.5219876523421315E-002   2.0013267451669037E-002   2.7441662271779476E-002
   1.5216364413941319        1.9142921450555079        1.3698587401542297        1.7234011743256950        1.5917047112748592        1.5358197673661960        1.5014361028761634        1.5128123726184668        1.5731585669444852        1.5737985404239192        1.5003107976578414        1.9894947119951625        1.5777430097386482     
   5.9571091176692535E-002  0.34129114636807556       0.42428056920560087        4.1304372579453144E-002   6.8015200565619993E-002   6.5827535774974077E-002   1.5538741983539869E-002  0.11294550429261271       0.51732104015389424       0.27749913852784064       0.15737883391275018        3.9502459597640226E-002   5.6618723380417089E-002
   1.2392901286801408        1.3112247195872171        1.2877472171641702        1.9172364503230503        1.4967430649282776        1.7348086571486860        2.1059501790924422        1.4801484392097768        1.8464707102831148        1.9374573532569463        1.8029353562404882        1.8178580602847014        1.7976369099573000     
   9.1809831557396387E-002  0.54849052686468902       0.53447347416687518        6.5429382048694099E-002  0.10291171132999745       0.10046379084388503        2.2313559605117297E-002  0.15258434301615489       0.58782518882915302       0.30506103391243300       0.20021965467243286        5.7654997792324282E-002   8.7015183917597355E-002
   1.5372458975231658        1.5252345608049958        1.7694497437217580        1.6110984420198164        1.4105511553859276        1.5350278874272247        1.4520306921726234        1.3685330206355790        1.5205049425942918        1.9038497684859230        1.5275839131824067        1.4426201806637713        1.5304100410351325     
  0.12164588578129516       0.72397836901494583       0.61773199921704935        9.1436071561379090E-002  0.13844950958406751       0.12740735905101522        3.0636018587480867E-002  0.18729667942615849       0.64141015009771185       0.32650002301829295       0.22463418549111741        7.7077220268589403E-002  0.11759867416499403     
   1.5065799148672256        1.4648016385131133        1.3769274441771662        1.6770798915821663        1.4525824612713929        1.4385065868019571        1.5378411805212897        1.5019301084290531        1.4556682667612422        1.5398559443311275        1.1940779917930013        1.6251469444967819        1.8902223963658138     
  0.15035208380575521       0.81105910750615295       0.67381749004183433       0.12240969614717921       0.16387207527455311       0.16617077097572736        4.0152302219410997E-002  0.21816336566372019       0.68383805187720881       0.34665793188131416       0.25376257463038054       0.10098584860205258       0.14977078793228377     
   1.3802963260972780        1.3621122734134907        1.4689429085426822        1.4338940473486472        1.4474699620866269        1.4454659946699293        1.6645427177243259        1.4877341713451300        1.5909063152534957        1.4139745180905749        1.4008987851036465        1.6665777745658916        1.5893723764952532     
  0.17808486198423776       0.86568282651638373       0.72505965065881239       0.14274311418063979       0.19066330164907699       0.19667353680669952        5.1709385941611161E-002  0.24394610654633517       0.71785447669896585       0.36254273460912190       0.28575060144493591       0.12533604230390910       0.18608195167316280     
   1.5990438873280430        1.6426745497748039        1.6487242621739309        1.3634619186510804        1.5158997553705231        1.3667462333865916        1.6342834400655892        1.4078054185613209        1.5796818945082742        1.3504259476761125        2.1427152319844516        1.6467295195942655        1.4207084481614713     
  0.20513188047133099       0.90077939200427659       0.76521165277975178       0.17119335317086198       0.21833287019666187       0.23442467451041477        6.0890372129918366E-002  0.26511281902532841       0.74650145228424458       0.37618839110578683       0.31302717266540875       0.14953324146330135       0.22773788547490539     
   1.3576246012331725        1.4915649264478323        1.5746549706507660        1.4944989270074889        1.7146254076313183        1.4937585414911274        1.5820202529359710        1.4016521500949859        1.4173864354118497        1.3010662051713839        1.7289247057423087        1.5106974206667168        1.5929985597158520     
  0.23148477696867845       0.92525814291544084       0.79643975957880331       0.19779269380230116       0.24965574919117642       0.26451975829569402        7.3062969282476284E-002  0.29072637914639327       0.77264512620832115       0.38976282712326493       0.33750151696756769       0.17557217457800603       0.26660932129933940     
   1.3475325235606557        1.5520283027592754        1.3666451605369467        1.5626759431255042        1.6083136369907503        1.5152851188371490        1.6960349492613671        1.7115434154776688        1.5211859901861895        1.7796676367285249        1.6780843448206666        1.5128302281633177        1.4453792034318715     
  0.27055495605590985       0.94169539625760901       0.82297737353082734       0.23288410596057374       0.28117763165279924       0.29610312159520152        8.3613398330408359E-002  0.31304324521477528       0.79680282389196810       0.40377052612343589       0.36318477326030735       0.20799487798161753       0.30452614082076984     
   1.6285561206761894        1.4212033128852524        1.3645447472921850        1.7407654368485750        1.4730687584731772        1.3891708136287533        1.4940448961019570        1.7004593433247006        1.5517623400665310        1.5689497369603385        1.6394861593389676        1.8693960349027201        1.9389211693390507     
  0.30069941336501693       0.95399736883992325       0.84698765532537668       0.25560865706118679       0.31215839180131094       0.32959588689104941        9.6049470421029834E-002  0.33653148445627706       0.81596129116271099       0.41628080360508390       0.39031434976849405       0.24057376132757055       0.34191951199538562     
   1.3755380734172298        1.6448955685503270        1.4104213151506231        1.3088766891404098        1.4407518189003297        1.5921696214930701        1.4222916827066123        1.6925880703877598        1.4240017171368025        1.2702013800305600        1.8619300537553236        1.3693160696376945        1.4783644843515888     
  0.33710120835592833       0.96304450371985018       0.86758146067897624       0.28450652030596985       0.34656915887927636       0.36741381934057815       0.11151093892814791       0.35618700059265906       0.83289266254220851       0.43163970391343021       0.41724428751464754       0.27615727212057661       0.37420788424039064     
   1.6803577757769703        1.3309820687509828        1.6310051011440867        1.4947111667123023        1.3276402400523317        2.2473610614929371        1.6130568835183940        1.2165936565002347        1.4242314472067825        1.2135782546257068        1.5172414540848955        1.5290816537234981        1.5787473005114536     
  0.36633587092520165       0.97026278568151869       0.87971342741368519       0.31646758848723161       0.37796873821267446       0.40162691691416619       0.12745558332539259       0.38038116880745604       0.84738386954296652       0.44558082897805990       0.44646325974086243       0.31200277927061643       0.40741776321994921     
   1.2766216934326304        1.3787292330945258        1.3367527872646074        1.6751454378462134        1.6279392247222078        1.4811010291565299        1.3488356906733248        1.4469326183265405        1.4318375354720052        1.4694732113033546        1.6400169599037702        1.3959293198636382        1.6224867297497030     
  0.39500840299451440       0.97583959968750533       0.89339589671715158       0.34743885264167457       0.41012105317213282       0.43033815316313351       0.14583894521023039       0.40459719584331033       0.85928867528661512       0.45805312718833219       0.47662564910607691       0.34472431309517720       0.43249250154827101     
   1.4589991076801776        1.3489523459627977        1.3314423394386696        1.4971564582953418        1.6735744900354801        1.4302031916945024        1.2913345606319624        2.0375717559240298        1.4246582373276320        1.4012680222993930        1.4668461130449977        1.5782864769846310        1.4376659613013769     
  0.42788237653860633       0.98038225741558094       0.90600056501937354       0.38454329509230090       0.44683531865927101       0.45567426479003342       0.16573005347402822       0.43101119798129611       0.87254533349609265       0.47233184816844653       0.50521089731824398       0.37904849102950755       0.45692396453168876     
   1.6472546798394252        1.5868589672217543        1.4633135663594985        1.9144122734931517        1.3473676680419910        1.5333177259706223        1.5535144313580700        1.5018679114208728        1.3935797811600985        1.6239153849430168        1.3416170156853953        1.5750734135258146        1.4084684210102820     
  0.45020061584617199       0.98403657172267778       0.91826411550010245       0.41827528813220116       0.48011955163686881       0.48011388597644028       0.18584314885198158       0.46453708128086907       0.88395110944026412       0.48905406539687701       0.53599033470677282       0.41302453528049182       0.47900753260298179     
   1.3030594769514263        1.4184828302044723        1.5373512466580936        1.4306140206600237        1.7025762965459028        1.4210791367088447        1.4688260429417719        1.6128453708584960        1.3059173589760464        1.6652147627682536        1.4199280482317092        1.5350033865049773        1.4346250466877519     
  0.48230652091635473       0.98693749761385841       0.93011982810033134       0.45937307859733856       0.50785781986545675       0.50999621892231806       0.20727540505419573       0.50265508756887889       0.89492375550797165       0.50181646510304734       0.56659648496471859       0.45055547546840302       0.49967787355800763     
   1.4433486806065656        1.4034465117695987        1.4104453358131963        1.2831685936587909        1.6760366268727234        1.5240933770106844        1.4029811259699450        1.7371615183387070        1.6070603480918366        1.5553460383020161        1.4858097953069336        1.4783284473181226        1.5458196908046993     
  0.51862824460220525       0.98940540370435115       0.94024981848942757       0.50151154859393976       0.54364345889884946       0.54116860421113278       0.23540124278827082       0.53861469088396374       0.90501748489907963       0.51617330628021607       0.59573890794956463       0.48778968772045661       0.52535113738670547     
   1.7547583837469816        1.4882698430230579        1.4632645275274443        1.5398079494178298        1.6266357682243540        1.3876002786039010        1.6443773063071578        1.3971745238077238        1.6616088685933899        1.4051110603711292        1.4620587199422659        1.2773339077840875        1.5000886030831291     
  0.55062648830782712       0.99129629588757451       0.94900320713711850       0.53579761875874909       0.57739707007439789       0.57447558392707287       0.25424035557451458       0.57053447112512334       0.91475561052096999       0.53103615727116604       0.61767646446819913       0.52226743771982365       0.55582438486703845     
   1.6981712920267276        1.4689578757150172        1.3360230438785234        1.4137061907563939        1.5375240898009461        1.5203753224886927        1.3137254567137517        1.3839963853467971        1.5790851702174540        1.7288123912422331        1.2862845096439459        1.3647583789049169        1.5324638437468574     
  0.57972954386014985       0.99278039812564933       0.95719467047861917       0.56798660976907822       0.61288775787306593       0.60465783499725156       0.28224825188383496       0.59498662565107485       0.92372423741444432       0.54286726129942076       0.64594950697454900       0.55045590959727064       0.58685678583412548     
   1.3795917555019910        1.2522372116614413        1.9260889026352157        1.2903850376155550        1.7691123472773946        1.4738112926150111        1.5783294770028911        1.5523455313448704        1.5760742494830697        1.4020083359254241        1.7451182839674673        1.2507196698241843        1.4904786813885607     
  0.60867324987628058       0.99400844292996848       0.96507880020879500       0.59988369600839297       0.63909984223039873       0.63244317922558912       0.30606470432109972       0.61744385546831848       0.93163809516381701       0.55883789572882248       0.67427474217511607       0.58017684718237694       0.62147679063996786     
   1.3613153390721737        1.6756721991717198        1.6202782736817585        1.2805247281942704        1.5838166396381010        1.6157928015262171        1.3330300819262655        1.2696404088339033        1.5426513454656265        1.7375993163721504        1.6356037256203864        1.3659462064629011        1.5022895339372493     
  0.63549100920929358       0.99503762090904424       0.97090092963438390       0.63327871625748589       0.66612453859050003       0.66610502200290833       0.33418223985724860       0.63897019775747776       0.93908476885785142       0.57088238876442488       0.70392238974562216       0.61499699926662088       0.65568025749330661     
   1.4369011603457547        1.4517350136901153        1.2719648178991683        1.4102689768315644        1.3578785349164211        1.4308360346224605        1.5415456819524200        1.3403470846673147        1.3050237194635872        1.2690917584589911        1.6827918580048835        1.3906792030330402        1.4039915172964244     
  0.66138151792645994       0.99590738994541339       0.97627409895891892       0.67368728076771589       0.69355499064764481       0.69849832397660605       0.37139349172304320       0.65984961645635554       0.94522681403613851       0.58518069813830254       0.73156737966450680       0.65022674405778969       0.68842294162630857     
   1.3562519884489497        1.3302091928667208        1.6121135566473168        1.5187949136997003        1.3567496648189044        1.6115595077168419        1.3245386154148242        1.6651945568195816        1.4796534508808272        1.6732448151636703        1.4158958806632027        1.5493390965718328        1.4856586934672524     
  0.69191319571218868       0.99672825248489805       0.98086103082485354       0.70787341617927724       0.72101422269870630       0.73101593134921972       0.40513749409044109       0.68526206647819032       0.95106936469728665       0.59940110760462328       0.75487656229258115       0.68966525587647143       0.72328415378468525     
   1.4926392135983975        1.5920895223785532        1.5306397008681349        1.5738850800826478        1.3779439820027417        1.4304365897638558        1.3313908757780539        1.5205532037785494        1.2103115498230033        1.4283721670918981        1.1997804330243818        1.9077880884673848        1.4529434505051828     
  0.72549271769030044       0.99750953156493671       0.98460689318179062       0.74637703691566981       0.74648136161934109       0.76670915105244997       0.44239283926548306       0.70979164519230376       0.95807034246049416       0.61498425620664032       0.77775854116661269       0.72709747498139754       0.75550033256882287     
   1.6510758523295435        1.6816378349865497        1.4934536068346527        1.5170954027981314        1.3875655973699050        1.7389463236709373        1.2819038913056813        2.0137697870381088        2.1931722468757315        1.4310259897432929        1.3493483068531795        1.7551614065512742        1.5178904872851660     
  0.75923960815888858       0.99800391794661225       0.98807094809317664       0.78387334819341736       0.77283689997890670       0.79562072294082176       0.48783649096916049       0.73363904000358426       0.96445872611497785       0.63239579030307380       0.80235714472119957       0.76718702429316887       0.79508928066245144     
   1.6062853090221656        1.3590797143533959        1.8891062633756017        1.4999055416710296        1.5253850742014912        1.4080193920744295        1.4658778568970072        1.5157624812095525        1.4896937802373269        1.5463273273814637        1.3212371110461234        1.5463568972312562        1.5107038626134983     
  0.79274596713099854       0.99849777514691618       0.99081787975828917       0.81828585465490600       0.80585977331663727       0.82543263768947583       0.53369496755499957       0.76101481427091977       0.96956350783785217       0.64863057411910396       0.82915929240388786       0.81013669809271394       0.82606270433707507     
   1.6197403909800243        1.3670598317360541        1.4705212791785671        1.4895997093632418        1.1914913488221075        1.4718773811706287        1.3288078208747389        1.4003699040511590        1.5844672101670831        1.4407025753132006        1.4544819544699972        1.2907454572801356        1.3183448035970948     
  0.82339172520528991       0.99892506862151387       0.99285724025279920       0.84653327166453940       0.83429538657885183       0.85611840790701965       0.58435545560044966       0.78687001257969502       0.97419347438435622       0.66598867314391064       0.85961273897005497       0.84571167728953101       0.85656177788800225     
   1.6346790242616398        1.6183227813267114        1.5194244966873147        1.6909015973192492        1.5448312682460164        1.4794815727076336        1.7556005013888960        1.4148381084578856        1.4576452239871864        1.4873733016678139        1.5375463610021467        1.6228836343342852        1.4975410684416963     
  0.85434064537990995       0.99928903310209416       0.99457397053617935       0.87572570384633130       0.87033443935660160       0.88213589083476018       0.63918727108598783       0.81499781854634867       0.97850112979048232       0.68571540050765178       0.89003802509997498       0.88006853372199667       0.88688623325278604     
   1.8327087458703673        1.8537704234253183        1.6756224180900556        1.4178675690568128        1.7214237344580245        1.3363668019586596        1.7059324449213735        1.4345676195552550        1.2426403474929524        1.2959149116157513        1.6689256162165933        1.5505584463430466        1.4911867652194415     
  0.88662487185346672       0.99955302085259501       0.99633500685532395       0.90570547050889116       0.90659501404673959       0.90853981712237453       0.69862740010610369       0.84906419619150764       0.98253031040137428       0.70616148377407040       0.91926061689060123       0.91173654693026096       0.91758508875234968     
   1.4932065125440626        1.6185143288961115        1.6418326974220536        1.4151536940690328        1.4509531863287946        1.3704153991804804        1.4749414652647908        1.2978857455607560        1.3123140663577244        1.3028192541235704        1.4819543467372447        1.3132504557180213        1.4345252218779421     
  0.92077310144589208       0.99973528915649079       0.99764655413672998       0.93117560375853070       0.93955450006330088       0.94016830343472058       0.76599860047450719       0.89167516081430898       0.98674368606374685       0.73548514217640870       0.94538042252523835       0.93962091532099534       0.94694588929327916     
   1.6737308248388980        1.6862732601280634        1.5297734675898436        1.3334338207414356        1.5804120847160401        1.3396365830914838        1.3629721038143183        1.5507347438423480        1.5539178602465549        1.5249566353459845        1.3766848122426585        1.2894393674587930        1.3990586181893006     
  0.95952445546455833       0.99986959958480315       0.99892799489672868       0.96440452872063753       0.97063242856659770       0.97318391545916827       0.84949438686790357       0.94337017376741816       0.99171444760331251       0.80967180111814441       0.97235982204478932       0.96554250009689235       0.97444181601827795     
   1.4674635621847392        1.4257481300789434        1.7318222513457420        1.5030436317659619        1.5742712631937339        1.7313036443705172        1.6249240460088030        1.5466306375939705        1.7184488401982592        2.0308926867292385        1.2183242883790824        1.3927639002182748        1.3952362630935908     
   1.0000000000000000        1.0000000000000000        1.0000000000000000        1.0000000000000000        1.0000000000000000        1.0000000000000000        1.0000000000000000        1.0000000000000000        1.0000000000000000        1.0000000000000000        1.0000000000000000        1.0000000000000000        1.0000000000000000     
   1.8095841308611409        1.9497645178385059        1.5245515682911635        1.5575081209903727        1.4185096984114125        1.5427308297726507        1.7913805008652324        1.5177961433153568        1.6620612437681805        1.4456591610659322        1.5486334166143694        1.2765839392416929        1.2841324878387608     
   31.490196925661273       -1.0264408762189827        12.413419742370296        44.422724981870601        37.399422192185042        55.262910288326331        43.687002774545924        48.019907059076047        21.347474506212471        53.104395830306593        49.379008105966577        63.094549544795619        42.373369351089309     
   29.215184159926988       -1.2978813093339276        9.8937647982643355        64.490244973422321        40.504828133674600        42.710831409340635        27.085175084284870        77.100688410445443        17.915491759471163        31.339941489109272        34.134721241152143        68.657176090267740        49.752293874270904     
   35.748102043118486       -6.4862587484991394        2.0257949147245267        57.354069840330538        21.788372880058336        45.917873342900776        51.429858233248616        66.280139624895384        10.702332918247492        43.605992715832642        51.941401777715804        56.738782597222013        38.087932617574765     
   60.721166000008097       -4.5483172914572041      -0.99342782282345787        51.020121524740063        41.581971700679468        59.967907340711200        55.464672369323452        62.700352262033000        4.3459839546523629        51.136751398345055        51.971064479993288        35.254492070844016        33.703296924623075     
   46.092477354927126        7.9015014155230539        4.1760404082409108        40.706151604629987        42.381763836770965        69.505506103703368        34.866986822741282        38.449046822245393        3.3292489980777402        48.902145794892007        58.806865702103224        38.767158254167171        24.579466731319471     
   53.947504628987097       -10.340923019299725        11.780197716881018        29.872464316632616        45.179923190012374        41.462348490957929        33.028729479218008        16.832825441718700        20.661620517291347        59.996160280660199        54.677529925415350        35.303037382972889        29.504918091141619     
   42.883517849561741        20.097660017663628        35.254732934448000        55.225440905467231        46.663815214949743        25.455631071919505        7.5675413779160463        21.328942662745717        42.255144790259273        45.262333959986243        55.448131595999214        37.164860247746084        49.710786849871297     
   40.925734234654954        68.873219509685640        77.406311994190375        56.717310774317824        54.343749348541571        26.219643596237422        8.8230574998919451        13.447018515290731        84.502939829914752        27.185473785610458        20.972632772693839        44.746444618303812        66.263961735551305     
   7.9191286008437158     
           1           1           1           1           1           1           1           1           1           1           1           1           1
   3.3035942730830170       0.44384358091248766        3.8088134199969176E-002   42.553887040533652       0.16572490340890375        8.8059234361707943E-005
   6.7001965663875548E-002   7.5748287667391848E-002   2.5993125358513745E-002   1.1583045529999905        2.5980578612694798E-002   1.3414673107030280E-005
   5.5031285373487301E-003   46.246841661218731     
