     
 Soft #          91
 ME*wgt:
  0.97159805568952762        3.7946812352483927E-013   3.9056080989739815E-013
  0.99936866555358428        3.9031423540468992E-013   3.9056080989739815E-013
   1.0000011991023361        3.9056127821977765E-013   3.9056080989739815E-013
   1.0000008648816487        3.9056114768627537E-013   3.9056080989739815E-013
   1.0000000940295055        3.9056084662163796E-013   3.9056080989739815E-013
   1.0000000098607353        3.9056081374861497E-013   3.9056080989739815E-013
   1.0000000026477975        3.9056081093152406E-013   3.9056080989739815E-013
  0.99999997235348592        3.9056079909975321E-013   3.9056080989739815E-013
   1.0000000004699066        3.9056081008092526E-013   3.9056080989739815E-013
   1.0000000000469909        3.9056080991575096E-013   3.9056080989739815E-013
 wgt:
   1.1111111111111112        1.1713031636473037        1.0541728472825733     
   1.0101010101010102        1.0648210578611852        1.0541728472825733     
   1.0010010010010011        1.0552280753579313        1.0541728472825733     
   1.0001000100010000        1.0542782751100843        1.0541728472825733     
   1.0000100001000012        1.0541833891164647        1.0541728472825733     
   1.0000010000010002        1.0541739014564750        1.0541728472825733     
   1.0000001000000101        1.0541729526998687        1.0541728472825733     
   1.0000000100000004        1.0541728578243021        1.0541728472825733     
   1.0000000009999999        1.0541728483367461        1.0541728472825733     
   1.0000000001000002        1.0541728473879908        1.0541728472825733     
     
 Collinear #          27
 ME*wgt:
   1.2253849835880004        5.3877225615873725E-014   4.3967590869375589E-014
   1.0234296871719459        4.4997737769149166E-014   4.3967590869375589E-014
   1.0019104109041717        4.4051587034402606E-014   4.3967590869375589E-014
   1.0000522643238505        4.3969888805783716E-014   4.3967590869375589E-014
  0.99996147479354303        4.3965897008859932E-014   4.3967590869375589E-014
  0.99998230580515046        4.3966812898255681E-014   4.3967590869375589E-014
  0.99999376226836534        4.3967316611343124E-014   4.3967590869375589E-014
  0.99999609756878916        4.3967419288876716E-014   4.3967590869375589E-014
   1.0000000000023905        4.3967590869480697E-014   4.3967590869375589E-014
   1.0000000000002398        4.3967590869386128E-014   4.3967590869375589E-014
 wgt:
   1.0002391427253854       0.18547278113266172       0.18542843727080882     
   1.0000239104129727       0.18543287094132083       0.18542843727080882     
   1.0000023910027078       0.18542888063070442       0.18542843727080882     
   1.0000002390998852       0.18542848160672690       0.18542843727080882     
   1.0000000239099851       0.18542844170439998       0.18542843727080882     
   1.0000000023909987       0.18542843771416798       0.18542843727080882     
   1.0000000002391003       0.18542843731514480       0.18542843727080882     
   1.0000000000239102       0.18542843727524247       0.18542843727080882     
   1.0000000000023912       0.18542843727125222       0.18542843727080882     
   1.0000000000002396       0.18542843727085323       0.18542843727080882     
     
 Collinear #          46
 ME*wgt:
   1.1227255211018685        2.0907063469017022E-014   1.8621705017000372E-014
   1.0106163603358813        1.8819399747529336E-014   1.8621705017000372E-014
   1.0008208617491892        1.8636990862353512E-014   1.8621705017000372E-014
   1.0000083018668637        1.8621859611916198E-014   1.8621705017000372E-014
  0.99997751221014664        1.8621286256011238E-014   1.8621705017000372E-014
  0.99999037552752557        1.8621525792913010E-014   1.8621705017000372E-014
  0.99999674971302310        1.8621644491115067E-014   1.8621705017000372E-014
  0.99999823692251000        1.8621672185491430E-014   1.8621705017000372E-014
   1.0000000004559770        1.8621705025491443E-014   1.8621705017000372E-014
   1.0000000000455982        1.8621705017849489E-014   1.8621705017000372E-014
 wgt:
   1.0007046791782881        159.60547978059350        159.49308832217199     
   1.0000675004639046        159.50385417962332        159.49308832217199     
   1.0000067217301030        159.49416039166496        159.49308832217199     
   1.0000006718911434        159.49319548416545        159.49308832217199     
   1.0000000671862972        159.49309903792201        159.49308832217199     
   1.0000000067186015        159.49308939374248        159.49308832217199     
   1.0000000006718599        159.49308842932899        159.49308832217199     
   1.0000000000671858        159.49308833288765        159.49308832217199     
   1.0000000000067184        159.49308832324351        159.49308832217199     
   1.0000000000006717        159.49308832227911        159.49308832217199     
