   0.0000000000000000        0.0000000000000000        0.0000000000000000        0.0000000000000000        0.0000000000000000        0.0000000000000000        0.0000000000000000        0.0000000000000000        0.0000000000000000        0.0000000000000000        0.0000000000000000        0.0000000000000000        0.0000000000000000     
   2.8961471928068527E-002  0.17305767901806338       0.34148282730914031        2.5332289130397170E-002   3.3860982704309470E-002   3.1324207533686345E-002   6.8250919121709275E-003   6.6935683551601052E-002  0.43301996187508934       0.26094923958981475        9.5538369108208329E-002   1.8674521076965048E-002   2.6669682848250893E-002
   1.5734461604110330        2.1442475190747614        1.3498790096299709        1.4213504264405703        1.4826793980594646        1.5817129633852338        1.7529320685445127        1.5087240215377802        1.3201918742105250        1.3535210954458228        1.2762131322977348        1.6244348682835708        1.4796485419990657     
   5.9391643490122131E-002  0.39215999189300316       0.52666816780821379        5.5289350059920930E-002   6.8207139706398037E-002   6.6916453973412782E-002   1.2723468146528966E-002  0.12120199442758686       0.60327648211713059       0.35926976180288706       0.16101251699889677        3.1700408404864447E-002   5.2842968573918181E-002
   1.5026626295882197        1.2816025230562151        1.7223310806343848        1.7336243369624389        1.5394541134078659        1.6157062966037483        1.9706062357211869        1.6238557292995877        1.6432116169228914        1.9655108406043769        1.9421267196915166        1.5596232764595408        1.4642836902391643     
   8.8010395733574776E-002  0.65304873000484653       0.62553905738638371        8.4989088149594660E-002   9.7320484161734985E-002   9.3778238414308310E-002   1.8708043186563397E-002  0.16649242986790996       0.67414918862340256       0.40545746755352224       0.19438242416824769        4.8144358573403434E-002   7.9363372231488205E-002
   1.3084988476113446        1.2337798634576995        1.5398369641759095        1.4816846165597144        1.5401640986397915        1.1969923909940556        1.4824630617975361        1.4026993850680143        1.5635330471203539        1.2920932570414478        1.4969000425150929        1.4963982767224198        1.4161805322272640     
  0.11705321472751191       0.81407542641873043       0.69161245476260824       0.11393675276629531       0.13544050572701014       0.12615925033610004        2.4675820543897518E-002  0.20587353175390249       0.72199037981275394       0.44059278809105151       0.22588478163973180        7.1572773402644507E-002  0.11321290207392255     
   1.3523691401368223        1.4990971928057544        1.4678853192806043        1.5465522503599396        1.5479378178859606        1.4926200348659342        2.0361350815362917        1.6594355409138473        1.6860106890516071        1.6268571925953454        1.5013067325955733        1.6609882877483326        1.4223643897338065     
  0.14659911795231650       0.87630550428528009       0.74079700015325711       0.14632643672703063       0.16685645327155754       0.15708274287059476        3.1182566012164969E-002  0.23840154997146856       0.76116258771724143       0.46931625059401544       0.25415442549675565        9.4049437542674211E-002  0.14033022857604385     
   1.4798630302780593        1.2802665193174700        1.4535986975130282        1.5338559014849513        1.4108321337877305        1.9547100849297558        1.7722520665294723        1.3080525966899934        1.4446356274542431        1.4477488814620971        1.5585440898191480        1.4836970496025772        1.4828177962479896     
  0.17342530157638372       0.91332879206789663       0.78242091949263448       0.18182588409263134       0.19702599842124038       0.18628785988914923        3.8108793543480318E-002  0.26237825226269484       0.79338201972140066       0.49633945435783072       0.27933984795713246       0.11862155906150128       0.17330953526378257     
   1.3525773684337381        1.2577848236224296        1.3591611117956470        1.5447777089957950        1.5838732808945180        1.2710116448531839        1.5870253923612736        1.4284859909909271        1.5679704837249564        1.6517517731519025        1.6837880739578532        1.5435681218085249        1.5437005206635057     
  0.20348508499616136       0.93727465622172090       0.81522553616266369       0.20945858455696093       0.22683575350447494       0.21485582950871024        4.6969461826103134E-002  0.28324398183917293       0.81863166318950631       0.51920359706319086       0.30567052425530605       0.14484678179010244       0.21361045866386369     
   1.3814695337360932        1.3770706928860146        1.7519988574861323        1.4909271895338410        1.4021346778047521        1.4908715970945894        1.5555528717315397        1.2328336516362424        1.4057045270197059        1.6347576823368004        1.5651585658184075        1.4568830360215046        1.4128523347033566     
  0.23683939516421459       0.95288991635503362       0.84303247575820539       0.23928730921741401       0.25597681367463582       0.24345429366843149        5.7404278054460203E-002  0.30313864145115021       0.84097869697421113       0.54114615415857059       0.33169543052461603       0.17406502664756224       0.24991534101942758     
   1.5753828979606945        1.4037872766080250        1.5930589336094665        1.3307571461187389        1.3837839408598758        1.7164379532706000        1.6371640207402367        1.3623495371511265        1.2693613496490666        1.5199002194602966        1.6586520732256713        1.4594343219745072        1.7843367186681620     
  0.26802293318040005       0.96466061632773226       0.86548740178968908       0.26989294546230014       0.28524123471908991       0.27382666642141990        6.8338751574315501E-002  0.32243139976341667       0.85976114980461926       0.56079192808051581       0.36109058559651180       0.20865485478626480       0.28723908377461138     
   1.7483488482542306        1.5279598852707232        1.3501276726696363        1.2278760983679233        1.4517905007433340        1.5559996981633699        1.3420864390821030        1.5049323198415316        1.6438634203474489        1.3026612382739327        1.8046244578162225        1.7781814957606596        1.3473218024114260     
  0.29530553814027710       0.97271807314781289       0.88654655788405079       0.30214740751624780       0.31453395021380598       0.30236163550625045        8.0113173826660056E-002  0.34333191364716592       0.87623354090929662       0.57901028614334982       0.39050378957264742       0.24430566805203976       0.32386016956256458     
   1.3444362170168676        1.5000158033494344        1.3196226359789178        1.4205941182239799        1.3741945901767587        1.3976655801919522        1.3602385336997431        1.4003023754250061        1.5380872533082499        1.6313301453222648        1.5053713069381927        1.6533998131892538        1.3121633962223058     
  0.32452847749979036       0.97851250339409579       0.90503264463942645       0.33804280308481555       0.34454974028910745       0.32752711566151549        9.3139974234140041E-002  0.36210134691749757       0.89049748726080857       0.59389629107171438       0.41920525252471214       0.28017354588441296       0.35996896188011529     
   1.6744512959862226        1.6286138641167121        1.5652095364472729        1.5441244735120654        1.4282565003221432        1.1380957642780156        1.4376598532549165        1.6953834105746985        1.5621940197510149        1.5200595707521050        1.5232293755537023        1.5345379092104690        1.5799692945920685     
  0.35672530460702978       0.98336065179463050       0.91808887205979062       0.37805457186138508       0.37194386533109408       0.35876376488544753       0.10723198351909077       0.38316725839704496       0.90264689116254881       0.61049072247836733       0.44576461882850094       0.31809587422510432       0.38812370183872247     
   1.5297150515680147        1.4199418045076433        1.3533286475531148        1.3318001657576191        1.4560936458014893        1.3726465953326659        1.4848763994979939        1.5675891791650878        1.4810519642667408        1.5416512000938511        1.4694381256500382        1.3230530618459440        1.3767972288124961     
  0.39189439077499777       0.98694550494991651       0.93006872284604025       0.40612502736021611       0.40646659124142137       0.38844976131171571       0.12177619138049983       0.40112507220029403       0.91370937765067561       0.62593744796838291       0.47671065860499534       0.35828201651947111       0.42021150940005314     
   1.4631272378568736        1.2042742771918977        1.4010647243069021        1.2131815055809709        1.6798303047178296        1.3682137084449004        1.2873920338261233        1.3779398860506509        1.5213786907800559        1.4264792356188065        1.6342974912821926        1.8403072958574187        1.7327183179288588     
  0.42660387299415603       0.98937113224908779       0.94081873376320135       0.44648548908432417       0.44311543803801207       0.41805422052848829       0.13774688971649726       0.42617244104015084       0.92325380404024837       0.64145374566260005       0.50645591721377503       0.40067109321139971       0.45160588391935885     
   1.4831522889542899        1.4435383784901088        1.4541590811517884        1.3773095925514154        1.5536012499931329        1.3616543752903183        1.1481728994669187        1.4505233002853000        1.3257498508779468        1.3248745570967995        1.3345368516792881        1.6287262493104691        1.6843106865199917     
  0.45991199455095921       0.99144244591259656       0.95005790990912320       0.48433526434990742       0.47587559328183160       0.45225471577109472       0.15659499760310228       0.45900863565798050       0.93145834621052770       0.65588879481601081       0.53376081694252753       0.43983791184874638       0.48508720866839289     
   1.4185561338382295        1.3210930404442547        1.4713056107693629        1.3462274504896694        1.4491953212137940        1.6137391829088727        1.6400967815168075        1.5538978197770743        1.5642896737284153        1.5828483588096536        1.4716694354006448        1.6325407183068141        1.2892932115871121     
  0.49286427358396478       0.99294027689010578       0.95799903223854088       0.52219311636511156       0.51037568043946480       0.48358649689972349       0.17928739252376066       0.49369734430776929       0.93925862657857917       0.67003334652211033       0.56615179290617867       0.47488834808388386       0.51503117894227335     
   1.3866910153508629        1.6532869003794541        1.4849415114542555        1.3997295165536860        1.4450246176358317        1.7783349436709608        1.3028226042863240        1.3401137428330978        1.2213934847107146        1.3675920404758901        1.4126556500395679        1.3235010392580060        1.2902688379591989     
  0.52579498545045245       0.99421965661179645       0.96465360829947167       0.56166386994609885       0.54462796727213181       0.51498923911485706       0.20178825342487425       0.52665929268480771       0.94652949235747919       0.68385042642778338       0.59131745229809884       0.50927973012640826       0.54197605959151085     
   1.3326899364556513        1.3153413144349477        1.5460905777369478        1.5439023424129239        1.5296580547507834        1.5316983729393392        1.5030761506740740        1.4234108361950719        1.2048748944202046        1.4805152894926152        1.4193557579798173        1.5272853830735917        1.2556597725378136     
  0.55693716613110877       0.99530315705711170       0.97083625146316566       0.59189898175175060       0.57835764608126683       0.54775498653996968       0.22421022365476126       0.55569109241675074       0.95306831241743006       0.69866927835964565       0.62442698022956278       0.54221362748107038       0.57309532977389810     
   1.3901318498804647        1.4568796745866182        1.4446749056579180        1.2350413058218457        1.3587867355246610        1.3619009805578504        1.3025028845326665        1.5606568905591318        1.4184953517387573        1.3893721746613679        1.6006966524016490        1.5090947692660461        1.6885593691687695     
  0.58844251838013273       0.99617017916546180       0.97570772769873138       0.62228026789126611       0.61092016269883531       0.57978776169317181       0.25155246362054967       0.58137006622083731       0.95883700015740325       0.71091961392043979       0.64763795740440111       0.57893095706723663       0.60328207148357094     
   1.4528701552879484        1.4067179330827757        1.5947560637496931        1.5328675207748670        1.4320051310551387        1.5520985009405506        1.5369658249434532        1.5322957979596514        1.2633414654117683        1.3960277309804472        1.3945688936263436        1.3225563114139502        1.3387195424937679     
  0.62171320829422672       0.99690688364471713       0.97972074658130714       0.65220635753526035       0.64313839066916723       0.61294301328594292       0.27479576759687330       0.60603282202332442       0.96419478432538408       0.72089382417159442       0.67802266747055262       0.60961891713256566       0.63579334293626766     
   1.5305429733810483        1.4901542551851690        1.2546654484127158        1.5187226919605763        1.6375996111859294        1.4127475719874489        1.2963981521663861        1.6372601610565978        1.4078824091743112        1.3691559257998929        1.4464417457311767        1.2982598994132362        1.5251834370100263     
  0.65562232428681955       0.99750362395699432       0.98288127544445691       0.68137669372186926       0.67563897435850495       0.64600458615530232       0.30883847690596106       0.63162269135315607       0.96911088429332115       0.73377455524086477       0.70758521108046302       0.64044213704868413       0.66939705871041888     
   1.6731993670081540        1.3135669239507466        1.3641277685053121        1.6218779406430825        1.5510844857318054        1.4206974380220549        1.5832922725069869        1.9000608801051706        1.6719024466223411        1.4161175666568258        1.4934151603388217        1.2971683732241521        1.4904747088799382     
  0.68649831545162743       0.99805283911014486       0.98568573234194878       0.71532320895262436       0.70600698768845982       0.67828143570050792       0.34229747280132722       0.65374990311244630       0.97341379688251517       0.74646698950971691       0.73605439929274963       0.67232746321210068       0.69669141822154890     
   1.5303904896865919        1.2104465908589113        1.1853712451275671        1.3774314379593162        1.3445168610303517        1.7007270068428497        1.4599341317355010        1.6144081463293878        1.3801832166120878        1.5272110683368010        1.6897288946501803        1.5295333672581730        1.2755849938515811     
  0.71937009992334089       0.99849474414362349       0.98827153598820972       0.75008808954333517       0.73851875750963802       0.71344111807580279       0.37696112221157752       0.67281029102603773       0.97707703492922982       0.76079221496935112       0.76526071337003576       0.70458064618312843       0.72271011580751054     
   1.7315870179574167        1.6590425391127357        1.4177244707592649        1.4433575410906350        1.3232955797645962        1.5652657533340943        1.4267771635007809        1.4428393704183127        1.4761584386209077        1.3167146500933227        1.3867681525140638        1.3497712597566474        1.3754641674971924     
  0.75118094969873372       0.99883425795079939       0.99057207573259509       0.78287682170502326       0.77082339768400820       0.74759373271564589       0.41925762571094793       0.69176678163073047       0.98054014834388614       0.77340432178625940       0.79279567579994792       0.73854784020410436       0.75979640255726255     
   1.2992115442114258        1.4358277945995837        1.3560226176043619        1.7184084304840173        1.3151007249765803        1.5187822813193792        1.4851634659027486        1.3137944700509139        1.4648093396849147        1.5718271932940726        1.2980021546442133        1.3358970374758508        1.3989709597477937     
  0.78195973377753603       0.99911943232742062       0.99274978579752926       0.81455194185245450       0.80244527895392659       0.78169647051321245       0.46147060118860500       0.71227417279845751       0.98347057900442814       0.78605041376258933       0.81775658869963608       0.77321448515470281       0.79793405849317189     
   1.6781225544563529        1.3482419249318665        1.5999872450847552        1.4723016510978233        1.4656456610036204        1.6000024654180471        1.5017460030535139        1.3789087376798344        1.5431804774115876        1.5697096092011713        1.2984833172837145        1.6868065338092022        1.4367447866063872     
  0.81043540683979642       0.99934886625367558       0.99457405453169745       0.84317037559303032       0.83608918247304509       0.81494060833581672       0.51144267798234000       0.73598021030954219       0.98603111779073571       0.80012400522612737       0.84271979456175683       0.80699411721118119       0.83408492925362077     
   1.5448466087957111        1.5885544079044449        1.5518017802504782        1.4673955514406518        1.4944743453527201        1.4004244247931650        1.2541290388480182        1.6024669424402267        1.6059699511932637        1.3526421614800554        1.6014100893763772        1.4345795714579801        1.5776354422261496     
  0.83900396043292036       0.99948701353872305       0.99610642851012166       0.87133800133820438       0.86744879708414924       0.84557309120300661       0.56819687958181031       0.76195412194574452       0.98854277190250572       0.81468627144539496       0.87048955262760597       0.83815042943675322       0.86652594222160750     
   1.4950312453314778        1.5530969185909194        1.5705376599143401        1.6561649284649362        1.5914171859906494        1.1875541501464799        1.5958024375758462        1.4337529828974467        1.4208888683051188        1.7391193026241647        1.2345042579704391        1.3008679147295283        1.5772212846995757     
  0.86848795177749005       0.99961970256017585       0.99738137567380125       0.89745770443234552       0.89495511477818090       0.87654214148653464       0.62353368027644196       0.79461530243918022       0.99083401986348252       0.83068579520733388       0.89837596038493994       0.87094522233330318       0.89578330559281083     
   1.3247467168724207        1.6048831680455808        1.6465205939648742        1.4336390239309789        1.7621753746995472        1.5000854238312828        1.3820114166358783        1.3837217782323166        1.4250755326104343        1.2894523888889553        1.2825720154184701        1.4010184307512805        1.5619865351036291     
  0.89972268380697928       0.99973147149396313       0.99831096475554915       0.92356372140983889       0.91897890846825636       0.90555774045883453       0.68658370794696078       0.82623811914525214       0.99302682108222906       0.84667458797960482       0.92330053731035533       0.90481019298985488       0.92244252358639844     
   1.2515183069172440        1.8786177812267095        1.4424000674754318        1.5040846927433313        1.4193418086533482        1.4228277748765028        1.2103872433688301        1.4581303327634869        1.4629744052507059        1.5435017103380435        1.2635704158860068        1.2865145286468889        1.4282496870557704     
  0.93143665204162807       0.99982751297724048       0.99901493290070609       0.94904105499481217       0.94472388453490552       0.93633664963777297       0.75719106104965417       0.87722955481467590       0.99502027290432327       0.86646630244710432       0.95314133231793774       0.93789023558255469       0.94962110839688463     
   1.4969756955257727        1.6178870645691550        1.5805764447097208        1.6209645900292802        1.4039670568548388        1.5034086572943535        1.3670288424243873        1.7214395998798653        1.7737318927777770        1.3324393406822403        1.5556859172485513        1.4526772825390881        1.6025402689870951     
  0.96558290177461037       0.99992122057809130       0.99955604530965991       0.97477283039404261       0.97125584236922546       0.96883615576291182       0.86071095490201399       0.92807679607591731       0.99664948612981452       0.91096398262824152       0.97631777477597181       0.96934939832494227       0.97517732426937043     
   1.4252695900218590        1.7043368488942192        1.6528302719978973        1.6626368471445305        1.5817754858672715        1.3801567824445293        1.5384875873078483        1.2201964367884000        1.3075218803783695        1.6649194404737611        1.3159796000749897        1.3718352842508725        1.8448621629962014     
   1.0000000000000000        1.0000000000000000        1.0000000000000000        1.0000000000000000        1.0000000000000000        1.0000000000000000        1.0000000000000000        1.0000000000000000        1.0000000000000000        1.0000000000000000        1.0000000000000000        1.0000000000000000        1.0000000000000000     
   1.6317048867387876        1.8563030364366808        1.5199081931904239        1.6218142984468487        1.3572340258485895        1.5232590909851620        1.3390094707964841        1.3700246519921140        1.8480389636487657        1.2804080055533271        1.3406406794365775        1.3105312079483045        1.4162173903765893     
   41.546939874999296        14.888675311682727       -34.005827462270901        23.869238926993479        41.608527128487282        54.800667381648282        62.256410506546253        20.724261762863922       -17.667165474544177        123.38566122616528        49.133269746496474        63.989404018076307        67.665545180185674     
   38.131939025243135       -3.2601469259427374       -19.917273013989167        40.056274874615255        43.262562222530732        37.251546407892867        57.996661461419890        38.622691769878024       -23.729879047046332        50.747817771127039        30.972497885795626        47.696065367711434        32.675361212082549     
   52.682203731893772       -15.792151934282671       -15.161948697790914        52.930338479067466        49.518807761578785        60.198052789391191        41.438976077272763        41.905783087216477       -42.641290085180401        28.729542481629164        50.923535347702888        70.502506742439351        37.633479083167011     
   47.896945831262755       -18.481470898281152       -5.5843075646830815        55.527958766787101        41.558805599996290        25.664968078642275        41.159156311770431        52.257107283929159       -23.939583621391954        51.112864705480405        62.855885048466710        44.704127387249521        38.881079592308993     
   49.218877678510104       -14.203540700714711        13.822722999568816        60.962167786205576        47.014063318804325        40.542424056010972        23.017963704457614        67.722220932798393       -3.7002271404761835        44.794057818236539        42.403281376849669        44.875061082384107        53.848745791174281     
   74.299877710429541       -3.9726152916782294       -3.6165589601230161        61.622448996353441        56.080649227239590        42.751343036837945        46.311968465510560        66.099990056432247        7.0183913874037724        63.574923486709977        32.153774424298931        56.030285934750971        52.705576717966700     
   48.135594341670554        7.4468907504065349        20.081972836431017        40.781030899109837        55.058154967898020        45.729506531825635        28.634731112443429        38.416727024818407        28.457209265171354        52.400950629778102        38.083807002914689        35.206397998244604        54.195419346749148     
   40.962935735906569        71.870693658118654        85.222904476214524        36.839544486090496        65.737290405931319        60.811145419382925        7.3759588824719735        50.968613048280922        86.652924245952136        39.270742694780189        67.181471681186395        47.110334380028746        55.615675518239087     
   27.345609813104026     
           1           1           1           1           1           1           1           1           1           1           1           1           1
   2.3569865390981302       0.23743548576123458       -8.7071709009033348E-003   44.588355493866025       0.18005012823170333        3.2983787716091132E-004
   5.3738735557057951E-002   5.5572102061239442E-002   1.6777789040824699E-002  0.58036037122775952        1.6759284226601084E-002   2.3423797990543452E-005
   2.9925834463142988E-002   55.283824911678614     
