   0.0000000000000000        0.0000000000000000        0.0000000000000000        0.0000000000000000        0.0000000000000000        0.0000000000000000        0.0000000000000000        0.0000000000000000        0.0000000000000000        0.0000000000000000        0.0000000000000000        0.0000000000000000        0.0000000000000000     
   2.7882070485655608E-002   8.2690493093786718E-002  0.10669796406859405        2.0479371498016801E-002   2.9110488819429570E-002   3.3183256856950644E-002   1.1541521688334794E-002   3.0998250040536138E-002  0.22113361782658242       0.13199303408828125       0.14096750705147507        2.4362934165623525E-002   2.7265128878541940E-002
   1.5954832184032925        1.8602321583971944        1.5073577399761369        1.9023476491862283        1.5103534651604713        1.4650630114882701        1.7629320694561368        1.5517067734919869        2.0579626589081834        1.7452061596781323        1.7543362282381101        2.0677270058687722        1.6488264927302845     
   6.1019932392608917E-002  0.18466701918466982       0.21695112299582087        4.2786112235109641E-002   5.9255889935186760E-002   6.4807204826579312E-002   2.2854264807608583E-002   6.3883430303849756E-002  0.30146383482736050       0.16889271366265751       0.21252060168292017        4.8689238521421888E-002   5.5383500090910434E-002
   1.7701167085990963        1.3509696639743627        1.6523071780150633        1.6109715891408083        1.5815653499140323        2.0685470241125525        2.0709528503099115        1.8532401538167789        2.0896825532344243        1.7404694587546610        1.8287265898756351        2.0805566461948906        1.7370840910497412     
   9.7992409382037154E-002  0.31145381787585913       0.28219477808940802        6.5430620232389242E-002   9.4065900470927971E-002   9.2880217333690743E-002   3.3750736002086230E-002   8.9326790743887691E-002  0.35070562912661918       0.19515061765247760       0.25005704462947792        7.1568617239289950E-002   8.7187653028418938E-002
   1.7260888083953625        1.5765984300776881        1.8784826715606751        1.7412069448388963        1.9647934704261076        1.7587305016355792        2.5527503220504815        1.5542428925710203        2.0584367254065481        1.6595481294222734        1.9199892887578887        1.8503826227770761        1.8130283152780318     
  0.13512227402568316       0.44772156002001795       0.33795044891085468        8.7796758352210166E-002  0.12282816244352041       0.12280034383625078        4.4421619278475849E-002  0.11775310198522225       0.38760531220641870       0.21951192831715782       0.27822664549455678        8.8367175734040473E-002  0.12158458326923038     
   1.6383718113689374        1.6026733912912192        1.4161973285116436        1.5547488347826262        1.6432053881075528        1.6290630075581736        1.9044419767295326        1.5645330502726464        1.7586728683342174        1.9597867686440065        1.7786294794162789        2.1959007829674455        1.7752207811705136     
  0.16699708983468903       0.56278435781031200       0.39995574779272514       0.11134348955375359       0.15196747670445751       0.15310884815848869        5.5847683901425249E-002  0.14796779228511045       0.42125964478922323       0.23737599393441566       0.30336384052088616       0.10834208446790729       0.15433718564950430     
   1.9029329364858134        1.5458661460679117        1.7653930497823243        1.5986092835643329        1.5070767064675088        1.5895866730215120        2.1884202683938176        1.6423823018784596        1.7434311122386863        1.4179256113775456        1.6531032069201479        1.8382287100720791        1.7818818547936959     
  0.19695721469130806       0.64243763274293342       0.45668575432923147       0.13629718402277194       0.18062005263950859       0.17909495395849057        6.7969893158728756E-002  0.17651248871543829       0.45483777836460765       0.26157111731633959       0.32652575568606296       0.12922242931586789       0.18487843734276638     
   1.4042319084642529        1.7684818629540142        1.7975805254303394        1.7826908007057827        1.8378400528058818        1.4229179219444450        1.8679381117548350        1.7447448668726422        2.0608348699761159        1.6964827967666676        1.5421523659327787        1.7647119187888887        1.7226917573166938     
  0.22862856401130977       0.70392943709302214       0.50865951579303170       0.16332659828405705       0.20893267695119125       0.21257444977644407        7.9072916865133486E-002  0.20590418303401886       0.48378444494020345       0.27836838372306627       0.34863662715046523       0.15060360373260520       0.21649632409181085     
   1.8416378530019053        1.6411351678743726        1.8320478249031575        1.7157173647220905        1.5245664603857370        1.6562329023387483        2.0731299811080039        1.7985105563358970        1.5108490810521920        1.5869630350974981        1.7227846529788926        1.4408171575094297        1.8980163231005214     
  0.25664097682308701       0.75049219016566926       0.55191641525302182       0.19047662223328218       0.23746873581079705       0.24217954542843612        9.0302715594465371E-002  0.23390068201674866       0.50730435865638968       0.29696923349635040       0.37064537749596294       0.17401423847093903       0.24760743596366117     
   1.5623194200319519        1.7178662073750899        1.5951989489558287        1.9266566193428940        1.5022152751886049        1.8163395224386603        1.5048251143088491        1.8211478372421130        1.6578807733623524        1.7067799569641122        1.8305644878021516        1.6533414412589789        1.6792805068729806     
  0.28611991469590436       0.78685343764282234       0.58732601465616852       0.22164278087396569       0.26688609748296294       0.27221105406702362       0.10153917466009410       0.25921197487129555       0.53131028181420303       0.31346745562124728       0.39331178696953056       0.19797569938462339       0.27660015921428466     
   1.6433381177643698        1.7945572081197707        1.8238899573802547        2.0732609671238058        1.6771728012888281        1.8709746782827164        1.5434729743422286        1.8209551874741612        1.6270754735867379        1.7827269372167285        1.6865875107498074        2.0095463816878323        1.4271144834470759     
  0.31745754460603648       0.82226492556246378       0.62078118439173902       0.24453015084649865       0.29710330211265712       0.30067354439365590       0.11232447728954682       0.28768410455358284       0.55549140767488259       0.32831521534000618       0.41669000794384464       0.22464623543475429       0.30783773496568345     
   1.5984337522730014        1.8800575863223445        1.5118111928175417        1.4113711678971641        1.7243269663022402        1.6232249983277416        1.5099795421947635        1.8647711127817799        1.6632709275421393        1.7232690504503410        1.4307298769176677        1.9563704187553506        1.6084828250897116     
  0.35035917747364104       0.84784898952184984       0.65464831250362565       0.27055199284733950       0.32567589988852186       0.33290341911954435       0.12344443708469997       0.31235864931048252       0.57828940455436884       0.34239666087287940       0.43916263703958813       0.25584965295085649       0.34416431622487420     
   1.7129614618127369        2.0184140231309828        1.8034631785669968        1.8575270797584791        1.3831772280176757        1.6661818257739343        1.5151321670845328        1.7722278129011051        1.7658832588935209        1.4642761403744757        1.8091362835582014        1.6769829314611162        1.7985349615165982     
  0.38418703407292071       0.86456294103409936       0.68446210312767797       0.29775460778518359       0.35675810098336963       0.36640368169909665       0.13577449688225754       0.34404099048707182       0.59965091291475614       0.35844104342430810       0.46071267624321111       0.28727159606286162       0.38153616209538521     
   1.7827025574251381        1.3161738802017744        1.6315352214077212        1.7752571778532247        1.4411463501661532        1.8768632755613248        1.8577110155022418        1.6943298526963464        1.5125851597828077        1.6464266562748722        1.6915839011600382        1.8979727625905753        1.7765476593625684     
  0.41799779888218058       0.88271922579433759       0.71057881772093501       0.32940083566027889       0.39292456503247086       0.40178883301001544       0.14942171491388168       0.37414878135381008       0.62267346702038351       0.37653536797201986       0.48889877752787952       0.31757354058821075       0.41608734840835393     
   2.0155836952590032        1.5843038499689619        1.5364975166426014        1.4872450734109368        1.6774423267857073        1.8477931045304130        1.6647570312822371        1.6409443199926084        1.5197464979901958        1.6529971932608993        1.5573568028139595        1.5584072833777785        1.5411121865191315     
  0.45097986183006811       0.89889714215471195       0.73576473105466667       0.36028321296230736       0.42770549542434877       0.43550683705247561       0.16207123122212119       0.41677505609486470       0.64585233464229552       0.39521793041076958       0.51082440762972037       0.34621003517537252       0.44698728994185694     
   1.8066193946755935        1.6036523946335652        1.7169454057805509        1.4614779656688544        1.9696594601617157        1.6643541854083861        1.5952654275611817        1.8298035287600962        1.4520953358508006        1.7739328824194802        1.5545391288576746        1.7122658064795908        1.7947142283675435     
  0.48014873038998684       0.91152561677177479       0.75799735837573912       0.39518111395226135       0.46566096403847762       0.46787384633259071       0.17612645983031427       0.47656568565641849       0.66676151963386376       0.41069463115678961       0.53555676923343820       0.37904268161459914       0.48020826349948537     
   1.5992242119824418        1.4868592124753650        2.0220613465626229        1.8589642901203371        1.9163469387528200        1.8666386889301769        1.5072152953547446        1.7984902134204643        1.7156768555520676        1.5572274887845876        1.7126905825610721        1.5123818836712026        1.7384942945707409     
  0.50710617390412782       0.92316310533607593       0.78055855917043726       0.42969312053723024       0.50003172624212466       0.49942353372022580       0.19286844063175432       0.53537506378649802       0.68830152547131573       0.42839644173092761       0.56047292106487578       0.41476669355401408       0.50947766340451572     
   1.7045513948046107        1.5450026235008909        1.7714242454387947        2.0807044631037535        1.9010488813574136        2.3428663850775573        1.4149127278935356        1.9157700634405921        1.7275646127315505        1.6695953590268673        1.5382540991337337        1.7758630831515931        1.7071846442983718     
  0.54034864431770413       0.93373805967315060       0.80138356548427703       0.46666714214417820       0.53766945279318346       0.52987029510251948       0.21280692713683538       0.58655206691560779       0.70856423055194817       0.44293178813005263       0.58586240761737962       0.44827061460988371       0.53636279580053758     
   1.8463914942326478        1.7069213844604765        1.8194438424049566        1.9628833802488179        1.9650178740086008        2.1297223261754450        1.7311747048167216        1.7047657619393495        1.4287517521575510        1.8083703248949838        1.6459693391340429        1.5398684764164203        1.9540450073760864     
  0.56977896831267982       0.94317356261316609       0.81898562464692093       0.50031775227778319       0.57294454981221210       0.55901956210361159       0.23325187944562914       0.62369311843643760       0.72641592728845084       0.46092950793246656       0.60927099122574269       0.48284355037402099       0.56429443136302193     
   1.4867729807472554        2.0677455679361612        2.0000104416219324        1.5608258279926273        1.6193557562833774        1.5530349271100579        1.7040670531663380        1.6253357274942384        1.6223887453277235        1.6750674683032891        1.8791671309851838        1.8237744340747559        1.4552300304955834     
  0.60044879858869671       0.95219788853844922       0.83675989101094905       0.53393274245153022       0.60191959717919308       0.59682927610536740       0.25569812108212114       0.66131517047038280       0.74573795664104636       0.47871631075535659       0.63225579852391023       0.51737586801619373       0.59523744210637575     
   1.5555518740950758        1.6997951746018081        1.5892345724437154        1.5510776605372709        1.5963285271965535        1.8847815946437403        2.0932332398387676        2.2275520624253904        1.4392870636231057        1.5421938915276379        1.7304101647270669        1.6700711566175872        1.5478662923767497     
  0.62703076797886947       0.95938128494599861       0.85127543651902826       0.57152809474365862       0.63697860812724849       0.63063028216402039       0.27627130483239565       0.69094935398279811       0.76541657530045193       0.49671294536104055       0.65708323648160250       0.55053303906301154       0.62735417576077557     
   1.8075722567629438        1.4900411969383733        1.4742747364535280        1.5117747128512309        1.9571931152271143        1.9070396615656016        1.4872170060396419        1.6486931868208010        1.7580139503704308        1.8047816955216138        1.3691780935176376        1.5510344063265415        1.4011893642778968     
  0.66099433435979060       0.96578706777599976       0.86654436234151144       0.61080279038154262       0.66381324721845980       0.66563894970927273       0.30069212261906353       0.72005492253855563       0.78310161225567498       0.51229279201826738       0.68310655069325210       0.58220054602057636       0.65761276282524872     
   1.6221212332606207        1.5891365765968108        1.7456954600114643        1.7674007943642602        1.7691227378438152        1.7171357721021931        1.6169302041455460        1.7228751163213056        1.7325430754111832        1.5594950339601052        1.9333870219419702        1.7277756444084291        1.5774239721268739     
  0.69159582939682407       0.97140828835937698       0.87994628943361741       0.65194438698003165       0.69064046972967230       0.69965793539428622       0.32960821654396300       0.74530070559348571       0.80356712592906154       0.53120933594187592       0.70854583744003297       0.61519708087333014       0.67906679477693654     
   1.5868290107659320        1.9554269385878831        1.6782410164125523        1.4855850569421134        1.6240873846540778        1.8302935324994440        1.7950111905733486        1.7355309652418411        1.9976688043439352        1.6712620683499122        1.9423777503544439        1.7240751976470554        1.5406197135349582     
  0.71983927788979507       0.97602481435358623       0.89594133743489102       0.68758530245355232       0.72030721625311911       0.72962814275717258       0.36122290487449249       0.77014317878941974       0.82189188147793280       0.54887648461057881       0.73291878820439638       0.64573816725775524       0.70948062176542559     
   1.7619375300655347        1.7920412070516978        1.8542712595527389        1.6591773970124992        1.5445531838854620        1.3963610594778351        1.7769165051778701        1.5608930110425907        1.5772527338340474        1.6515903736811879        1.7666622095061018        1.5634556513794113        1.5423966242026510     
  0.74937385958598757       0.98064973546360346       0.91106307618325855       0.72216548467328123       0.75072739595186921       0.75972552923076309       0.40076799325984619       0.79086953749096944       0.83948710110465530       0.56976028366734743       0.75787826839838390       0.67672966301874193       0.74013995724465442     
   1.6602000834772359        1.6073604430762369        1.7546841617373077        1.5496904909393692        1.9327670609270993        1.3731641491628523        1.7592468117826814        1.4358242049182237        1.5158071946601255        1.8112851035518047        1.6010508551698164        1.7335456921830279        1.9299864183950717     
  0.78173718352441401       0.98446088027967082       0.92479675682229245       0.75270789680776451       0.78367822727571568       0.78890470850867545       0.44540100107304881       0.81422209228058784       0.85657077182606967       0.59215734421128263       0.78386430676025676       0.71162012698773236       0.77788482403567905     
   1.7584212966516639        1.7389311534564322        1.7706646439532947        1.4099108533155351        1.9366153494731448        1.5331642753660712        1.6789273438914565        1.6201913037552649        1.6553224023931945        1.9125710182464850        1.6881220892733249        1.4263211093537640        1.8872155474119763     
  0.81519484087239524       0.98806650345597902       0.93769734618817746       0.79134335677923262       0.81681233171541667       0.81776037014712477       0.48959845145768488       0.83798206495228933       0.87266526360961094       0.61126357483860772       0.81061088376412804       0.75153493911175973       0.81148695865679987     
   1.7688910286094894        1.8350732797450782        1.7994406069524147        1.5696948813346778        1.7269071063736252        1.4932225492864515        1.7623525104749367        1.5438034582045896        1.9623122079511270        1.8214839915601533        1.3009385065866745        1.5502716238220364        1.7693991478546176     
  0.84783686086799759       0.99137380387024687       0.95078904288678145       0.82768122590411641       0.84819144931050428       0.84725197271962871       0.53807303151918728       0.86070195586376708       0.89256293380154805       0.63834663166796668       0.83660768673217123       0.79437614971915338       0.84400499545145480     
   1.5849829724989442        1.8678087816005597        1.6699808444481039        1.7272682168164117        1.8859844986292826        1.5820866705955425        1.4298118382950302        1.3655764890967388        1.6361826109532500        1.7597630142008260        1.8624229800015932        1.5187552141042904        1.6906431565283504     
  0.88123363661159548       0.99402170467819506       0.96212827024602510       0.86234337526457461       0.87862515859991785       0.87658806921842980       0.60335128400144800       0.88283472043934774       0.91112078106223549       0.66369304299721021       0.86982743042202804       0.83429024033372634       0.87582891409008545     
   1.9909391679700397        2.0060180258079883        1.4887193194595183        1.8464875084739871        1.5912116519248114        1.7582107000465588        1.5316486629089088        1.7863115577273958        1.6112553598578219        1.9115688766520675        1.9635077120043065        1.6610328078325187        1.6762280472324624     
  0.91355913652895449       0.99567055550562444       0.97296910880978105       0.89842167564344944       0.90870052972535809       0.90501416105386667       0.66126080121316433       0.90825845756121892       0.93468313298246519       0.68113492317937752       0.90447373056846592       0.87418510204383859       0.91131928310896404     
   1.6367717779323747        1.7348368479536416        1.7851176853400350        1.5613710564937044        1.6008124394093137        1.6305923743941013        1.4332410004891625        1.7991866735525206        1.9201242661571065        1.3553247109294697        1.7009600657142596        1.5494963120132939        1.9547736603777490     
  0.94508632594237085       0.99724352545881034       0.98255481664183608       0.93384846941117505       0.93854313305478598       0.93696871809725524       0.73690066443885416       0.93667883660804019       0.95589063606950497       0.73615837888163183       0.93646608844614188       0.91498750536886586       0.94275298109007066     
   1.5902137839740966        1.5098098823149906        1.5438691257728958        2.0498750291516035        1.7613540259510250        1.5933807936965896        1.5510258152289624        1.5354799367681178        1.6720417690320619        2.2594969007684087        1.7010897546656600        1.4817909318663760        1.7078321430428756     
  0.97479015885813813       0.99863930661002553       0.99095519555984002       0.96659639325645486       0.96733075051037332       0.96862564936793250       0.85514869151774886       0.96646961258408048       0.97445602498827144       0.82814159967079937       0.96750083484821436       0.95429390506599310       0.97379295133757748     
   1.9617644256875297        1.6235220637497583        1.6680865048691074        2.0330501827624099        1.6557295474550160        1.6516753686220489        1.6678831011583930        1.5510549542319862        1.7634044260958626        2.0627969889203785        1.7610977010504592        1.6901020054037390        1.4965263818336270     
   1.0000000000000000        1.0000000000000000        1.0000000000000000        1.0000000000000000        1.0000000000000000        1.0000000000000000        1.0000000000000000        1.0000000000000000        1.0000000000000000        1.0000000000000000        1.0000000000000000        1.0000000000000000        1.0000000000000000     
   1.6077930501008095        2.1982893785339179        1.6422159059080081        1.6212205075908668        1.6882096766972616        1.5497328336660972        1.3600906485181445        1.8550890914233293        1.4689958941922900        1.2946331774202007        1.7325286994591287        1.4867628274167624        1.9990126221907654     
   16.529345082111714        11.718551107982123       0.94772569257959915        13.673840284050433       0.64042426960056353        12.864607679468655        9.4139430855145285        16.280968670993438        4.0106483017370049        4.0120002621455644        13.010796901951526        12.066052588088374        10.531001080272862     
   11.982358266607715       0.75458757208044958        17.652422869043722        18.367815736042132        10.498248919786430        13.385773497956778        10.087531883390415        22.819703204017550        4.4980965162358135        18.689592059856309        17.196135269517441        6.1148329076356749        16.740169083992193     
   14.563109061844425        13.499813691780503        9.8419237599188296        8.1451572348633867        8.1045280217296494        12.434699310231261        16.748277411246239        7.6308656041158729        10.856582386839879        8.6716901599533411        11.223391956071058        1.6801573241848797        15.440106722482032     
   6.2825627529131314        1.1879097667003315        26.120121169593013       -5.8171688632610028        10.959116651368642        10.994421123922823        18.981535064922859       -1.7693885558274509        5.5800322578053176        8.7585063686501634        3.1597302546250070        7.3331834842434729        4.1109021188476795     
   14.732150265756120       -2.6973746618581202        11.193362205677538        14.733304666235613        7.6883537149981516        5.4307208562780609        10.690050952395790       -3.5235301142443891        10.861555439670248        5.4025636525798166        4.9865083546848981        14.257161513669367        5.5224375551794385     
   8.9817532193497982       -5.3067726334656316        16.213296819074760        5.3435744691357581        13.144863608069997        3.8211471891879061        21.509524275906610      -0.21716027313671038        17.500284661659883        12.292846617170451        14.888380409345299        20.617509262388175        9.6140887064171086     
   2.5850203696722032        3.2610632461648823        11.218579859213381        5.6487401940986883        15.341565598707245        12.821778104483007        20.731254353193400        13.582385859391769        13.098387474967318        18.096882688618802        16.352815229350444        11.494601702923786        12.036812409493745     
   10.298202951666223        16.405673937020730        1.0542939387649026        20.673152152538833        11.506015510858337        15.180416733395381        17.137068305586357        7.1211180145588662        3.0931057120230259        19.565932236525594        6.6849216281580137        5.3548733424243231        7.8748470928671281     
   36.059726207804133     
           1           1           1           1           1           1           1           1           1           1           1           1           1
   16.942159393036267        4.6690471434374023       -1.9081275316052127E-002   13.832742985942394       0.55229217640358885        2.7314871136179295E-004
  0.30169607400233339       0.32060488169059220        9.3439741581291688E-002  0.96430364104105792        9.3429255079653981E-002   3.9724237326516784E-005
   5.0000000000000001E-003   9.7618586585008256     
