   0.0000000000000000        0.0000000000000000        0.0000000000000000        0.0000000000000000        0.0000000000000000        0.0000000000000000        0.0000000000000000        0.0000000000000000        0.0000000000000000        0.0000000000000000        0.0000000000000000        0.0000000000000000        0.0000000000000000     
   4.6455656001064542E-002  0.24772594433158429       0.19101449570339235        2.9789335361610172E-002   3.8306899815154200E-002   3.0429212897531453E-002   5.0862726102685794E-002   4.1460968704756657E-002  0.13716276060191052       0.21488785176231909       0.14120932084735174        2.1414865296404288E-002   2.8313906661541436E-002
   1.8675371589067202        1.4434301908451808        1.8363510019220077        1.9096490109359636        1.8512724098415536        1.9198054481947060        2.2135290589847054        2.3313360728564998        1.6986950799590270        1.6158980428526422        1.7597476699439856        1.8113107958443286        1.6554486138195501     
   8.5462532525953927E-002  0.40944692472255462       0.33726961092633395        5.9945194694262412E-002   7.4469084513422365E-002   6.0489290851947111E-002   8.3261292493953726E-002   7.8807156141109697E-002  0.28262334100504816       0.32398224155659833       0.21520152352413746        4.1140969791392479E-002   5.7153168070180747E-002
   1.6899929748182794        1.8577224200962470        2.0884530714061884        1.6741912955416480        1.6215513291285781        1.4856529668524168        2.0152703059079093        1.8653073965660976        2.3791676465624945        2.2839642410777889        1.6765264893216341        1.6119994070171604        2.0689205022273933     
  0.11972531682624089       0.49547649580737541       0.41568542244926843        9.0862483814804024E-002  0.10489270426022762        9.6055592808750159E-002  0.11053875083749144       0.11288351776199142       0.34289575027829233       0.37883428499587546       0.24974040279313439        5.7553290375954920E-002   8.7492326439182616E-002
   1.9205133151365528        1.8163924401552494        1.9156358012794288        1.5187593243354391        1.7451798422420692        1.9117570417983889        2.0501234845907526        2.0867634988567678        2.3791706244298125        2.1057964110931380        1.9378485462898745        1.8555208169356767        1.8428705765351361     
  0.15270531144164556       0.54680354760097116       0.49015126116058910       0.12623214116535397       0.13355061046822556       0.12899558220376678       0.13871558204612788       0.14634697989001305       0.37688887529492365       0.41845591716047603       0.28233082889765460        7.5173242529555470E-002  0.12076665678848954     
   1.8014168827064736        1.6533478263188277        1.6715334403984186        2.0018800444889586        2.0544111054402467        1.9921168721691549        1.9870827000327214        1.4813566604304655        1.7290495518891256        1.6384819132546107        1.9025823286522203        1.6793625470750058        1.9977968534463140     
  0.18702905197051978       0.60229294278018453       0.54241061525511713       0.16196393466219636       0.16522884058303849       0.16697853400019413       0.16505156849892397       0.17742597306875937       0.40946348866192522       0.45039348495625842       0.30294557253009169        9.2557039402571345E-002  0.15268103079779427     
   1.5439199682085927        1.9408787285728344        1.7768532428331909        1.7646922825844267        1.7265555248048841        2.1318311941268866        2.0186151541012083        1.7507296444281144        1.6278647629029497        1.8051465659300314        1.5577532595639245        1.6639318011375979        1.8162047662712661     
  0.21830885409145512       0.64300923326812032       0.59824299611561482       0.19806569204482269       0.19254744496927931       0.19762267860311086       0.19003267779377600       0.20674477058450949       0.43896355028272627       0.47967995559319870       0.32464906860669618       0.10946386730519925       0.19039544150314214     
   1.8916740228568036        1.9488569916843097        2.1055190038110814        1.6780398208455873        1.6679084291093715        1.9136681490564447        1.5235607232648876        1.7526286033840828        2.1789945311731853        1.8763471270330649        1.8975505289107573        1.8660783772635887        1.7503978973979828     
  0.24732232367191542       0.68402389261788865       0.64290305372519763       0.23797333486091582       0.22257167655143936       0.23061903718758051       0.21501184971363416       0.23173247025374902       0.46805165210772726       0.50910794347370003       0.34618929502456730       0.12670578518932693       0.23009361936710088     
   1.8893596912951749        1.6582906825125807        1.6959218627936490        1.8875658402094857        1.5951157454730778        1.6581556542917930        1.6722246135465544        1.5492700534657089        1.7511051239683793        1.7989545791363422        1.6579082528961910        1.4878674304764981        1.9388865268961859     
  0.27748561854490833       0.71431523306689171       0.68369966110704739       0.28121550593835754       0.25144341396888303       0.26042674887526285       0.24094043893590317       0.26074345555170036       0.49527782963511463       0.53322284957386779       0.36813047712334518       0.14494108115572304       0.26997187510077586     
   1.9253318355560713        1.6535362831486489        1.6779920661651671        1.9638094206782903        1.7169995399401907        2.0314041560835285        1.5868122197155112        1.7512998319724014        1.9040994490563272        1.6579716525503205        1.7962812677342910        1.6749011820921140        1.7398007698801838     
  0.30884071276133129       0.74118973310551950       0.72151972848224477       0.32508455852818868       0.27994511393828375       0.29421382943289620       0.26703477586109231       0.28818963724937924       0.51942129728410147       0.55752864440308014       0.39053231501728580       0.16724578658622569       0.30505350400065923     
   2.0471801271279566        1.7033806365590205        1.8449101108227286        1.7926110881701691        2.1083704581237992        1.6553361478157766        1.5975818168128375        1.7654325198319756        1.9361025001716088        1.9369862130324911        1.5995458407487873        1.6935022650068199        1.8019766858381876     
  0.34137916809589086       0.76433323182729995       0.75395782524267629       0.36724091896707928       0.30976832375179231       0.33106926675222537       0.29510017879876133       0.31732985253441215       0.54231758329550472       0.57766710621076012       0.41308904261581680       0.19270817364301623       0.33845270367099994     
   1.4716632511521845        1.6107306092516829        1.7883198209546314        1.6948879183979946        1.7909681680045184        1.7227568585146373        2.0174454560765800        1.7438534585706700        1.8226459814697487        1.5592002098802873        1.5322199898765756        1.7964288067537273        1.8540551253952462     
  0.37635756732267472       0.78621424753027191       0.78115581253335264       0.40873044324856600       0.34132118227895353       0.36399298715784262       0.32386053323579805       0.34660747515051826       0.56433750229661228       0.59700175751332585       0.43653559000304709       0.22060879495650115       0.36851248958623994     
   1.5398474803569424        1.7330223529574074        1.6922916227574112        1.7786921039280945        1.8874742236640492        1.7535500226240750        1.8636268815619337        1.6572934335792242        1.6461993406508102        1.6887256693340251        1.9675316917274630        1.7124502381780389        1.6681501864884074     
  0.41202000318398152       0.80754136739911464       0.80356495238232895       0.45053150224996147       0.37506556624602388       0.39435162170770977       0.34875642734113271       0.37391489370063419       0.58733981829374315       0.61637584490522490       0.46013113682912710       0.24659559813245086       0.39851056783878624     
   1.7909399807250985        1.7361346545634739        1.8151951671908100        1.9371677968689613        1.8441048404922968        1.8965686186014108        1.8604878866367260        1.5778854041294932        1.5212009578403731        1.5365417480470238        1.6768078882936630        2.0276781938901238        1.7042131134515528     
  0.44354528274740190       0.82812554303083008       0.82364472398534538       0.49120334253941700       0.40866866654583717       0.42392953200719841       0.37250345921166833       0.40267095348498133       0.60878825524001878       0.63495257592432541       0.48449154304991154       0.27969599045129240       0.42821179962006245     
   1.9080712779993101        1.6710474522721499        1.6797551885779662        1.7483705334517865        1.7499145334941975        1.8509739241078731        1.6950211356358251        1.6905162078755860        1.5994526271310150        1.6138864171840708        1.8646455009859733        1.8139893007682095        2.0772189505409617     
  0.47219174162453664       0.84965948166352245       0.84262336335772803       0.52373208777063462       0.44003452637227808       0.45628905901360156       0.39648255754191536       0.42921920641436206       0.62834619369965228       0.65052175536626278       0.50891346009363547       0.31053298466107732       0.45744496239577837     
   1.7140664275090758        2.3272477524566928        1.5924396208772118        2.1180318208379996        1.5909023056058713        1.7306198395454664        1.7911004972977724        1.5026533388546803        1.6329291515284570        1.6972234183684323        1.7044460912066033        1.9234996684732300        1.5639801952149714     
  0.50127151208209242       0.86523254772812641       0.86155608623550928       0.55294467925135860       0.46959606899567441       0.49187726675104326       0.42089040271809863       0.45673893560287182       0.64671637637751966       0.66589972737589065       0.53481153662120073       0.34069924783126632       0.48639947549012380     
   1.6416639603759207        1.8096641854123914        1.6945779672191774        1.5423237430649939        1.6893137678906518        1.9892352534315108        1.7257600195317007        1.3232823533674474        1.6758105287882108        1.7665336174414070        1.7599835307192904        1.9054775977184568        1.5843645567971085     
  0.52924510960547055       0.88083398747567965       0.87980753147488100       0.58423113591230402       0.49869537598678465       0.52746913180182908       0.44559882452291966       0.48434834239260233       0.66533555561154922       0.68192708476055974       0.56186797924667531       0.37283150551773392       0.51663184749817781     
   2.0451954167029944        1.6876261191580442        1.6677885505662435        1.6176204089051460        1.6245803748778123        1.7702682333437501        1.4633606198895168        1.7939140301874532        1.4971165515377975        1.5339220609852438        1.9596919235802965        1.7553463507336116        1.4860173382210702     
  0.55669382431538061       0.89375038266783680       0.89540799178493324       0.61485013152545742       0.52804081630483568       0.56018930257024935       0.47261999105594188       0.51532609904858673       0.68524698305205711       0.69761503194228425       0.58549496430831560       0.41075067707308960       0.54856075558367146     
   1.9215714354318847        1.7101473442888466        1.5653687749669227        1.5094320068656226        1.5427908132338566        1.5532786328739059        1.8608362875712645        1.8374876995284228        1.6512036277284103        1.5721817893921670        1.7037781380390216        1.8155352580789774        2.1220320216242370     
  0.58522678006247209       0.90509856898582575       0.91061286372181272       0.65116792005724811       0.55907878586983129       0.59550568923191893       0.49794036146260806       0.54768135218326608       0.70552095791405312       0.71160415576768532       0.60962684805140377       0.44718885588086577       0.57770267381659590     
   1.5615274006689137        1.6571699344200466        1.8338508153596564        1.6311140936372903        2.0339989683839659        1.6454427766412165        1.5689100827840370        1.5377011683070894        1.4976366193456805        1.6831226556410444        1.5923192314128809        1.8431036145462454        1.9899308276680434     
  0.61171720990426481       0.91611669379107596       0.92366911305489141       0.68639622442363635       0.58974058181651834       0.62949342423915033       0.52123208652661646       0.57916258824257350       0.72602615986843544       0.72573501372120597       0.63282931283878607       0.47905173902358167       0.60914602858167177     
   1.6580277633826013        1.7174028060849700        1.6428046531662628        1.7239996979260017        1.8943237813866882        1.9659754629443642        1.7139807594475192        2.0819118669830141        1.8970620813684431        1.7147939611379204        2.1925685337754168        1.8634406340505121        1.6033126374916364     
  0.63986233800588788       0.92615326072867088       0.93497572478829927       0.71784904285068785       0.62047385002901045       0.66083721327689293       0.54428152225602155       0.61077241243555669       0.74501652551185560       0.73976100761802932       0.65650795356820246       0.50793525799290551       0.63689704315473705     
   1.4445635037081044        1.4693272487440205        1.6967773381310904        1.6197073702379021        1.8476624555129837        1.7905309627819301        1.7117838140847219        1.6645144217364003        1.6765675245428069        2.0298339370262051        1.7236929766762878        1.5200863353772929        1.7571782808151004     
  0.67115762033274728       0.93613482012325089       0.94435816636826020       0.74900658000415710       0.65172863513670976       0.68955368633399361       0.56843008075833468       0.64288953909028379       0.76391499621565306       0.75264776402915690       0.68120310722909894       0.53894876979892836       0.66576772961222108     
   1.7808150470617143        1.8219039408532123        1.7305918940318683        2.0219236752967071        1.5430630747951810        1.6555399801797652        1.5537638893443972        1.9797269382337819        1.6997737156702488        1.8122276519971692        1.7739940503985319        1.4121430032828779        1.6963096926195571     
  0.70354238484029963       0.94571251940658518       0.95327888358303459       0.77863783280653776       0.68336780951133647       0.71829514227179847       0.59615874307677630       0.67594533705210469       0.78247578550521435       0.76452479771526582       0.70687233478448519       0.57167571517437377       0.69737333455622197     
   1.8664424435208531        1.6348209796806594        1.6898369610142521        1.5746615787238643        1.9748920589422445        2.0141548293760505        1.8387756184891251        2.0258669000222156        1.7715908308106618        1.6184202397911716        1.7641786825843875        1.8106977187750406        1.8295289177458782     
  0.73673187002311691       0.95472649924414155       0.96106991474482728       0.80778008759321285       0.71802316422851020       0.74627293678991646       0.62616477991979336       0.70621663402310786       0.80090487312274827       0.77568103797375354       0.73339023454691299       0.60810261354586659       0.73302741107523395     
   1.8233682150952031        1.6152132823102248        1.7698767675559117        1.5865752713143910        1.8151466761353665        1.6635742982712112        1.8402744021224240        1.6582270794322846        1.9668567283251650        1.4070696081404959        1.5795168969535960        1.7263513741633993        1.8396405875485340     
  0.77068093897509216       0.96262921240116583       0.96785106498056117       0.83472633665883267       0.75176762127603525       0.77313289011655051       0.65522441933351572       0.73697894947972742       0.82066672564371412       0.78677538067700648       0.76202766656308052       0.64308359604822340       0.76498949298102636     
   1.9752169889559918        1.8402711654098860        1.6861423344469486        1.8189406497307958        1.6316545935326301        1.5961113623328294        1.7736426751542429        1.9789025140272765        1.8059438992946186        1.6184604125326481        1.6699874683122253        1.9740789962755354        1.5999868838394251     
  0.80542594727934658       0.96926922165629381       0.97360891801544713       0.85797990995382145       0.78137273065981450       0.80098168478974296       0.68684239264858415       0.76844562798788318       0.83972523333266580       0.79799699880926400       0.78951383006624920       0.67968269105267232       0.79928600152485862     
   1.8354677527074648        1.6796633912314578        1.5954680540447062        1.8280319576287154        1.7855178210078699        1.8022005613951848        1.6842342375067694        1.6455991664112060        1.6532731397340146        1.9963054644227742        1.8434208094577123        1.9331346304643711        1.8000824146116763     
  0.84094505207528658       0.97450129585967282       0.97873665620779748       0.87956572864712024       0.81099390410508931       0.83268870601700140       0.71592049351995923       0.80271183975728522       0.85778987741220614       0.81306818894881494       0.81696811071223285       0.71537336984014954       0.82772134663213004     
   1.6021650013319404        1.4609805473397441        1.6345505717211031        2.1784558655993265        1.5282060404374902        1.6563114964213959        1.5641934186754449        1.9091254315779209        1.6153711651788301        1.9675219356149645        2.1073874940283499        1.7337891157627714        1.4061197498318840     
  0.87410680154382758       0.98015729753112779       0.98310860646812603       0.89995746516664488       0.83959152274138937       0.86740994551745765       0.74353752932661987       0.83594655614534563       0.87698538417764083       0.82840977125069570       0.84531233615975376       0.76147581088150185       0.86021916710981128     
   2.2428130819903274        2.1641018250818256        2.0844057449360940        1.5677488658305452        1.5965367730465514        1.7481217381706653        1.7974826032367277        2.2502314697666566        1.5442326992270488        1.7652327154731817        1.8506846176780887        2.0944713288700338        1.7205440373747096     
  0.90675978411634206       0.98507015576803691       0.98708527994961648       0.92106971874251586       0.87364041636659306       0.89978982836219279       0.77242970278902623       0.86687555969069274       0.89785233099906370       0.84343758415688774       0.87214833642077838       0.81285496876871233       0.89080884096325630     
   1.6515476214764113        1.7300335271641314        1.5801015198356549        1.9016459849539211        2.0166746098662744        1.9142740055730414        1.5440085164885891        1.5713912014143665        1.9934489404723807        2.0479247899480448        1.8213188310058828        1.6957959956515654        1.6936706570206534     
  0.93623001802054007       0.98859847841266468       0.99043156108017605       0.94283011648359671       0.90168060862110688       0.92705840522641725       0.80047175646018476       0.89850188754135929       0.92032069827531893       0.85709127965592469       0.90051588404552307       0.85768047873034325       0.92248847128698641     
   1.9448492529333390        1.8907544755016858        1.7270778209160493        1.9710127637211075        1.8227406638211603        1.6985065459530677        1.6915817485706828        1.7662468792906618        2.2159956748295611        1.9427011485272989        1.6104711815537518        1.8183600683293684        1.7799682433268251     
  0.96062485589909474       0.99195428489890924       0.99364985930283611       0.96418911648584893       0.93361189061933425       0.95221684134544660       0.83976310940188037       0.93133777520851968       0.94241691509272607       0.87524388502116590       0.92876571960519561       0.90218294160748791       0.95232407252301388     
   1.5183128742298722        1.6697795497043146        1.8462690308507264        1.9545757301543305        1.8972882656176320        1.7413735192288693        1.8775926982763815        1.7413335015565925        1.5663472321894263        1.7940383758848244        1.7011702446765713        1.7934045920572266        1.8440629869114957     
  0.98122531466403851       0.99578393425888345       0.99681173595621975       0.98214161143499712       0.96531539338987160       0.97644760635526107       0.91820146322521745       0.96433466333725792       0.96899502328094655       0.92209131363440311       0.96196452983655578       0.94647457168925919       0.97705839411922957     
   1.5081063093879592        2.5332669143265862        2.2999799734311779        1.8181709367974004        1.8307469349259826        1.5446304182803294        2.2994527019069673        1.8314205632600724        1.7668642768848535        2.4863983464090347        1.8680624020119823        1.8019625190800519        1.8639873137059644     
   1.0000000000000000        1.0000000000000000        1.0000000000000000        1.0000000000000000        1.0000000000000000        1.0000000000000000        1.0000000000000000        1.0000000000000000        1.0000000000000000        1.0000000000000000        1.0000000000000000        1.0000000000000000        1.0000000000000000     
   1.9026231638615676        2.2057943870322818        1.9070879282511510        1.5501694352928239        1.7879810666926339        1.4475946466507530        1.5505781476674114        1.9181982746821813        1.7400592446413343        1.4836515635049525        1.7456262126831177        1.6757480407907630        1.7443280333268494     
   7.8259660504094262        33.120271257612018        33.876663848313640        14.711074876638932       0.54004429648510799        6.5060074454641201        8.9444437013614007       -9.8682071884596247        15.963952695283282        21.347109460961434        10.924980782511053        3.0956103985289207        6.5781715974432986     
   8.9496699200243910        21.893116667468558        18.739680659022635       0.19826454567129537        8.0393974115653091        9.2752404938757760        9.6169245822471954       -2.5856226092121175        16.545443293560890        9.0517315253468169        7.4608080156527494        6.6651476467636090        9.1124924350744028     
   5.1619225996461831        25.655528606561631        12.049020130597837       0.60784029450115784        9.0645385282346549        5.9085302660142647        11.661697897566125        6.8820157278959648        5.9427774233175263        8.7209092526284984        11.168254506641896        10.715936996629766        11.138655391652303     
   5.6772682669098415        14.370938159620062        10.076170404082887       -2.6730861675937021        4.3098621747276873        6.5164088777059028        4.9372945957485088        10.967921499571306        2.4587711789203932        10.365495020740987        6.2195740605385241        13.143564056271034        10.738057345850162     
   6.2726317957756841        4.3942743064680290        5.6472418166091884       -2.5267388848234291        10.922040779949766        10.578143296222871        7.9765472059847422        23.154210064794711        7.9475409243960691        6.3710641927604659        6.8945992650984360        2.9886463190361665        3.8449800412653037     
   2.9490904207838380        5.5813871750898283        8.8521357372224792       -1.8016853191046902        11.566666591071902        10.904660877638966        2.2356062519113120        20.360542421205590        8.3172773248130500        3.7848687850209868        4.1872861651035072        6.1460651516923601        5.4826288143012318     
   10.546422925883704        8.7095557307949711        7.5341566865070115        12.251731472257372        6.7333375849415926        1.8742608181769584        1.4181225371356394        9.5642754767051947        8.9387609391243341        4.4216497304232298        4.3293507449438771        11.245916447294364        7.9844139003285246     
   9.2150064338086572        6.5970513967862656        7.7162458382241752        18.527685786126526        3.5845977973406771        5.3171631263399686       -12.155149834883431       -3.8132858833680778        13.255556154102603        17.571840131256742        7.4405436185869984        2.6467520912136075        5.8113091341479866     
   47.616010772150076     
           1           1           1           1           1           1           1           1           1           1           1           1           1
   30.943928603225860        9.3199310010551706        8.1594049379866543E-002   8.4298919800741885       0.78012997836912690        1.0722974525241859E-003
  0.62305387668014089       0.52795637489448533        8.9361425656941787E-002  0.65402710963875488        8.9344036058634321E-002   1.3447267204852714E-004
   7.9209571460581631E-003   8.0517866812434349     
