 scale variations:
          -1           3           3
   31.724059028738552        25.220453430285829        41.483919782748949        35.760475811988591        28.203329190719881        47.282700541838139        26.785741718453366        21.574858906213322        34.381228229141797     
 pdf variations:
 NNPDF31_nnlo_hessian_pdfas         103
   31.724059028738552        31.679160218201243        31.751716836307931        31.658436234939483        32.002851981034254        31.771081860821944        31.602922495379854        31.766555631583451        31.751711065112794        32.072528277075982        31.455323133219643        31.567788002868408        31.946877375466208        31.562526672499256        32.030064792775420        31.775947823891521        32.011611566450370        31.506511284818835        31.517215359886880        31.835151045822716        31.666288898372589        32.043748715341600        31.784406272757664        31.580486901827079        31.691942968705682        31.842903177553019        31.278346342991053        31.580364581794818        31.798445423349492        31.711678719260981        31.517003897892515        31.970511667968307        32.004270798504578        31.746662925343923        31.468106586788817        32.183627782595828        31.948935176041207        31.537011256665771        31.940123684693184        31.604975047622183        31.718652389767293        31.808753182891202        31.840128521326449        31.677312742937911        31.876060765631046        31.704072871368830        31.753279841985577        31.576111304134365        31.855365826830187        31.802015058048557        31.772716252897109        31.851904078460770        31.645938632819281        31.725005460752062        31.813543473018090        31.649784377080582        31.717423090046292        31.731780750281267        31.837675496211492        31.785904958600000        31.682374187627989        31.722013534691218        31.691448978944916        31.590056874439551        31.472296645792998        31.804390640606378        31.811618315379700        31.694331898759401        31.731900857031579        31.794325431732954        31.696280183456871        31.700892244315451        31.666308872719966        31.742859898768437        31.746246799000808        31.786450506461577        31.664834668013455        31.690652639634081        31.761969613353706        31.686471607901293        31.784079467749009        31.769594267761608        31.745223494427812        31.714354010379690        31.744031628817449        31.714794588329649        31.793275171001955        31.662149332333186        31.716380653174632        31.728776750262657        31.629116758653502        31.620444582798644        31.693696948178037        31.716755301909327        31.768670412800475        31.678414084888100        31.743061717885297        31.760070876256655        31.692964879588438        31.768982886805542        31.787139771999868        30.092467527989463        33.482784707755428     
 NNPDF31_nnlo_as_0108                                                                                           1
   35.343553215855543     
 NNPDF31_nnlo_as_0110                                                                                           1
   34.922549092276817     
 NNPDF31_nnlo_as_0112                                                                                           1
   34.405935123204749     
 NNPDF31_nnlo_as_0114                                                                                           1
   34.207620651131592     
 NNPDF31_nnlo_as_0117                                                                                           1
   33.486722103088027     
 NNPDF31_nnlo_as_0119                                                                                           1
   33.637250174679139     
 NNPDF31_nnlo_as_0122                                                                                           1
   33.078314959908909     
 NNPDF31_nnlo_as_0124                                                                                           1
   33.008391563404700     
 NNPDF31_nlo_hessian_pdfas         103
   33.842523872410389        33.767374796363143        33.908674763483539        33.742339520308470        34.169501547382282        33.755478828380149        33.721802847063245        33.821773565018077        33.743303334994209        33.927777060445166        33.477979447842280        33.819511150138382        33.894642980194341        33.989480586880276        34.087768534269799        33.534003735772281        33.963309975313074        33.686890126555816        33.940817139110720        33.883765649660226        33.692338788207017        34.125246159233143        33.892382459704365        33.885436425326418        33.990182002073965        33.615127027841964        33.768574879258367        34.070141865787676        33.840141752359152        34.070402622608611        33.826460913178828        34.064057928187466        33.480516096786815        33.919727164295416        33.907012820518041        33.578351731415637        33.479268309049296        33.654841425991300        33.652392811674630        33.656772988873946        33.707991078337962        33.565509991035363        33.749622825059717        33.959142181105044        33.601054167811803        33.810657013948649        33.718885174088669        33.876894136823267        33.810039041170086        33.777502753892129        34.049265430750452        34.116129676515456        33.818885788760944        33.804947529936847        33.933740427873218        33.770280105161902        33.835874927034965        33.735292053725743        33.790717537262438        33.981051738215811        33.943395559772839        33.809295942314350        33.807614905562936        33.914523352675282        33.746097078786100        33.743100901937886        33.940308633944753        33.856274532923209        33.777157516081239        33.895010424439818        33.633859471106348        33.805579791782350        33.846360718976612        33.790717274086575        33.890795299145360        33.810998453839417        33.812396675780299        33.887299763974973        33.909396852384674        33.873503296723221        33.856545092893661        33.855983316481421        33.795633665716998        33.911459005564133        33.811466400993375        33.807086865775801        33.874927653689383        33.841150722399625        33.782710407587921        33.675581257211704        33.898674641119563        33.856728074284099        33.799567209566014        33.896041165965237        33.887409825922042        33.913963206937105        33.835859694491894        33.857754551325570        33.809843502574253        33.885043686721410        33.783382225397901        34.223853616978239        33.622922043076755     
 CT14nnlo          57
   32.822754579224842        31.862421132478062        31.857317372248108        32.342216154090146        32.795362494111117        33.020427497766917        32.511197558622193        32.105838423546004        32.489174625721105        33.203226693297445        32.509131535284553        33.108835831982958        31.867114888100900        32.379846524289903        32.944256330153593        32.888364614880970        32.244094383753094        33.415629626292215        32.150304922103523        33.095654278038857        32.518983592096077        32.583506272901118        32.963012977312232        33.092079963400039        32.512491705389174        33.282343214917930        32.444797245140123        32.082706785619003        34.072549717389542        32.558263892642628        32.983306319343875        33.612927963166953        31.599534234931149        33.317968324903461        32.344734911142169        33.506546674257123        32.269937470672787        33.961204580790380        31.566763164441916        34.341782270335109        31.109089437427741        33.096343888702499        32.989094690616987        33.183938177887789        32.231662090675108        31.598752715614967        33.730777870239386        33.097643962520941        32.682067187472136        32.835423112224966        33.012839893466655        32.907698376513707        33.191409622434044        32.438120818247256        31.799263563055074        31.846986228735570        34.428480793439547     
 CT14nnlo_as_0116                                                                                               1
   32.703349666730119     
 CT14nnlo_as_0120                                                                                               1
   33.025281028304384     
 CT14nlo          57
   31.814343263198516        32.084628035243576        32.022700317925896        31.473418487775625        32.099970638895215        32.376599697342662        31.582152537606749        32.232478556933145        32.013149177048426        31.452794309149709        32.002510121634572        30.517329000265349        32.800756176744031        31.548597995724350        31.515694993497789        33.197624879104779        30.037288218230835        33.330715712543572        30.107881775364628        31.896607755811822        31.661648466186417        31.960389996924491        31.443664616776996        31.800583597376402        31.707906141916965        31.497346630716706        32.082245004387786        31.707205806168844        31.911988407403207        31.157414422266822        32.038430907452451        31.339746562642823        32.417549727000242        31.864609386638854        31.702140943883162        31.350109391297533        32.363956742462882        31.645858845695457        31.725492784371010        30.927450466851525        32.090611958579387        31.718584863354931        32.015469744154615        32.025426162626331        31.370547723825208        31.636528653924806        31.084961986094381        30.929552665026719        31.722383934987789        31.117867802489897        32.004233527551527        31.043046110082180        30.832036285180454        31.949883397590607        31.378267053862338        31.249948330671806        32.879384570078031     
 CT14nlo_as_0116                                                                                                1
   31.778967155554813     
 CT14nlo_as_0120                                                                                                1
   31.846173932463206     
 CT14lo                                                                                                         1
   30.934667490483164     
 MMHT2014nlo68clas118          51
   31.195086520709779        31.014887628804420        31.389459458732571        30.960946091667708        31.355659269714351        30.934331292771525        31.442050918934196        31.136647694769465        31.259469471496502        30.958677836546663        31.430019292963134        31.124464362059584        31.351016700819180        31.098184921063254        31.371761617997450        31.295701052375861        31.137840432063598        31.094827671092691        31.316916893338771        31.119007998341914        31.258611908531606        31.419671492435665        30.908551286305567        31.054432335571015        31.293836239200942        31.178624550252533        31.143657003857587        31.285167224892618        31.186310480656946        31.278979013198061        31.094439803090914        31.623112677935449        30.743402518412559        30.804100095019859        31.603983703203625        31.235417818930991        31.169215311382146        31.082532190903940        31.313747750285646        31.170102173196533        31.214152189541942        30.208437827680442        32.233762059966843        31.530871716255426        30.765984400740845        30.920480937742738        31.903428873593977        31.255372422395652        30.863674162316411        31.077597601045657        31.149425560016070     
 MMHT2014nnlo68cl          51
   33.155503739736417        32.964455974475250        33.401462888204023        33.071065139874193        33.242688522053164        32.795618754302303        33.302714831067291        32.906269321763361        33.407209817623752        33.000429558389953        33.306697056356562        33.549126804944670        32.988451959265980        33.116623598169276        33.205602162711216        33.057223205995989        33.263498030627147        32.905674509685291        33.295181699265726        33.141813466642802        33.179969921338696        32.912278924776182        33.325136537861148        32.728733154868380        33.561623546201822        33.212278760238547        33.016826680737367        33.195874735594579        33.176740163527853        33.008895495856379        33.534630867160338        33.481678717740081        32.525408923754561        33.288085451669190        32.943369121125819        33.322024275293494        33.101113096580249        33.140073033202285        33.207241654584344        33.149940708279182        33.149291984585901        33.973967385388868        31.654391629506524        33.234738830435042        32.461833199572311        32.745386623871788        33.439033321884452        33.777269777981353        32.872396263152545        33.155027018535534        33.005965477303683     
 MMHT2014lo68cl                                                                                                 1
   27.182493994788761     
 ABMP16als118_5_nnlo          30
   32.607897602424487        32.605072994329461        32.508304447332684        32.776410127363157        32.609777879749295        32.727638360351463        32.436649904426282        32.735931698808741        32.312845140948717        32.497488631095777        32.671709245117064        32.517972612631780        32.701138266484193        32.736502879979469        32.423280202935786        32.723841059833248        32.493020912034304        32.582791970235895        32.473017072969974        32.638953683080338        32.637228139826369        32.450604106275712        32.671487939686969        32.405673767474958        32.634643432988561        32.509812383844498        32.648233463598949        32.467407401856441        32.942109699654772        32.545973937845211     
 PDF4LHC15_nlo_100_pdfas         103
   31.281290774235806        31.306579548999483        30.967925373753996        31.902541078664520        31.201787609234668        31.301270998306332        30.903560985412923        31.545657555178916        31.443814101473414        31.166527205832665        31.231536557558883        30.764323310045107        31.327553295763487        31.272222298302541        31.280248252251518        31.197984355626900        30.935193826799306        31.615735154118738        31.818783738540972        31.072147136416437        31.391491672012496        31.201296490123813        31.170889324629119        31.553729935591331        31.225160925495025        31.000504302328032        31.156821245097284        31.571780255083500        30.966571779350382        31.324677489528344        31.655479135527937        31.178603613876113        31.302062474959676        31.525154843393402        31.485218653531927        31.489042841612839        31.161334064906079        31.367913534501916        31.300417429938413        31.381578237727396        31.284256103486950        31.315039894168379        31.389567955189698        31.218256591783465        31.292316940530181        31.462027635376902        31.343091799459980        31.229940797310430        31.193904920715070        31.274443795394649        31.315252630051553        31.221520734495574        31.469929802141959        31.218233327498798        31.334640414417883        31.288774777682388        31.268722551098154        31.208591263010213        31.273141601480901        31.149471688324290        31.254272903103907        31.446450533574950        31.115558506280788        31.183504833422873        31.308894407023828        31.265653016875305        31.205374839801994        31.352665347990023        31.338470356589816        31.308181423443457        31.175071388354301        31.356882311958149        31.352974766134853        31.274212748575248        31.264189667108440        31.234569914011743        31.334692734297558        31.183199327289216        31.297774479452237        31.334547759556504        31.312326468267159        31.234882791418670        31.254436332689362        31.222436589993364        31.275864172483331        31.346401916942501        31.264346769398344        31.285355870689482        31.289265242693109        31.301304425457893        31.268452418024832        31.308080406736178        31.265573892387120        31.298045584242690        31.253777093192316        31.259054558839690        31.288572642890301        31.270461861714786        31.320235311489196        31.302111739864582        31.263315617130022        31.143639606196572        31.324773664151493     
 PDF4LHC15_nnlo_100_pdfas         103
   32.628915261603751        32.780802257492333        32.430094767965947        33.000178389848429        33.119669408513758        33.022922118361009        32.832143951296359        32.584296635984558        32.657509390553166        32.764247715272411        32.558213758366350        32.964695206971953        32.692792370295138        32.916071693816512        32.519632807696304        32.974208390027911        32.325277133554039        32.653131377492791        33.064526116418840        31.931025206194491        32.430851892373745        32.740673818828277        32.200923820393811        32.633427751466890        32.868313361980661        32.635138871828040        32.525753292635223        32.576654121165795        32.667078131149069        32.655745503586282        32.644110928090754        32.398947321847594        32.594216507392524        32.309573245271082        32.450545737454171        32.811224533292908        32.862876883042588        32.650301401542919        32.561073609560609        32.835550471925757        32.418336638902474        32.502927360469442        32.461312579684652        32.660311918123497        32.551735788254909        32.685174874847846        32.480385290046677        32.202263779216771        32.523291700779232        32.629264472531872        32.663316143650782        32.576876168195412        32.601173302281303        32.693214900810105        32.553760324933513        32.634090239336928        32.790125277137932        32.588412565587170        32.545399527897182        32.571156889494134        32.687549405829692        32.612834599428560        32.590864344691319        32.600343100133088        32.527851913501159        32.871029441442936        32.533812605700980        32.676671710311574        32.723025009216599        32.659990503531880        32.588425714180111        32.639149880541886        32.663386354530417        32.640715133352401        32.683594872338695        32.609830886697978        32.610858216396075        32.704804306499469        32.567012889167550        32.511577346155590        32.640150982451438        32.672061038686429        32.621328235631076        32.701101551835777        32.626986241862021        32.619727389877880        32.655437996750862        32.606274441831410        32.647929267494725        32.643719174759269        32.602139369511363        32.628062769396820        32.634418188791329        32.625327461047711        32.631573490123529        32.650603676823501        32.614178101163340        32.630358470047085        32.632343237493565        32.610429727455355        32.632039484654818        32.624853267475217        32.786832662287772     
 PDF4LHC15_nlo_30_pdfas          33
   31.280792883099963        31.597910509643146        30.614120040560870        31.259374483735741        31.999729651034052        31.245785824430701        31.527389368561099        31.352719233364457        31.230017699304241        31.515534203406169        31.255731601694180        30.974182947927670        31.131296271889440        31.205970473662937        30.910223449697053        31.234830416808379        31.425574342593375        31.006537824858047        31.175589684386591        31.233789768153564        31.872624539781782        31.225102701399319        31.315820973071251        31.313941256852669        31.426744129016260        31.194079645221066        31.281603633087627        30.603067521798700        31.303924707537782        31.138657731173293        31.315100277739813        31.143639606196572        31.324773664151493     
 PDF4LHC15_nnlo_30_pdfas          33
   32.628526429659637        32.849097434899477        33.225716531663828        32.687120496463820        31.751776528672352        32.688958023838730        32.679634295672763        32.597362015315554        32.777016150996026        32.187394815071173        32.516289444456852        33.242847897317525        32.702553223517604        32.732533543634851        32.536349431451775        32.863603488403101        32.672699743193967        32.602666182542542        32.665223309703322        32.745687792396701        32.450279718359333        32.418892094069520        32.579404284147358        32.651741529929012        32.419106857222417        32.719088487599151        31.801118178572942        32.681814636070762        32.646564981640729        32.560206302187751        32.895883441652984        32.624853267475217        32.786832662287772     
 HERAPDF20_NLO_EIG          29
   37.713663342352135        37.887415670251478        37.541093296924878        37.574269429966165        37.852919823301690        37.820754462770466        37.606758518650629        37.367904499435134        38.050825945654857        37.950674972307247        37.476055850581012        37.978032229214762        37.446815362365072        37.841376849500136        37.584052209069888        37.632301949181802        37.778342263353608        37.721681036334950        37.679862156946612        37.560684799860745        37.868522924985442        38.217426442571700        37.183405652055818        37.525730361962715        37.773995174029238        37.309700763016664        38.167371509876169        36.900128745242618        38.353474969191211     
 HERAPDF20_NLO_VAR          14
   37.713663342352135        38.539075397821463        36.747197100248073        38.666933157653190        37.045972659679414        37.583793539890877        37.464722523023283        37.605861490552066        37.821538763555679        37.041840393687750        38.386160549750002        37.915004741732794        38.241537167262351        41.494777262299500     
 HERAPDF20_NNLO_EIG          29
   36.128076538024217        36.286178600765759        35.996957481738242        35.992109106100095        36.290496449421902        36.180135638515281        36.102293638257748        35.724157426271759        36.547184026219725        36.371333878151511        35.908462231767366        36.106620572089042        36.175828429228012        36.120932267502461        36.161471305400411        36.116731782454764        36.160387709261606        35.957485228229231        36.320549387758405        36.295342383563536        35.987061793799000        35.491705332021013        36.761619086341071        35.561058120513138        36.738776158233968        36.103607996235937        36.076983315111171        35.841975691308058        36.283175094957720     
 HERAPDF20_NNLO_VAR          14
   36.128076538024217        36.969749745193319        35.204482095327258        37.181946359062593        35.481340123526081        35.078278465933103        36.714593739830924        36.049664047605297        36.284255943221865        35.391443696557857        36.074841711077866        35.908242321213443        37.075901628144990        37.776310280649859     
 CT14qed_inc_proton          31
   31.410799719575717        31.390926784373779        31.371072713670191        31.351148922355296        31.331313892686044        31.311365253480542        31.291519454212853        31.271803680538927        31.251863237420928        31.232040921945874        31.212105642330112        31.192353162723197        31.172408021899880        31.152729203809571        31.133038860126497        31.113109403160021        31.093431740432536        31.073492307370799        31.053748586616649        31.033897213417635        31.014192489901760        30.994545569623000        30.974577579865539        30.954900877131042        30.935115291041694        30.915350435191183        30.895724034520981        30.875903127086232        30.856109958679259        30.836382700642673        30.816761593367360     
 LUXqed17_plus_PDF4LHC15_nnlo_100         108
   32.618294728696419        32.770178498336172        32.419779302803292        32.988685910668742        33.108183607455750        33.011514324372172        32.821298290238580        32.574371061975292        32.646624410624668        32.752885409125348        32.547160201937288        32.953834729537377        32.682112510516646        32.905057245642546        32.509363271361138        32.963821024707805        32.315471943945575        32.641676910695068        33.053545744748824        31.921250511455433        32.420186555113290        32.730233195937501        32.190258232785240        32.622972676340055        32.857652671827168        32.624130715233875        32.514791224981778        32.566710947340596        32.656257929622953        32.644743058371390        32.633841888899930        32.388985706199158        32.583717477354050        32.298940126613907        32.439822841297492        32.800299307730469        32.852148157744658        32.639693553421033        32.550082211717822        32.824804633277722        32.407755880499458        32.491665395662032        32.451110418617397        32.649811163965076        32.541563803890575        32.674455575108858        32.470186129572433        32.193412880541644        32.512421705206386        32.618356867051638        32.651947518736215        32.566521678027712        32.591051703212756        32.682534266254969        32.543400859246489        32.623560656844859        32.778866642809660        32.577331286784499        32.535536795511007        32.560452964811020        32.677228935363750        32.602074280787534        32.580320334416491        32.590226275463209        32.516624874022867        32.860680747621785        32.522999207649192        32.665849711235637        32.712496273969712        32.649551706383953        32.578609723350354        32.628962343232708        32.653348303230594        32.629277328777903        32.672323074406322        32.599407822541608        32.599940539756538        32.692824028664248        32.556738697496321        32.501076885999574        32.629722968483875        32.660712759372387        32.610304709400964        32.689561234248167        32.616521757065314        32.608896729242815        32.644901692551571        32.595559999623077        32.637817853132013        32.633068797302833        32.592090855741517        32.617451269014751        32.623403134881663        32.615069426664107        32.620222660778751        32.639794897912253        32.604208329175123        32.619764232584991        32.621069352868432        32.600031756066727        32.621475125503132        32.618281168403534        32.618216494340373        32.618306887999225        32.618309253296047        32.618330871059982        32.618300745977031        32.618242794371959     
 NNPDF30_nlo_nf_5_pdfas         103
   30.810220332545985        27.501423334462636        30.242345678321982        31.355623214475756        31.446152766252485        30.239698872343283        29.766553284533998        32.811154269325812        30.395850065193283        30.900541965953188        31.013307456405549        28.437350156555357        30.657772383751475        33.493265559464760        30.720042714820867        30.345772591344588        30.974138161834286        30.383044642843196        29.434312194735341        31.281170739471182        33.121293142178523        31.533774193422424        30.594266650924066        31.666467557005959        33.593727516743030        31.556976541768041        31.268500247863326        31.917900626986608        31.316848652067826        31.301592265206406        32.434551260874599        33.344640602916598        29.805897751462119        31.929105894909025        30.508427487198716        32.515180616468896        31.381799231654256        31.748988615696881        30.451032705829629        29.280247968624909        31.298829742106015        29.240402277015850        31.179809999535355        31.900372482943794        30.057905895267702        31.461686786770116        29.485782456815361        29.531450858277449        30.605205238436518        32.054956757536871        31.247219955169047        29.997046914052074        31.200845610116634        31.510820784390646        31.271387226682883        31.516895414922988        29.523311700157837        29.231464244836999        30.420180531368338        32.482426543607012        31.780250209780828        30.672950304095213        30.745316211327438        30.723722021091877        27.469020047172762        31.254916204314874        32.132706226315996        29.478737920712490        31.679648829864192        32.102685652116094        31.592322182960690        30.546934084372694        30.230080220301286        25.833410469003923        31.536008321013671        30.441984361883126        29.454879857353593        30.807260137978094        30.138021358744748        29.942853306073864        32.051594133364858        30.940342013396325        32.197047059392176        29.581263869835048        30.474712486193937        30.860851704046567        29.522446332542298        29.749706444890691        30.072188504539309        29.396805238798997        31.717110748748066        31.332384266605469        32.229890186565186        30.809365217579181        29.010948043319338        29.790045180881730        30.631252159915746        31.744700548604726        31.892889391652272        30.706692239704747        30.237424089648940        30.863858339203329        30.777270919850103     
 NNPDF30_nnlo_nf_5_pdfas                                                                                        1
   31.817485951613460     
 NNPDF31_lo_as_0118                                                                                             1
   44.180749428807495     
 NNPDF31_lo_as_0130                                                                                             1
   40.259998520918927     
 NNPDF30_lo_as_0118                                                                                             1
   31.010258927366287     
 NNPDF30_lo_as_0130                                                                                             1
   32.727604786455551     
