   0.0000000000000000        0.0000000000000000        0.0000000000000000        0.0000000000000000        0.0000000000000000        0.0000000000000000        0.0000000000000000        0.0000000000000000        0.0000000000000000        0.0000000000000000        0.0000000000000000        0.0000000000000000        0.0000000000000000     
  0.10235019984908954       0.27132672578887451        8.3647345347182253E-002   3.3857207682573789E-002   3.1246720006639472E-002   3.0602017567697992E-002   5.7229622895844261E-002   5.7191064514388636E-002  0.44028075909019843       0.15748725266256575       0.16753417096944465        1.0705416099209195E-002   2.9377525138075782E-002
   1.0433871566154544        1.4809860410575488        1.4255125081496629        1.4729163504301337        1.6296344644343390        1.3368615178071630        1.2003444048692660        1.4536538448378744        2.1117094936306189        1.0952779610563175        1.7137114362854950        1.3132823102911046        1.6625901966704444     
  0.15063368787317685       0.43226557201852467       0.16872797619738533        6.4059641660686714E-002   6.6142798532952823E-002   6.1805919021676314E-002  0.11451848522271302       0.10557910167471643       0.53562364076868474       0.26575782273497406       0.23248813951690819        2.1790271574376248E-002   6.0508242841593465E-002
   1.7814082021931177        2.0871609310664696        1.2412497759584968        1.4546385034174796        1.5018343508883512        1.4087539562291191        1.7094832404174125        1.8022199420696332        1.6699791225494114        2.0991086189153605        1.3920342813097502        1.8819534634577026        1.3425224595717200     
  0.18292019885694649       0.48085317192826460       0.24739410678056764        9.9632559959978703E-002   9.5808925966708258E-002   9.3447699413054072E-002  0.15283926976711495       0.14405154963551683       0.60207446949397425       0.30245392063942944       0.26773247671257572        3.3614657728125948E-002   8.8990976508911968E-002
   1.4656441471719899        1.1310723595858532        1.3772180801515974        1.5961896425517805        1.5499423702817960        1.6393975295319345        1.4816916538931812        1.6460732255978210        1.5409506843932808        1.4218009414269923        1.4603534638748588        1.7049959630003144        1.3075501505020193     
  0.21456488439604660       0.53035286446733554       0.33306675432010269       0.13462759073094477       0.12493516531643664       0.12507612767278098       0.19161569958676991       0.18047221796171076       0.64070524305603049       0.32944435761755653       0.30056211718153580        4.5864433023180065E-002  0.11888042340078485     
   1.6423235457650860        1.4399381442738579        1.4909673895140825        1.4215312222066991        1.4084783862715222        1.3791404356168919        1.3762458676105032        1.4763938948083803        1.8292552523996792        1.4265876445686136        1.5352118388174079        1.5719008041254903        1.2954543307311326     
  0.24590634716621124       0.57629579485603155       0.41038854872000430       0.17437056734175049       0.15642710476621463       0.15397136459729321       0.22823922769427599       0.21398251301730856       0.67332361101489902       0.35775849253037462       0.32536610251489739        6.0111342205196622E-002  0.14733604739132400     
   1.4662544896818517        1.5450444027092707        1.7910969633616713        1.2599297426559919        1.4839738534165876        1.5996554844248454        1.4954677872221702        1.3199273907255773        1.4323151182185376        1.5265327294808115        1.5015175968380761        1.4275424428774526        1.2964862420947956     
  0.27487794860733045       0.62879100772083085       0.48989588540489531       0.21109402305415795       0.18672202667343044       0.17983002914661134       0.25868018609372717       0.24729570066794945       0.70020822519978787       0.37837244877727649       0.35054420977050860        7.7725010640724415E-002  0.17490718627282753     
   1.4290711793771691        1.5168746573431129        1.2374207596654065        1.4900739724620671        1.4487683850808020        1.3491451378042585        1.2484011399351875        1.4610093284345356        1.6047829432576852        1.3395812545051109        1.5367975180047346        1.5398492593547697        1.3811135967421804     
  0.30252624119876503       0.66918375030154198       0.54613267692036771       0.24118986323101788       0.22132194769521457       0.21121034722636059       0.28704173803271132       0.28100830868999277       0.72166850584560283       0.39770410380222321       0.37810905671436162        9.4437529723406868E-002  0.20258499532217797     
   1.3405047882767702        1.6331364911111121        1.3917869893938142        1.1408664158485993        1.4047253659044490        1.5580793594281945        1.2905925012898529        1.3018379183063085        1.4753861745139620        1.6376279759288621        1.2781375747836310        2.0186833051416806        1.4457876394978022     
  0.33011170656190086       0.70829734230148222       0.61162601484163370       0.26877810703042093       0.25964765259662859       0.23803755463215401       0.31490891746181093       0.31401347652891703       0.73990872118952389       0.41365890776625736       0.40366581038784277       0.11645378218829282       0.23128396853726482     
   1.3534632312555126        1.5998771794373634        1.5351157266284012        1.1593793320275547        1.7303797497564795        1.2852519656698238        1.2515931950147612        1.6200543288140177        1.2255614902039513        1.4546412055786486        1.4155688752482556        1.4499542198358253        1.3460968649656857     
  0.36180951505553371       0.73943350474056280       0.67646034396357757       0.29722316675283933       0.29769630917877471       0.27303087076329036       0.34182022229586401       0.33921368328904694       0.75762732399201760       0.42847975017233608       0.42908906662045082       0.13857990715994289       0.26136091142245343     
   1.4068314928396715        1.5186559953027958        1.4495166676784974        1.2606259743661861        1.5022324707748964        1.3452335792505181        1.2449652225162464        1.4297810751405291        1.3148416461850287        1.4281159938143710        1.5573323072841272        1.5180797867862423        1.1323871550962303     
  0.39850886748496545       0.76310150784618413       0.72374072966931913       0.33075169911648072       0.33266291806236159       0.31170154964913455       0.36981852515091468       0.36451379432816883       0.77452593578906526       0.44230265036614297       0.45532479839283496       0.16327697225932253       0.29235041049599270     
   1.4330043085641420        1.4229704504218137        1.6835580123854370        1.5232986957302730        1.4736510418671593        1.5034644295338540        1.3410017808947821        1.3836926222830339        1.2439167967010254        1.4569262091868618        1.4126264007124427        1.5078930418443051        1.3650344518936672     
  0.42795429110902583       0.78403042768569142       0.75983343316608665       0.36972101010115088       0.36446143265502801       0.34995025912174882       0.39704438283796156       0.38789007516458501       0.78978204257524109       0.45830368409881617       0.48011255628401139       0.19503264202902604       0.32270937444694781     
   1.3419312054166201        1.5794559544089730        1.6280878436463344        1.3321788394099858        1.7196879850968467        1.4925974467572747        1.2128153258059151        1.3420889820187525        1.4217656939172338        1.6174898369544335        1.2682082755748223        1.5684970617937000        1.3179903991844597     
  0.45819465618490429       0.80207455767286651       0.78791024451397385       0.40768647739943825       0.39633460370878054       0.38463388061477438       0.42531755932063420       0.41213506637030239       0.80516591763281764       0.47521308017633906       0.50898210660694965       0.22149150692262914       0.35426067691810409     
   1.5387491279541805        1.4724838848397788        1.1560396770707833        1.3741183573725024        1.3775727475732731        1.3972708718517768        1.4676716062444077        1.3614987179332505        1.3359651151716880        1.3759784560571817        1.5769718428472190        1.4387795974006270        1.6530089898720581     
  0.48918090262551028       0.81972437302093293       0.81549903663628265       0.45041496432945383       0.42882593852571016       0.41578515303701641       0.45434934381368813       0.43776896511297830       0.82060145850780419       0.49103276030720905       0.54014627464316844       0.25733122464376279       0.38962550009581187     
   1.5340894287091908        1.3702464156172278        1.3657320029174942        1.3573129983706358        1.3364490114970502        1.3958288446145284        1.7280988437526235        1.6355137606441996        1.4116581195503550        1.7384351395667186        1.2576865256784986        1.3983745708864201        1.5662808804804547     
  0.52002797952443114       0.83654137082119906       0.83344217852562297       0.49631719967293714       0.46182677490863416       0.44655969562719816       0.47848964998372617       0.46331854689207896       0.83423386929208954       0.50486940657022106       0.57157065218072478       0.28549487294522435       0.42805748588693154     
   1.1512669527634136        1.2860530343344589        1.2784267630209134        1.4212392700767886        1.4079864674564715        1.5056840284147546        1.1710832824801305        1.2883034613650435        1.5024033046854091        1.3371584241665135        1.3552169965121215        1.2062226449923339        1.4101015305163160     
  0.55074062597510953       0.85145939815482852       0.85099619075381405       0.54190310711341172       0.49305369411074584       0.47314835118411047       0.49869749700841753       0.48576307494181215       0.84705297175797389       0.52125362230547490       0.60169288278856070       0.31979007036110824       0.46018084611446647     
   1.4376922891784076        1.3244627728768399        1.2537669548149204        1.6048950611232851        1.6250903861086037        1.1877124199912990        1.3585437593799476        1.2325768736948233        1.5090847615274812        1.4397096674891126        1.3929858912322726        1.2975254703832066        1.3737340941220078     
  0.57930556350856621       0.87223723349072013       0.86959895233179441       0.57898134076860330       0.52429486799394232       0.49827904687709890       0.52008393415552701       0.51156697558850150       0.85829954863905977       0.53377923839542463       0.63198083456975007       0.35403935641509221       0.49211711344109749     
   1.8159172288993606        1.2894700841729936        1.6121941884574464        1.4207826602112956        1.4681128334274209        1.2077776328010275        1.3121825751924461        1.8271397505936555        1.3603204882935600        1.4587877187303040        1.3811095309919663        1.6145920936545421        1.3665214862264634     
  0.60703805741155059       0.88674272663006604       0.88918151438883630       0.61142714719271407       0.55607405848202784       0.52311213374681831       0.54095131882822112       0.53516785556771018       0.86975484889461352       0.54737218279373634       0.66615604478747037       0.38834337164020821       0.52326462415684627     
   1.4024233646814692        1.3378880680851750        1.5462750076536280        1.5247511604382902        1.1674625206379694        1.2758654147440471        1.5061767007145155        1.2357912032838887        1.4690936173102520        1.3389348117884752        1.3473863901203607        1.5925267417035081        1.5945227088747578     
  0.63663464676705028       0.90149671967756817       0.90560321964863988       0.64364165279731156       0.59021075204327533       0.54936012550888058       0.56494175919040013       0.55614838620859575       0.87899692568207843       0.56111510974589085       0.69944285998020272       0.42324304563772508       0.55504106792674812     
   1.3430707359876037        1.4745248771112482        1.3415769221841771        1.2860227590026470        1.3551668015555889        1.3770946598681972        1.5604082966212882        1.4620664276689839        1.3113427980883079        1.5784479099320889        1.3067137398655471        1.1457981353454578        1.5164351559909051     
  0.66599443513974310       0.91476318328429196       0.92021000324164881       0.67484723772711441       0.62396416931972865       0.57940061838706880       0.58788717811554758       0.57796709059189277       0.88828401935859047       0.57551298621640878       0.72841500596199127       0.46061927648612022       0.58839393080858915     
   1.5406313793706963        1.3172800391893278        1.5998111309565684        1.4381080918922644        1.3521726248695345        1.4555449314309761        1.4425816796663877        1.2275537138377941        1.1994012856982512        1.5157677192809249        1.4538620872452872        1.3548668378686539        1.6807251437595530     
  0.69277907913669579       0.92694897686602917       0.93289703601487506       0.70863266637815370       0.65170454538725575       0.61115331472184264       0.60772541902629929       0.60373814973848094       0.89645829036583569       0.58958164634146348       0.75770489986154221       0.49940543881135285       0.62412642754474790     
   1.4242653956577533        1.4450568070045637        1.4825270486642876        1.7595510255920370        1.4162829217742057        1.3481057882466148        1.3199907527099126        1.5187105981475442        1.2994897928418363        1.5225993273059639        1.4925742029578031        1.3088884819778062        1.4986130484540361     
  0.72092405372103163       0.93756063392323752       0.94448930069285963       0.73181728701650595       0.67972354803626001       0.64764009616311613       0.63090412293144471       0.63405912578922763       0.90476198969866684       0.60474938141828871       0.78817711380801547       0.53473607623205455       0.65362644598932806     
   1.4846940521756546        1.3102054142304527        1.2554986868666611        1.4978215684013527        1.4042647893515321        1.6358354218340265        1.4252281531334920        1.4859452908793125        1.2818267165464310        1.2579478147606982        1.6100379782367416        1.6191419636293023        1.3910209234942768     
  0.74666122595169071       0.94665390823768225       0.95262978213538652       0.75904577174197685       0.70765778382802180       0.67813999612017595       0.65278225855828498       0.66559326059059776       0.91340115052290483       0.61939270568252214       0.81686720478349562       0.56809062141143507       0.68662157670694079     
   1.5421059044618710        1.3022815825147420        1.3135067545583272        1.2653572616337379        1.3320118819731313        1.2564751479632628        1.3640746116863518        1.6387541760249202        1.4167644836523021        1.4796454464577906        1.2935375312195312        1.6056314389840043        1.5146432842871773     
  0.77112075596379659       0.95500578087879551       0.95924893708902059       0.78341736693532371       0.73661192667530551       0.71067224929066808       0.67948507358135124       0.69463741746945729       0.92172886597112713       0.63371583381504781       0.84189799656738484       0.60219882976539785       0.72059009439563315     
   1.4870472007296283        1.6038802167374402        1.2915238921498922        1.2828453064829481        1.4651807850526446        1.5632559942754998        1.7074841084934456        1.4392582372267408        1.4658102820088119        1.3790015266808582        1.4335927441585445        1.3908984378711959        1.4738738891018872     
  0.79425112515610441       0.96258801706500152       0.96574369769614998       0.80795990548218011       0.76959630277880486       0.74264246246690702       0.70129038221374196       0.72482788764724804       0.92973484581827992       0.64798984550461547       0.86483598582450427       0.63793865695769481       0.75592263834715212     
   1.2260097815350250        1.2717166600301566        1.2334416310971275        1.4541767159848304        1.3819498394590759        1.4833753489462667        1.3276076926712750        1.5664409167722386        1.2531337477937712        1.2887968591875572        1.3168278443753416        1.3534727759543421        1.3627031585584328     
  0.82123496187792278       0.96876818070958848       0.97192509927279969       0.83699828622105221       0.80243605676106267       0.77404259001144293       0.72263742216481519       0.75385633583617473       0.93780047810731015       0.66677385287640323       0.88898505739097944       0.67279261146256952       0.78804982783314326     
   1.3272888545209671        1.5031918286958870        1.3258039003354136        1.7427006047490270        1.5896554468356483        1.8504907067827066        1.2069029044865212        1.3514990019811592        1.5190679844546793        1.3163914231315572        1.4184078626618744        1.3944063045312309        1.3955510991152529     
  0.84778433771731843       0.97417456838116456       0.97834978530952954       0.86302563033991397       0.83591525249658460       0.80496238737523407       0.74808386218264666       0.78451727962185180       0.94595449572093815       0.68514582866527962       0.91005176927630904       0.70854489647403829       0.81969502037614572     
   1.6294486338663767        1.4549548227674824        1.4720259147351042        1.5232384539050883        1.4538957544355562        1.4934778608559709        1.5762553951547749        1.4251365331262145        1.8531722682527949        1.3687942230662038        1.4405676550992117        1.4469241372653594        1.3753078011695894     
  0.87042884488252925       0.97920571376936005       0.98318789884886038       0.88696418542115407       0.86474650185021606       0.83860947777806560       0.77341422895360878       0.81778912969903461       0.95356347222263871       0.70750650950456684       0.92634731332146858       0.75374323746528982       0.85303574470412091     
   1.2315157128885499        1.4678715225572281        1.4359587464419088        1.2322468031370706        1.3701169308802061        1.6331066934018483        1.6129429173753604        1.3208826147464927        1.1239046836643245        1.8492797373809586        1.3709828500569392        1.1889946958071678        1.6612060832687274     
  0.89304619780215699       0.98407072291812292       0.98782297021244403       0.91063368407238710       0.89069322125490180       0.87347207562816609       0.79422758294369267       0.85479820570143250       0.96108610250103332       0.73160887254777773       0.94176861443922655       0.80264059269163590       0.88648713199379592     
   1.4276460718671000        1.2819883563524266        1.7850529226558485        1.3776262074843177        1.4442039372208229        1.4550441196280492        1.3145209815342562        1.3574526461715297        1.4773604816714443        1.5140962654695636        1.3315981052382275        1.3399967727170954        1.8161570635032227     
  0.91912083805795608       0.98834390087015245       0.99130933816717826       0.93299196204863954       0.91618602636012136       0.90899933393000343       0.83644492630685829       0.89147074475018007       0.96889972837230265       0.75456727263387924       0.95766744973000528       0.85318224412740107       0.91788793873621666     
   1.6005866893507665        1.4475466791697125        1.3866675779181850        1.8108923169703390        1.2704999363312766        1.5540866517379495        2.0807255294201799        1.4736235384487200        1.3418751460939806        1.1472111751723166        1.5622247554409205        1.4205058065765064        1.2802584479210193     
  0.93772160919071768       0.99249778746913131       0.99445476394945642       0.95611494529885444       0.94372540760861956       0.93885259255065123       0.87289155370998472       0.93033273967171459       0.97641179671711875       0.77711091448493752       0.97263904248463784       0.90431601023307029       0.94699610743289875     
   1.3664687924007513        1.4208299769925667        1.7093545509042256        1.5940465200426537        1.3552505725803305        1.5295297347465302        1.2432888182707726        1.4599188232895932        1.4067148821064563        1.3070301788057936        1.5619011648187575        1.3419751182681032        1.4708703869714135     
  0.96231479018696864       0.99621563632714305       0.99729659105466328       0.97806900089948634       0.97168710184069695       0.96997510679705234       0.92419429577229828       0.96609468693635370       0.98687159310513162       0.83659357408252122       0.98661380331302762       0.95428748846524392       0.97306353303135962     
   1.4118800164026548        1.4265305330638125        1.7548517597172741        1.6347723799671590        1.2281575517948962        1.3002389244526846        2.2669164037927101        1.2824283580940683        1.5784389941470915        1.4471238204075372        1.5801402577334713        1.1868351511325959        1.5723519592344064     
   1.0000000000000000        1.0000000000000000        1.0000000000000000        1.0000000000000000        1.0000000000000000        1.0000000000000000        1.0000000000000000        1.0000000000000000        1.0000000000000000        1.0000000000000000        1.0000000000000000        1.0000000000000000        1.0000000000000000     
   1.6288365019244375        1.4639047747500948        1.4361642047256815        1.5469080733952258        1.4765899256127555        1.3801540075732157        1.7068063534511591        1.3763433910834939        1.3819296731823092        1.1874410942631284        1.5478389210233652        1.2021661196136939        1.3252190350594297     
   17.965356577560136        35.475378002578339       -3.0182990376841365        8.1101365529974174        10.249333416441035       0.98196547257939937        7.1289431564379111       -1.6123161626004361        10.626773810770926        10.213099573938957        3.7093171823622186        8.2873235082021424      -0.57992155429787040     
   14.812540571188226        23.786654543577843        8.5328827468597321      -0.11554020973015233        7.7298260204831690        7.2730351190820617        17.015763818533102        3.1456713313403686        10.626773810770926       -1.9971460528718827       0.56816967405736474        6.4619839145665425        17.057917123722049     
   14.878394457976739        13.911712825233067        5.1082926496905960        5.4098166100735812        7.6025206099274047       0.40252720363496497        12.395605506886243        6.4497030749284754        13.487687482200570        6.1975552138139030        8.5332120975680432        11.808151463245290        7.7928014682973243     
  -1.8548048282136715        15.850538448405102        6.2412189782809762        3.5324752756919464        6.1402869692453583        8.5499760696587259        14.335616516214431        11.277114453968693       -76.200475123448498        5.0633885011865640        5.5402544532230609        2.8105126411793213        4.0371671521544918     
   7.8408238725043162        12.916239171205858        6.9328838415343883        8.4325584227230994        7.6061162064528034        8.2968458692459883        2.2656070867808249        9.5873732496214075        9.5530842134838174        10.730986116818279        11.592701734627937      -0.54761018169084164        3.8977538549929927     
   12.497844476978932        16.348813034288586        10.471375960066371        2.7116158210171810        3.6759107438375089        8.7444847203321139        9.3454440612081466        13.259348401538222        12.648323622894836        5.6490256384150097        8.1666504582440531        6.4131662547897781        11.500708071427173     
   1.2748227887706518        7.0694552106129072       -5.4045947699062955        15.429391682221572        17.608405675512181        4.1698937694198408       -5.8644044464131690        3.0540757983205311        5.7296943011458517        5.9929308049180063        6.4118745129683621        6.4255764465995604        5.4369921123728187     
  -1.6160919140021452        1.0843285400695803        10.855776872971289        14.476784104392857       0.93617310982994928        13.157633184705720       -35.440566103178725        2.7352402903574360        6.3308592810054876        10.714600737916438        3.2562152383163894        14.565747446271793        9.1332975130325984     
   1.5678445573291606     
           1           1           1           1           1           1           1           1           1           1           1           1           1
   1.6164445796495017       0.41833287167470606        6.8621394604498483E-004   7.3733776126231962        2.8691310776377897E-002   2.7052178994942269E-005
   3.8351680996734604E-002   3.4984484831349368E-002   4.8332466140759041E-003  0.67860649558468367        4.8313751005650604E-003   4.0956890750479301E-006
   5.0000000000000001E-003   6.2964070999755171     
