   0.0000000000000000        0.0000000000000000        0.0000000000000000        0.0000000000000000        0.0000000000000000        0.0000000000000000        0.0000000000000000        0.0000000000000000        0.0000000000000000        0.0000000000000000        0.0000000000000000        0.0000000000000000        0.0000000000000000     
  0.12106035445301143        2.3250309324637897E-002   5.6767009482126797E-002   2.1878759074597187E-002   2.5955770924911564E-002   5.0912519646184498E-002   3.9623563954152806E-002   3.5420876887594224E-002  0.45976285257083649       0.26207269562157887       0.12410659929868952        1.6041324211888912E-002   2.5022057952121351E-002
   1.3111736734698556        1.2843838653636184        1.5904686429238133        1.3371939166994538        1.2981122723523622        1.9519192717712739        1.9057537913135805        1.3946937189778987        1.3673643831114846        1.2404958787423870        1.2296865729219124        1.4531728512559234        1.5798519256632508     
  0.17296012834842581        4.9126967887745003E-002  0.13521645848516817        4.0425153508067704E-002   5.5053765830677684E-002   9.6081392804397106E-002   7.4462334381001999E-002   6.4456979920564705E-002  0.57011994677040312       0.36753749897118165       0.21891528765135645        3.0549718439887484E-002   5.1845319410122881E-002
   1.5939585955969957        2.0718829490156643        1.5281812855038157        1.4113381945481203        1.6076251898671132        1.3669648688774947        1.6514398900009415        1.5311805382490049        1.9885655685624937        1.9179100175567900        1.5131905160584156        1.9495068747312825        1.8190008972008118     
  0.20532325577807933        6.7174056571282573E-002  0.21044904948143173        5.9218480269341421E-002   8.3858041900943231E-002  0.13758778923559584       0.10918702037527740        9.2017061896880054E-002  0.62392406944442880       0.41491901402361187       0.25100258418358629        4.4669941052854364E-002   7.9675565973776383E-002
   1.5173144022408360        2.1218470718202167        1.4441710855456320        1.5299560336980815        1.2754635774207244        1.4565277339671816        1.3937018821951299        1.2426431995898219        1.6981918268049991        1.5696591506097470        1.5786253739537861        2.0960661124213789        1.4105708679984261     
  0.24318324773447009        8.2334371501142728E-002  0.29940282270227675        7.9524771515154538E-002  0.11440335875133389       0.17593811667933756       0.13679172281830054       0.11996008181888118       0.65539965222226482       0.45319468567606636       0.27892925088013804        5.6806542555205432E-002  0.10811857250156875     
   1.6814459750762971        1.4897573285921339        1.3592021451805085        1.6634953821732716        1.5820472765311759        1.3948551778188656        1.4050590897993960        1.2855226756974356        1.3765246230687569        1.4151526708600533        1.5377067522427033        1.5732092918256708        1.3189891197953527     
  0.27130832041092423       0.11202149145627302       0.39697175111160243       0.10053502464934139       0.14922889400357417       0.21281326918779170       0.16490223894828629       0.14995100732439617       0.68320420505744550       0.48665998008416167       0.30542764895883739        6.9957925256497466E-002  0.13945528615429142     
   1.4038087927316674        1.6468729959967594        1.8125147978637772        1.3783022507438598        1.5897342868328894        1.5707654189603308        1.5620003724495399        1.5987654151059798        1.3407385694434941        1.5771132391750695        1.4997720482881316        1.3999416273668737        1.5571996088108415     
  0.29939294439740155       0.20068880632869590       0.47736959112637467       0.12510270666537704       0.18794232890209972       0.25195125585253014       0.19265175929500947       0.18051007976798925       0.71147942326999802       0.51615218896414272       0.32859842307140052        8.6704592950389056E-002  0.17287718017672279     
   1.4378937484294867        1.4356660359039288        1.6435409546609456        1.4290940881224505        1.7260234747960674        1.6733132846874148        1.3899912403119339        1.4242349228098867        1.7034565031301405        1.5917667744698261        1.3873844919788361        1.6198085256172579        1.5148822113490623     
  0.32441363470479612       0.34015305157566711       0.55197033431800846       0.15053697219491952       0.22059370164834982       0.29118756171021765       0.21897099872409073       0.20999976820344995       0.73877777898579200       0.54282112505396718       0.35132785344539469       0.10507424510655020       0.20919737823394663     
   1.5787067264257226        2.0103871991480484        1.6205737336856838        1.7351674677721358        1.6828566807230707        1.4634491557090188        1.2895448927526556        1.4834761669134346        1.8612541524579913        1.6821482542625084        1.5487263631778800        1.7952930596985066        1.3283213063054293     
  0.35561603633507627       0.42489944224706622       0.61651051356545283       0.17650565447379477       0.25085518475716728       0.32939438628391093       0.24578579628360184       0.24461749089427445       0.75784938191391915       0.56738089176536000       0.37761865145016249       0.12755249181540934       0.24300464401966740     
   1.2476676177667583        1.5228444805726979        1.6395668274095723        1.4717397172193458        1.4926035782051674        1.4822549402975225        1.4542639458622604        1.8476121482878272        1.3346091418650410        1.6847255945789799        1.4570418785964931        1.4509670960136094        1.4007438775362200     
  0.38918889464799039       0.48648036535287315       0.67413779861719392       0.20518178291897446       0.28021677322477939       0.36501102918116690       0.27068230129958665       0.28041927095166774       0.77513957539808331       0.59126678687156931       0.40663377934513051       0.14933912974741925       0.27376554235251660     
   1.5559825355533179        1.5322230128521594        1.4329740522033969        1.6159758409094804        1.5441110139475727        1.6294104345598832        1.4769834622226852        1.4792450077308175        1.4116324707471766        1.6204326111277259        1.3755543032725834        1.3746701472659577        1.3145115811175110     
  0.42157234672720340       0.53594266181808436       0.72287442980992378       0.23436098187005955       0.31086914082515715       0.39821367013213088       0.29620195848087677       0.31554317266310655       0.79284796810167646       0.61283740883534743       0.43416917004346856       0.17308569649798103       0.30451456550469086     
   1.4423709705366252        1.4038902964720168        1.2624878541870459        1.3637104776910192        1.5474290027130584        1.4130891181544443        1.2995454370403752        2.0382012090971022        1.5563913659624997        1.6318705965834892        1.5116043284278580        1.4704545396076922        1.4358004762701724     
  0.45162407340057842       0.58171530266867177       0.76622204030032937       0.26313876898595001       0.33988356703127315       0.43206826314371877       0.32662001913867439       0.34923358517420150       0.80818950209482743       0.63052758098874984       0.46343758682649611       0.20240438335314526       0.33905983114303317     
   1.4018909673528246        1.4678872394346636        1.3607764830107214        1.4419131154637326        1.3551379046228738        1.3801891187791737        1.6620632711154113        1.5967155138024600        1.4914961403858160        1.6952843504978186        1.4855238886858355        1.4689872737641991        1.4810284922597050     
  0.47662346961781715       0.62429945606738979       0.80806992686322776       0.29506654353433542       0.36727636454855550       0.46365872324714991       0.35620151278169759       0.38315534150638109       0.82415915950285301       0.64741130460873675       0.49369505485569637       0.23081271231009626       0.37165398216026457     
   1.2801040472971121        1.2881351733026820        1.3772438370145133        1.6203542898251866        1.3553464785794365        1.3741649314863094        1.6060291578789831        1.5585105139844873        1.1398911868767008        1.3615445939495463        1.4099508274437895        1.4406300344632119        1.5506989214846807     
  0.50227761516178171       0.66229511612416325       0.83620428066311026       0.32398608048505639       0.39252850905347386       0.49707487456637145       0.38809105079367706       0.41589250553076662       0.83778547394717329       0.66170801940210400       0.52518335198850008       0.26600567421236687       0.40609948030643217     
   1.4008998668618744        1.3402523780092002        1.3492004504626589        1.4309979209483927        1.3317234418341890        1.3432335046799382        1.3369731090771864        1.4022367409731258        1.4916296258550046        1.2862878056759413        1.4683124252675193        1.2760372928033092        1.3753357189245079     
  0.52492784231865841       0.69803459450260108       0.86257889867521420       0.35194753196637718       0.41942093995665591       0.52899054668968737       0.42017266969450368       0.44628616742485028       0.84985394914953405       0.67642454794730189       0.55811116416321949       0.30219308168814990       0.43799259932649554     
   1.2563263316605155        1.6136095027040747        1.3743588786430192        1.2921112003366055        1.1289425970259792        1.3528691223007219        1.7817226039788874        1.8695706143338839        1.5601409141350313        1.3434479292062984        1.3142148045308970        1.4318246724167691        1.5077950343767317     
  0.55182065787727863       0.72786801816910518       0.88457587612367616       0.38048082189875931       0.45136338050826275       0.55914086314871980       0.45022534940474462       0.47552663880489054       0.86169021814166746       0.69111888157118551       0.59478912548508012       0.33556540656393696       0.47024593903608913     
   1.3970906464532806        1.7055780335497581        1.5432200018942679        1.2870464116426301        1.3950220786704222        1.5196965295948104        1.5154850876498447        1.4571630857532989        1.4301128738316440        1.2410735251967029        1.5213007439023154        1.3724623952727995        1.5851945431336103     
  0.58191164549140950       0.75459032442792173       0.90403828269675823       0.41479103360451092       0.48177640328561028       0.58712906926075348       0.47970988813743615       0.50679446521381466       0.87221003996358293       0.70576276207794986       0.62491247035996922       0.36911456704547352       0.50243365570596477     
   1.5866082865878393        1.5341917101590949        1.5767196829046288        1.5985385232339693        1.4538488133077980        1.5644907563079189        1.4073104162350414        1.4009126121491104        1.3794382703041479        1.4104301011193596        1.2857221970637593        1.3236151500628250        1.4489333053963267     
  0.60955927970222146       0.78040647753610193       0.91896591409482098       0.45328980098117128       0.51486908770278694       0.61278747209945394       0.50833714086004722       0.53947641808162028       0.88318591980894179       0.72096598205467199       0.65986446509461838       0.40244868735584022       0.53264194790278285     
   1.7321472122144634        1.2946974710339092        1.3160699872147488        1.3366499037674309        1.5066191284528256        1.3598163349659700        1.2060650500615522        1.4569931148369510        1.5348831652094455        1.5178179964061100        1.4648800077480246        1.3178744135055216        1.3681190453062684     
  0.63655097425090645       0.80546253320974670       0.93091936274327847       0.49404536857661380       0.54808589450812417       0.63894416137976029       0.54088024177319693       0.56802493109272056       0.89264970293204526       0.73410232710767642       0.69437790484395157       0.43925307777751488       0.56059203839260285     
   1.5817766350524469        1.5377416499557681        1.1178392204637859        1.3872000616165592        1.4482773460502780        1.5300730695094031        1.5481415210858120        1.5567511375378902        1.5180985794715820        1.3927101658708949        1.5072135269211029        1.4875277925183197        1.4195781561050458     
  0.66336948143084318       0.82796316455103536       0.94184910254993959       0.53375209713085736       0.57879694447202223       0.66393795119655385       0.57383950901532677       0.59749055813486673       0.90177180344567243       0.74760113296668440       0.72645296019012051       0.47259269694106493       0.58906301786437998     
   1.5317608245077574        1.6277971212141624        1.4702846263467111        1.3843756026441358        1.4078540919660212        1.2365850212933702        1.3253365977705893        1.3508969311386865        1.3690166584539298        1.3351846851193363        1.7066610642947737        1.5005526302535110        1.2013053784026453     
  0.69121159647419605       0.84849516819835891       0.95088068357585354       0.56944206711522927       0.61233952041083173       0.68969837479357599       0.61045147293075774       0.62585048651114050       0.91071287067584161       0.75930180279318915       0.75541888215100239       0.50648925807250911       0.62160974723959461     
   1.2480596708000804        1.5301198924188089        1.5232708113319027        1.5645440824400327        1.4530851379292637        1.4122748828691947        1.6004418867792576        1.4015263754800156        1.4010081746686485        1.2912306579256936        1.2371129375661636        1.5192177515957790        1.5595573778473226     
  0.71762295242507412       0.86613923105454249       0.96072644170038679       0.60324402099179897       0.64887236227066580       0.71676428165384332       0.64493726646746485       0.65604135027638455       0.91975390808657920       0.77148065899908780       0.78435371261376707       0.53916980262279979       0.65259651789690298     
   1.5492478822239311        1.3728615613249413        1.8272117105930872        1.4550102740292603        1.6325575458633672        1.4947529211391912        1.6892788467858160        1.3950017328386402        1.3990408471709928        1.3404848363212731        1.5068831099792874        1.5575704245670736        1.2015475698045193     
  0.74253762775782373       0.88132631746014356       0.96851899421624754       0.63654261979817262       0.68370768700480433       0.74380446284962953       0.68382221156641387       0.68917546530631446       0.92868283321513234       0.78504113139554521       0.80771410947753086       0.57060950607391392       0.68559551532858487     
   1.3320048119784980        1.3538491547893599        1.5543526585460301        1.1117054357084395        1.4198391446229985        1.4523678183419193        1.5674585522284465        1.3816371477628440        1.2307860659926662        1.4779729130144166        1.4805740570652168        1.6271239522684056        1.3994524806088233     
  0.76564033964795819       0.89482250068004365       0.97576209652674106       0.67015306388214169       0.71503681749923453       0.77194777441395956       0.71445643499541955       0.72185314298944336       0.93670473713174152       0.79866921229432597       0.83211357364794192       0.60103770434599268       0.72213651804161949     
   1.8862600503639233        1.5696849491360714        1.5263468926889976        1.5115915648275846        1.6606336267317603        1.4286178168876769        1.1884490536257937        1.2945907959495184        1.3827909342645786        1.5063443003415193        1.4373829739335180        1.2800981156788771        1.3293119008307368     
  0.78983438249259352       0.90697930330792631       0.98081883853689589       0.71068910256436069       0.74509948531154957       0.79959329112890176       0.74643286330392933       0.75721406259742818       0.94437610514468551       0.81042886423417448       0.85784340763579026       0.63052143874576605       0.76057499833571218     
   1.3068762806996734        1.3046498924274914        1.5199300914546887        1.5573384517591962        1.3360247086490853        1.4177876229511710        1.5321351228706348        1.5882193059947320        1.3742124062584726        1.3651932509670683        1.5218544724516094        1.3516427699129434        1.6780079387679820     
  0.81358524004075961       0.91939887541442755       0.98488512148096807       0.74936612880679732       0.77509120918206043       0.82713098921166295       0.77471996143531441       0.78909078968781821       0.95172192085971052       0.82053133370712006       0.88115354546489422       0.65797250003860985       0.79616277501602595     
   1.4308378328279403        1.2769540328527822        1.4281082576929460        1.1968347518576108        1.4138618580621936        1.4114824293854609        1.2530134949394034        1.3563753958398814        1.3058317897686802        1.2533634045545408        1.4847239905781091        1.5249711474396390        1.8688992669401066     
  0.83901804039615657       0.93232557703720886       0.98820340811090868       0.78452548875211525       0.80584516463475975       0.85171984628037101       0.80607836410152389       0.81685924971487722       0.95836670162096915       0.83100640941395476       0.90525575540388381       0.68620196228292307       0.82678088237967118     
   1.4712090074555326        1.2404958787423870        1.2493302588447792        1.2970454875152813        1.2616342908725056        1.2967538926655540        1.5869599733706319        1.4433864319459515        1.5215896167394043        1.4604964097456230        1.6793916629581145        1.2269350580752774        1.5255063962276976     
  0.86474945288683158       0.94485384154984142       0.99128473101988024       0.82281448418973580       0.84369199799125483       0.87545624224468321       0.83462145857545589       0.84369439595873796       0.96479770015147770       0.84383610705900725       0.92256771184281228       0.72533102111484105       0.85707884201712370     
   1.6778510547526377        1.3484029953726897        1.2109433350959111        1.5057549291085965        1.7004355848091295        1.3969469712176015        1.2110045387065125        1.4393438154622025        1.3635629250630199        1.3191578467133016        1.5286118423006489        1.4123549792120229        1.3977153177187505     
  0.88929329024827752       0.95644782100645087       0.99394073235094016       0.86035832454121852       0.87452016354143547       0.89913287018426835       0.86467858500306849       0.87070113969940943       0.97116037390787957       0.85816169040284818       0.94303686336893255       0.77472747060221947       0.88572190850830512     
   1.6099622210871136        1.3726679525769281        1.5205653856993577        1.7136219648180362        1.3751320858266862        1.4900696044437878        1.4722502586559738        1.2655716582790673        1.4856709954063470        1.4279507444495503        1.6496981795455923        1.3540661046243225        1.4638404002066487     
  0.91151238831469250       0.96802950183466263       0.99615924302173631       0.89425383061158381       0.91040022314005398       0.92261856912832196       0.89722903418316469       0.90162627402521223       0.97705375742516964       0.87262722728427577       0.95863350689572613       0.83330378074645151       0.91213116758943402     
   1.6011568039629576        1.2473650898695476        1.5805535249939358        1.8121084957555316        1.5393513335948146        1.4359705693756286        1.4623256656545034        1.3190452705340745        1.5818430156375984        1.6643715936537598        1.4575297410519510        1.5019369561646938        1.4060674552434616     
  0.93550601644240383       0.97909904361377942       0.99773097007377276       0.92954425869769586       0.94066210522709626       0.94693977086746728       0.93219606709712233       0.93462547639629301       0.98270360740210549       0.89543201868001676       0.97394763225351777       0.88923996070840960       0.93958936893105072     
   1.3066940855079103        1.4648490407001187        1.5647575258591830        1.5081796676396624        1.7163745676693354        1.6584140464799053        1.3763375426717290        1.3996811545293395        1.6103693315872654        2.0674304991784416        1.5024971966971250        1.5330796661559354        1.8618057570738340     
  0.96488555379034668       0.98923875906036907       0.99894004316503227       0.96300533597255655       0.97071951847238414       0.97276180440433502       0.96554932004026217       0.97014322782480178       0.98995971988311859       0.93678573123382980       0.98668539100244657       0.94434522190596570       0.96838922678553740     
   1.4045020042166148        1.1974250300928677        1.5434338495482822        1.8198659413534439        1.6288302011501379        1.8918857869650720        1.7671007695294005        1.5526568489480235        1.7714910182715147        1.8117360431390728        1.5220368332798782        1.3125214338011946        1.6065840174850159     
   1.0000000000000000        1.0000000000000000        1.0000000000000000        1.0000000000000000        1.0000000000000000        1.0000000000000000        1.0000000000000000        1.0000000000000000        1.0000000000000000        1.0000000000000000        1.0000000000000000        1.0000000000000000        1.0000000000000000     
   1.5936374283810248        1.3928135775914972        1.5027956461996823        1.6393635860982623        1.4767982742672214        1.4778003062057421        1.5028204741424167        1.5891409160986412        1.4389204426446633        1.0667074795441689        1.4218311920663977        1.4234387943622362        1.4569085647486337     
   4.1077035775816748       0.57877823767016012       -8.1455829015924799        17.472995328050164        2.0884443957962247        4.2781788445281386      -0.86583366278915486        16.513866270379935        12.057655067916674        27.346601433360998        9.0409682293089659        15.105329736316099        14.766131052099599     
   20.894021385462228        6.1509568720847119       -7.0004460863475533        17.506832793025421        6.8585146407216815        8.7692709864544973        22.539925485890372        6.7665789505792215        6.8082399552148569       -2.4388112553297385        18.822443532748565        15.311205832045832        12.314932068917830     
   17.814964618638040        13.813823479869084        3.4757282048534952        15.156440143909496        3.5929200281896119        25.637144574927355        8.7708930769671483        4.5393209144055318        14.249264540784830        21.782022152126071        11.554605770496821        17.852117440056489        9.5113758419845027     
   23.643200268750743      -0.18706957865874535       0.77075011558717987        12.248760932004473        10.659472301328215        19.339816302332597        11.204781722515907        11.402335987269135        11.687337117099323        19.116978251844884       0.24111512549546621        13.278687651620347        9.8259102634846514     
   16.252161792052739        17.043097965464050        4.2217769756687709        9.7565845300231704        9.3898185292927341        11.362044744926163        8.9187990013631371        8.9063493788163228        14.809682995290027        9.4126150547321465        16.245571987609090       -1.4704744250254251        7.8083001342206719     
   6.1613504266692054        11.193664296020135        1.1112225520717112       -13.368524481404595        12.196897789770402      -0.19511895838909377        13.327296865768306        5.5907280776540471        8.9106547061580557       0.25430122661391030        3.7838110521456310        10.682860894540916        8.4262709533081317     
   1.4372751143017564        13.188056166251382       0.51762055974629084        11.304413587414889        7.2429278311181235        13.473427810785646        11.562897397570095        15.387767893281067        9.0748426871011159        8.3926409399344184        18.045351056843131        16.461551143845416        8.6512045161095461     
  -16.472627912635840        9.8927461393395042        19.321810450460969        12.992000212960491        16.656214791591175       -1.8974289733339711        8.4491647108513721        15.235900880123447        5.4714053188882321        7.4424562238027310        9.1003520799043898        4.0333574416875129        11.672804648375465     
   2.9811141487688428     
           1           1           1           1           1           1           1           1           1           1           1           1           1
   2.1096369346870545       0.58523278416447333        7.9980769034295462E-003   13.203156723818031        3.3487973411982862E-002   2.6291863911927550E-005
   5.7019744288878169E-002   5.3515071899020925E-002   4.6128889516693803E-003  0.79498383539276773        4.6108489947752577E-003   4.0837939951128427E-006
   5.0000000000000001E-003   11.395917988489847     
