   0.0000000000000000        0.0000000000000000        0.0000000000000000        0.0000000000000000        0.0000000000000000        0.0000000000000000        0.0000000000000000        0.0000000000000000        0.0000000000000000        0.0000000000000000        0.0000000000000000        0.0000000000000000        0.0000000000000000     
   1.8044948068187322E-002  0.11581606190687961        6.1944457923711047E-002   2.1914410922145695E-002   2.9153923000240993E-002   3.6286910997324916E-002   3.3488873067249791E-002   3.5068796774683941E-002  0.35577904893584511       0.11981480089888485       0.16055926631094608        2.8831162702669270E-002   2.8894480296578949E-002
   1.5214373991501426       0.91364847634048862        1.1220193649928503        1.0296833839824213        1.0294664164639913        1.2985790327188222        1.0996685181334225        1.2694167804965970       0.86620957642866181       0.95749673046591799        1.2297813525709091        1.3141166035181713        1.4191788491977915     
   3.4669309732971582E-002  0.18690557177467357       0.12602393438669524        4.5829380455466480E-002   5.8825379434510577E-002   7.2309876804838344E-002   6.7291114359998655E-002   6.6882554620862136E-002  0.52057881061706401       0.16988339991305923       0.21750895468393977        4.9081736519965689E-002   5.7621282034675425E-002
   1.1553105795696410        1.3693995545720299        1.1933462898377629        1.1400179606344198        1.0402668687937311        1.4464777133963911        1.0866000722448563        1.4105444418746806        1.4190915827934156        1.1650589727911373        1.2546699451124674        1.5759580274103442        1.1419707641428600     
   4.7630445838834683E-002  0.23142239103072632       0.21484695825148198        7.0965667468399343E-002   9.2164371125979777E-002  0.10836019935882892       0.10083459173542958        9.8325106781906646E-002  0.59073547886600830       0.19441523544814707       0.25563852874781018        6.5470074844236656E-002   8.4888085623424051E-002
   1.1823882676328918        1.0751508647037522        1.2311289760695321        1.2404476922628247        1.1236898533698865        1.2042218610634774        1.1403340361640923        1.0876627740265254        1.6978269499928675        1.1858596381828481        1.2276330679797118        1.1141762096907695        1.2868905235678512     
   5.6975429278874938E-002  0.27262002514151074       0.30291207504531226        9.7170497571553077E-002  0.13029617451293002       0.15016218490443206       0.13398115285555878       0.12930518242812569       0.62785786629625262       0.21837573952598030       0.28642015717925973        8.3767137516652920E-002  0.11345972790663740     
   1.3875753323717501        1.1779950575818561        1.1903148439439792        1.5318041936693889        1.1929071045593769        1.1846500309170891        1.1608370193643587        1.0926392262601516        1.2788642432340722        1.2110073792677594        1.3660652453760513        1.0554284582430338        1.0665144681598249     
   6.6119504180927338E-002  0.31526483357648305       0.39103389369900665       0.12522633291215438       0.16250720658908757       0.19023801701999743       0.16702076492556289       0.16210406476420616       0.66324634142447669       0.23835914852071571       0.31145578165804561       0.10502822093647012       0.14317565836119267     
   1.2826520385700966        1.1484554623400856        1.2276606879026433        1.4025027136016852        1.1160875053050903        1.1870010949226648        1.2095651145526896        1.1944605399355281        1.1446241880220951        1.2279842792999132        1.0583104558268821        1.0902469394953791        1.2114494315062743     
   7.3645953979738249E-002  0.35523674239917996       0.46541233793642706       0.15170394210406102       0.19564668731296320       0.23221893760536891       0.19910014176403507       0.19639275840662193       0.69724350934937906       0.25709057499947963       0.33100712180757419       0.12685552662251809       0.17340741952251015     
   1.3538671768015025        1.1941629191059919        1.1257082272162995        1.0282373034785111        1.2152642784274426        1.2823977677789982        1.2202241717197604        1.0351442982102810        1.3013069945971121        1.2563529870158092        1.0059709167233610        1.3040406957137745        1.1062043616162631     
   8.1912676369614190E-002  0.40589608292317336       0.53419092452121175       0.17820645158020729       0.22788198672747767       0.26875914978354393       0.22876499334857803       0.23042640513873783       0.72091180833747781       0.27643359423322938       0.35672855438880513       0.14984688728025686       0.20698799232793944     
   1.1820043831345197        1.1679576103653910        1.2024385355379577        1.2175181395596333        1.2290899016213703       0.94055074247110348        1.2331499207069974        1.1576896967492261        1.1246746759240132        1.3898537336918955        1.1877387547722049        1.2760895582938243        1.1233525179378276     
   9.4222407410099920E-002  0.43985752948522699       0.59467892559310775       0.20952015897444337       0.26261137484377106       0.30290493112297573       0.25969462426155038       0.26211806624496281       0.74352721939723243       0.29833838315503247       0.38014235212307368       0.17130417068231354       0.24094657139815154     
   1.2664883637619690        1.0302752915082969        1.0945328942175336        1.3007382593629244        1.1333993400812474       0.86055028736186001        1.3922123722105644        1.1318866459610344        1.0557438378745139        1.2509870173415263        1.2174120025079520        1.0533144516791619        1.4119133925220868     
  0.12414199484284438       0.48305749611975191       0.64573258365714969       0.23921243927886535       0.29784706287042206       0.33877014362564017       0.29328099650256090       0.29107488252516361       0.76336230809885375       0.31793892399732138       0.40631165805053010       0.19186218576170094       0.27153295230323027     
   1.3099268705316855        1.1293620489762439        1.2787557642778371        1.0009211773884701        1.5173243703603365        1.1857315626860661        1.1746583799295796        1.1038566053585686        1.1043323900828790        1.1862102120123719        1.2326939450927834        1.1287827256849947        1.0003197411606986     
  0.21263791259756559       0.51738149224270569       0.69048514093487867       0.27180028180374871       0.33282530178548625       0.37680751866635720       0.32633519752974077       0.31944531760341877       0.78166028483948558       0.33461571554987285       0.43173023025702173       0.21459298807391886       0.30150791023355239     
   1.0354949705516336        1.3636393065748269        1.1236381125295827        1.2427921612296147        1.3331554131227998        1.0686771642480479        1.2594985834271790        1.1555374086921526        1.0777093402826425        1.0836368919384396        1.3139714279253876       0.98694350340921200        1.0771158297236993     
  0.27869157254058297       0.55236789806676756       0.72882919251515077       0.30542527567194483       0.36742502292525586       0.41449360144572972       0.35561627434478416       0.34926485209270813       0.79751173369544637       0.35216102127358595       0.45253349188169217       0.24068600458751149       0.32891580597510128     
   1.1887438320721013        1.2007620781747241        1.0992342452277450        1.0849366371138629        1.2482271316476834        1.3537134594175133        1.1586205579209237        1.1332464889410572       0.96616684412704390        1.0165444218619553        1.0307216907046097        1.0923682079821144        1.1325674962344852     
  0.33326711075272342       0.58304452212178492       0.76292797295827197       0.34051964168929444       0.39784305573118517       0.44824624550757469       0.38209615849378065       0.37652174151663576       0.81264315131120524       0.36781355846842456       0.47501780994157006       0.27142390839983643       0.35984086294596829     
   1.1678983394088485        1.0834035703529772        1.1722070883704880       0.93932757831635427        1.2269059578997481        1.1025244084380714        1.1732919112527163        1.1016698284799822        1.1565221449125169        1.0715386283922330        1.0850757665304362        1.2002078689999596        1.1280570759581710     
  0.38776965365490540       0.61380981783058253       0.79330972946936429       0.38051025744983885       0.42582533029800396       0.49014435654264105       0.41168262755120161       0.40640744339280327       0.82633761060930877       0.38335548094846023       0.50009958733475612       0.30692387638736718       0.39147155392015115     
   1.0560681760652071        1.0566017077923842        1.2612919235674815        1.1152619690604986        1.0950127965837102        1.2402099853760178        1.0493028899152987        1.2636202511160222        1.1341647838671449        1.1983105525979569        1.1803709963524784        1.3764685613451213        1.1821124934344756     
  0.43450445537228577       0.64697691045357919       0.81799328341765576       0.42161204851785000       0.45340109739312923       0.53115507284905461       0.44066940111430536       0.43800212508879083       0.83932252890963566       0.39951081307065889       0.52397279928831375       0.34097630131287227       0.42169113686238696     
   1.0159499357462720        1.4538632630229802        1.0283773745082423        1.1807780500935405       0.96447098679500465        1.2892819421331037        1.1042037350301670        1.1470796144347171        1.2047284330997845        1.1563833774166759        1.0952972882643097        1.4535211017922842        1.0772414212004326     
  0.47849070079814016       0.67673790520032517       0.84025386343087671       0.46731675436295961       0.48089467383125745       0.56483934466058638       0.47626831599521152       0.47291538353315310       0.85122792988144702       0.41620551509641918       0.54630584824335138       0.37751770895925163       0.45034979517671758     
   1.1084257851058437        1.1534788595015149        1.2683902689390649        1.1588300712511035        1.1694840029417670        1.1716252966998482        1.3147967162494230        1.1954850838509838        1.1331469254745545        1.2989003844814537        1.2077124926244927        1.2379775680475669        1.2922269487956581     
  0.53012256589652496       0.70375356426658175       0.85871090208635270       0.51031520825225696       0.51248686485758199       0.59634581792564645       0.50806295902212528       0.50711379273629442       0.86181759493394994       0.43180774127466548       0.56868228294210321       0.40804953455699977       0.47753229551294668     
   1.2492794599797157        1.1737961777154866        1.0963646081907932        1.1069220624898719        1.0468853516555585        1.0326968922289192        1.0140186908224385        1.3208828841803577        1.0820681696889960        1.2228416547770105       0.92724568970548715        1.1048136548879259       0.96985277493964139     
  0.57035498041079546       0.72846501401329422       0.87583503893109627       0.55553199689930788       0.54544888467505404       0.62807444624992059       0.53675145100176935       0.53723800611303840       0.87278102888007403       0.44780262507509305       0.59134225714990107       0.43791823390790585       0.50607504883856946     
   1.0215032274576170        1.1199643958456413        1.1216362415798800        1.2617626085876250        1.2625903531385214        1.0858711675913386        1.2472530012397547        1.0875412850157209        1.0538149416412541        1.0719445535184617        1.0929692389119283        1.0507561705349688        1.1856292897290532     
  0.60742258958274076       0.75270782518651969       0.89245067817308532       0.60038144411404881       0.57551066644879956       0.65649708340199497       0.56497975229631414       0.56635264131092589       0.88277923811511705       0.46201348464740399       0.61838450322967919       0.46792133302628686       0.53747859783400365     
   1.0253478284985849        1.1561252603920700        1.1686599444333881        1.2584431885072971        1.2630687930232225        1.1001103746757812        1.0766783112071878        1.0018108681005911        1.0809401018790341        1.0237837346204595        1.2781359665154250        1.0233973883973615        1.2080120675312251     
  0.64818915068921035       0.77696333937447493       0.90720794904598356       0.64057938047375629       0.60705303565807123       0.68734707846643184       0.59437386230542322       0.59611806540970425       0.89202680423871483       0.48094176597954597       0.64202596441055904       0.50089363172355916       0.56679541356143437     
   1.0348075791544649        1.2037427573028243        1.1918170693405699       0.98772082312987908        1.0718825752244858        1.0715758637985562        1.1782357748194667        1.0359585735310186        1.1216354593292444        1.2620355199862050       0.95619763855203421        1.2585186526169958        1.1196574657293674     
  0.68548187442807795       0.80109867885037345       0.91936585873157051       0.67770318793104423       0.63605374451104713       0.71459140094080498       0.62736677483941417       0.62694580788939469       0.90018746765341751       0.50106530580160757       0.66581198406012532       0.53442465291543428       0.60068081817458385     
   1.2997640916617155        1.0660932270268786        1.2286898476106254        1.1439457778676319        1.0190607181825073        1.2465938601117996        1.2327781432977682        1.2101452083872037        1.2185498331417639        1.3142527190537932       0.99911700134344317        1.1425995179427424        1.3780139396839863     
  0.71813325453052335       0.82449010620176888       0.92986940978629484       0.71226032433936570       0.66275889696739010       0.74464653305043382       0.66033435687191810       0.65392721034827417       0.90966873023795936       0.52230418701159687       0.69196326420163612       0.56876184656285544       0.63711376918145823     
   1.0023069394523239        1.0280574987091378       0.93262071977922134        1.1372401642339101       0.95932835503078429       0.92031480092772322        1.3394289845690868        1.1308467346958773        1.2170775217333529        1.3180958255358906        1.2840183378166723        1.1875118333282766        1.1153816539136059     
  0.74834092643111794       0.84617704102751468       0.93973185840706730       0.74221530733734131       0.69470751249013885       0.77304226533861597       0.69065743732314544       0.68712983459515109       0.91871066431389647       0.54321380586106272       0.72060800940730851       0.60201090057925688       0.67008473801012725     
   1.2488505284685425        1.2141775008586604        1.1639017480480889        1.1067291140075139        1.2300551919480951        1.0530207753829433       0.91332414634535930        1.2099067648764992        1.0927376578293018        1.1432537227457162        1.2612561963854905       0.95155376136234626       0.98651528443299918     
  0.77767139441185651       0.86560378074537792       0.94930100132605366       0.77174392789827506       0.72285037101610583       0.80295140880963167       0.71966512783681491       0.71979039106110909       0.92741301930106435       0.56310449633852133       0.74623281222432702       0.63317298549941869       0.70438153915075497     
   1.1544009711432071        1.1156238095742486        1.1579898158678474        1.1605360143118613        1.0810151456274708        1.3234309001117353        1.1168955126241267        1.2433960866438467        1.0022505079120398        1.1205629659048852        1.3244000264482527        1.1822965323045089        1.1915692585241520     
  0.80440078186918840       0.88346619217482703       0.95835122265941008       0.79939846396868730       0.74862648502526119       0.82859397800785739       0.75081297028290994       0.75083932191948355       0.93567728637515390       0.58577519018210833       0.76956720723183958       0.66370482755526938       0.73755345086887880     
   1.1401846394944768        1.2294303576267487        1.0182850538746140        1.2306748857675838        1.0703717090900415        1.1103807362629439        1.1331370872709543        1.0466511561004823        1.3452161876071362        1.4532299930709733        1.1951670065908093        1.1151360695749259        1.2771097797316009     
  0.82828124620176735       0.90057951510445633       0.96599911439280928       0.82476544401195129       0.77409777607239039       0.85200376790736043       0.78269785895795030       0.78151974358771981       0.94318610932494795       0.60603783803130473       0.79463992054364219       0.69426289279510056       0.77343647706479246     
   1.2835842983802108        1.0729236541342126        1.2117700479216769        1.1120223568189127       0.90340567994805043        1.2708295635008033        1.2998767974405505        1.2689781787612422       0.98769640056881858        1.1112705155008356        1.0921695032566803        1.2485961134824790        1.1420142033540062     
  0.85237465259995693       0.91784395150887221       0.97407723927457512       0.85259237816004829       0.79988520538036267       0.87478190410844370       0.81492277809935743       0.81165828603292789       0.95063290592125915       0.62681683098313212       0.82040578854559565       0.73315525661196790       0.80503761331230750     
   1.0282730179601236        1.1313891062319776        1.0483035730541428        1.0976190128183949        1.2604877203501352        1.1396645831503660        1.3149763803972279        1.3717197475179876        1.1487955674527068        1.2483989840183209       0.93450096375831615        1.3397616074166985        1.0752766985282689     
  0.87600100899773370       0.93568393168325348       0.98016218707511416       0.88129536741157599       0.83149860151518851       0.89682094519475075       0.84561500357558639       0.84154610289054055       0.95826539859949056       0.64641373433458638       0.84434960578360163       0.77152655443660878       0.83861429144263921     
   1.0690769628491479        1.2321469799990592        1.4476280106861854        1.3075132507894223       0.99332129273416969        1.0658973083023444        1.2299828217898452        1.1615280294293722        1.1483756033496797        1.0802895273373188        1.3204889259204267        1.0679097395187656        1.1780773605673822     
  0.89765124491276260       0.95213343702759445       0.98532633380727186       0.90909123019246374       0.86510438302548720       0.91930964101520996       0.87458305979463824       0.87125416355508079       0.96513757418034518       0.66934750667844023       0.86822617895807719       0.82165863595993227       0.87273599626701570     
  0.97514431956269521       0.97571517255763207        1.0121531173639318        1.2089412819425327        1.3498622678391012        1.2739528429106322        1.0598266184938452       0.94691656722130102        1.0527035255655952        1.1998272981509244        1.1395088746670112        1.1445476656647111        1.0890775187060575     
  0.91889718453834124       0.96799279317181919       0.98952120239982633       0.93183766204185559       0.89796409364367014       0.93919197042494806       0.90312790133956011       0.89954628127597380       0.97165080960852834       0.69512752564570646       0.89412375758015805       0.86961946756832564       0.90707109367140959     
   1.1446653693736812        1.1765156140330395        1.2150555432130123        1.1942380535220982        1.5438302705613707        1.2317285751737879        1.1322258649081482        1.1524646662165750        1.1194887206092199       0.88695816681377593        1.2452567606145599        1.1333989153253834        1.0779701798676886     
  0.94196311621332562       0.98006888657436209       0.99356711409188547       0.95456127952022851       0.93133809310961191       0.96057443958814914       0.93512515360923210       0.93192554967551755       0.97753185501090989       0.73960571707517830       0.92442201629152732       0.91553450806871528       0.94112908088829794     
   1.0726127023074727        1.2417847367528025        1.0786919934987480        1.0944668519979839        1.1899526470347828        1.1639763259441107        1.1037077417686152        1.0484868385688941        1.1800772335256962        1.1238505893993578        1.4156001654402872        1.1696561106909729        1.2557085050066408     
  0.96883899406358909       0.99072800268820949       0.99687057406585922       0.97429540415830673       0.96416925413089993       0.97927432140307369       0.96889970352746102       0.96380453199390748       0.98740388895215736       0.84956854701007190       0.96032416827185574       0.95936908847483848       0.97052368880434636     
   1.1380844839288888        1.2041533417316814        1.1090615659119178        1.0258531860686779        1.2423468587028945        1.2304907923074522        1.1369410392304193        1.1140195459652347        1.3978065039694803        1.1705414130551319        1.1893925000506684        1.0315625766127101        1.2324558113400452     
   1.0000000000000000        1.0000000000000000        1.0000000000000000        1.0000000000000000        1.0000000000000000        1.0000000000000000        1.0000000000000000        1.0000000000000000        1.0000000000000000        1.0000000000000000        1.0000000000000000        1.0000000000000000        1.0000000000000000     
   1.2703962501181174        1.4940623716770938        1.5009199189334066        1.3065159600349703        1.3204998727945305        1.2484648952443200       0.99886062468142134        1.5096413840028338        1.5989227938180972       0.95809194067092207        1.0332211477143778       0.99243838090787895        1.1771028142966675     
  -9.2156946401945863       0.72628869385816852      -0.98011457518347989       -12.490660299546658       -3.3287984526965628        13.490507294250287        15.884699096693740        6.4342572776747593        19.472899638567696       -34.736640747934494        6.4829257305532817        17.795669830332798        9.5093172429268975     
  -2.7167430977963418        16.201405706316372        16.234638299015163        5.0116019374949428        2.0065599438921589        7.9583843571095327        7.4449273915090508       -1.1089088324107408        26.433944292746258       -9.1420708907591486        4.8849911014229281        11.430001740522410        17.360257528311251     
  -7.6487427510638888        13.761150916527008        4.3185746267032448        16.124144745978974        11.874854588153577       -5.7830716255167749        1.7039260032516972        19.036555590847836        23.678506604808703       -8.1430707840556291        1.1005985604926254        3.7154099257671178        6.5316451407624623     
  -1.7300991989188803        12.663019162632867        4.6039021712032016        12.191307421594352        5.8493468425277548       -7.8448248145206394      -0.33144708559295144        16.801523401363582        28.445375102433598        6.1814480667523064        13.876058424872065        1.4608268340935364        2.1422620366823772     
  -2.2135711656459320        19.505077015601284       -2.4319362893617136E-002   1.9733187527966174        16.195271714439549       0.77858331323294960        3.3014441545927995       -1.4927805768133009        23.752173700688260        17.092592521565741        13.415153661903531       -1.9090884049434735        4.7899317275535278     
   11.049732772875666        8.9578513723109516       -3.7918722965166229        17.880192933794351        7.9990618271836729        7.9158250044932590        18.355759163444475        10.567106353495982        15.811843990293324        12.991117217230506        12.202369609384697        11.029128735410826       -13.513999882144601     
   16.347687434068966        7.0065357311025558      -0.85429844158955115        4.0689913324282161        6.3172767647181534        6.0710486677061777        5.5105232758727070       -6.4515627903179045        2.5076649816742154        10.961628008157962        4.9267456678189445        9.9243732733456085       0.34691493614147273     
   15.538688383472264       -24.514001943369767        8.9813141413286957        1.5519721059472942       0.32425116491745221        16.058465136635487        10.180964860087144       -10.671261852278725       -4.6932334388251276       -1.7620381214511296        8.0587794290557220        3.3488796919005530        19.133722443020883     
  0.10191088707208339     
           1           1           1           1           1           1           1           1           1           1           1           1           1
   7.4897430663567952E-002   2.2295523771346765E-002   5.0717446294840356E-004   9.7264077557023576        1.8455731197122537E-003   1.0737988006480038E-006
   1.6934907655957844E-003   1.6167592917623831E-003   3.1771104569617192E-004   1.1085546638422856        3.1766382852482133E-004   1.7366395747736076E-007
   5.0000000000000001E-003 -0.49630126618526238     
