   0.0000000000000000        0.0000000000000000        0.0000000000000000        0.0000000000000000        0.0000000000000000        0.0000000000000000        0.0000000000000000        0.0000000000000000        0.0000000000000000        0.0000000000000000        0.0000000000000000        0.0000000000000000        0.0000000000000000     
   3.4154848943253241E-002   2.4390155301278506E-002   6.8942887051127222E-002   3.3204387830071375E-002   4.5779286959731387E-002   2.3666257876558554E-002   3.4458523952686830E-002   2.9341313967674098E-002  0.19481860792241487       0.23670348960637777       0.14445515724699348        2.1256037606424479E-002   3.3741847429677584E-002
   1.3684098766937236        2.0158238923570724        1.7449027675011781        1.5486650047280697        1.6542135360326209        1.8728660425605048        1.9998971005974224        1.6964142607047461        1.2404319323770552        1.6155120861197783        1.3803146000191011        1.5095453395718537        1.5507436677375244     
   6.5057855388733293E-002   4.1576389111783241E-002  0.14349928104717852        6.6296405796921448E-002   7.2080651300492904E-002   4.4300856625095815E-002   7.1820292244492351E-002   5.9214980340678618E-002  0.28768067181483659       0.29862931531277548       0.22705360546593745        4.0314811329684855E-002   6.5406263540118831E-002
   1.5339351454027599        1.8360395424702101        1.5698407608986369        1.4749877552841382        1.3293369476800150        1.6105945326143156        1.7058076290799307        1.9033007025433846        1.8625604931501274        1.7813416706952150        1.8359910533948396        2.0553542392285586        1.3503962820345536     
   9.5534115793161845E-002   5.4502311927325096E-002  0.22706515015703865        9.5909294487025162E-002  0.10229373488553875        6.3978027100133339E-002  0.10473497608210952        8.9526015076297469E-002  0.33480043389801306       0.33185769595937464       0.25865219712414622        5.7740422607774761E-002   9.4312766273518436E-002
   1.2450984645603056        1.9366742845064875        1.5136995707868037        1.3314741250127402        1.5162480865725285        1.6034450861564491        1.9792833225582882        1.7018330589234956        1.6845835300671210        1.4407484710592005        1.6008468836925944        1.8748399652595862        1.4903693431962388     
  0.12672634043266742        6.4547295941481841E-002  0.32214378682572653       0.12758048638627650       0.13475104471516849        8.0771941272692618E-002  0.13742721857072415       0.11999056749662651       0.38752060093321777       0.36305337392591530       0.28680021478826617        7.4083331764488350E-002  0.12648394266054522     
   1.3839938155153402        2.1202121610787130        1.5651953665569103        1.6650520666813950        1.6391778637296803        1.3705666135967933        1.3109454611427160        1.4542801535328067        2.1681386513221099        1.7335066191913124        1.6995768398584681        1.7276410546902830        1.5638214892871574     
  0.15889288321928421        7.2085925830753197E-002  0.41845236123983987       0.16171421464566596       0.16656595126688820       0.10161912906946541       0.16568460196360887       0.15291830142947771       0.42489893489802866       0.38661182339036676       0.31077433660600035        8.8053753779683053E-002  0.16014009185057285     
   1.7644374193729178        1.8354635156723484        1.5842030021034832        1.8858112356001335        2.0004626070262126        1.7195484667660037        1.2971289877592849        1.4801186434767335        1.5932482310240701        1.7470686558727000        1.5933811475919422        1.5123471031867599        1.7714234455876672     
  0.19511401170653944        7.9400020422588743E-002  0.50195648379797808       0.19991280187848656       0.19538822852829194       0.12464955090140080       0.19321824259219703       0.18294973972099846       0.45294129655520454       0.41123121254746275       0.33342778677096035       0.10338455174792625       0.18691885441956829     
   1.7434024049123873        1.5617076438465598        1.5675140458224268        1.4800164443287485        1.4486292367235349        1.7118662738551573        1.4459947611908843        1.3455579914338875        1.7017521747058957        1.6681507529819637        1.4543702149952018        1.6554925924772768        1.6421224118970734     
  0.23306094231254204        8.6956860617853557E-002  0.57215021555216072       0.24293773841525898       0.22476729674320567       0.14751790093938297       0.22214201226651012       0.21510732015375644       0.47756218437927894       0.43446685956849024       0.36024320976612662       0.12044357638158235       0.21554659501730999     
   1.6582370176740096        1.3754615173278231        1.6834687706408993        1.6234345547869358        1.5610793948133199        1.6404852835774022        1.4908752218442900        1.5500763440880954        1.8335643997428412        1.6092520872253411        1.4548063970719820        1.7522792335668786        1.8363659661628629     
  0.26450993113093257       0.10469339546807832       0.62956369776354237       0.29371586107179781       0.25565664793045845       0.17433745096803377       0.25085621480372750       0.24638284596129631       0.50062654641170712       0.45201633947030767       0.38749688484174799       0.14059462095561989       0.24843481670961357     
   1.3962578149987221        2.4913718745977231        1.6311696834393448        1.8189751248212913        1.4601524721460961        1.3235259033991740        1.2849098748674661        1.5418570920573924        1.6940977830836628        1.4987529701679525        1.5624366779388106        1.4311779445364921        1.4741190067653591     
  0.29149386094758717       0.15840047376085648       0.67462421523337834       0.33451437987355087       0.28365768731243174       0.20131064734700785       0.27824142898491822       0.27794349325301210       0.52546152916423605       0.46904745997273195       0.40921877506804188       0.16481353172562557       0.28561997130532835     
   1.7922357308160584        1.3287645447969165        1.4918363561302377        1.4480671338618374        1.3221836924082877        1.8251767674451116        1.5279224468433221        1.4872639553909390        1.5210625298262948        1.6598171265153843        1.5952660283900368        1.6354115569745582        1.7564476100937327     
  0.31831415170254229       0.25717362303207497       0.71565494047827849       0.37371789229961050       0.31017043298062930       0.22997957812869033       0.30812705476769514       0.31083742881914617       0.54898386073890659       0.48812088676323639       0.43386500247836618       0.19197281807999711       0.31781711104444654     
   1.7034373885595706        1.7982632807424372        1.5676820931097910        1.6350288177920715        1.3622559530358522        1.7382145907484436        1.3664501079059137        1.6365484156399581        1.3077292142182577        1.5468251784155664        1.7101634122995415        1.6922035871442445        1.6712966113792751     
  0.34292154854507656       0.33010508929443938       0.75462827116957643       0.40874530715836666       0.34061698355940434       0.25963959452744256       0.34099932478980460       0.34583901970038794       0.56949618416797398       0.50726411254432369       0.45634857317477195       0.22131163942000873       0.34943748273311126     
   1.2490941571166532        1.4811647434186033        1.7078033690633789        1.5331108964691191        2.1598876722978511        1.4156945500338298        1.4460988112804491        1.5064272569251069        1.4336977381355540        1.7591778527741637        1.7022646854585441        1.6193267645390086        1.7088760984118676     
  0.37155668759548832       0.39265190391820320       0.78253028384537970       0.44502263947123272       0.37232362753572790       0.28619596421175741       0.36995659759245553       0.37300190382441217       0.58952210454281573       0.52425043817074191       0.47884562864546998       0.24876094893199668       0.37788457692252980     
   1.4202669646639980        1.5612458160424234        1.5915865351345604        1.6001459709137968        1.6449779397738464        1.2577841778347818        1.3698048725340897        1.4656097260588541        1.5551532467227991        1.4360541737820478        1.4564526381696106        1.7039756475767665        1.7665400669223241     
  0.40161790076006471       0.45243388668554635       0.80350000153616141       0.48334170812897981       0.40586489317468261       0.31824316249925683       0.39777741139569128       0.40228735435914426       0.61139559301207091       0.54450369191938353       0.50019975715844667       0.27662102165081409       0.40658745063191548     
   1.6102341665707964        1.6733358465243120        1.4846053860860418        1.4166777221479308        1.4721412780482306        1.4324157150301839        1.5725474614601489        1.5428068803758315        1.8623993317482290        1.7723805760996394        1.4190333713978089        1.6089467745711854        1.4823263668221744     
  0.43185260618638505       0.50560033678725225       0.82944460777833107       0.52491459936622831       0.43873322157137623       0.34748968865312313       0.43017244329734972       0.43287589478834365       0.63490100128943916       0.56531334403211742       0.52085440833821817       0.30681975433845216       0.43452725849424595     
   1.8704704419227189        1.4702189611473468        1.5506845154736091        1.6979998973941357        1.4266096784589140        1.3084688974701251        1.4244683407973688        1.5084445955789854        1.5450985016600618        1.7692893036560455        1.3665245273040429        1.4175518792734751        1.4901606699614593     
  0.46425603725588382       0.55368108250421644       0.85393855315106793       0.56602206345477268       0.46953478503588664       0.38039735335709429       0.46649226743931022       0.46655067272166784       0.65770821810936386       0.58438531558013096       0.54148184161928348       0.33924241118964354       0.45904951563057700     
   1.7175702814207783        1.5416894270886266        1.7727137948748057        1.7441523644108599        1.5067816797366074        1.4771881025007789        1.6633153744127116        1.6003489482640987        1.3535089043660946        1.3145003270984614        1.5234653849026389        1.5427915300590342        1.3251033365315559     
  0.49665682684567980       0.59397500747265697       0.87344519411881216       0.60172738170942575       0.50172912506327694       0.42004106912919226       0.50333662216406172       0.49571744779132987       0.68110879583250616       0.60291877543623618       0.56254017766106568       0.37294738069586125       0.48664063289053516     
   1.6534623901492600        1.3479685590306874        1.5361942315713446        1.5258959419409033        1.7551004339352652        1.4261701246768725        1.5333813064934037        1.3247426163810745        1.5364401117224096        1.6752986924403059        1.4019196917214147        1.5167257611510412        1.3846835087236140     
  0.53034822554880601       0.63401379945925629       0.89023364657074899       0.63516141838468476       0.53158903166367932       0.46413054574087742       0.53605251372227791       0.52284098718618432       0.70268564588744176       0.62073223639671393       0.58467979717279905       0.40579222252022856       0.52028287123246608     
   1.4651342655561843        1.7765310875271838        1.6643595773722284        1.4276563675864709        1.7290499545401812        1.5062917560192590        1.5685560696614500        1.6051140181931529        1.6181426556547702        1.4363558047855998        1.3628100400220635        1.4886428676160013        1.6097347103374628     
  0.56180427652457232       0.66890394405345610       0.90402370745698057       0.66916535018050083       0.56305868996859010       0.51922548555558201       0.57005606765736405       0.55257544856411678       0.72376835329443823       0.63779018344556460       0.60965334358042111       0.44111426056637337       0.55342069887933831     
   1.5990255860533926        1.5108346581574876        1.4548837250749977        1.4928735108075502        1.5399457809100003        1.6228753277237120        1.4427209527283811        1.6573360444447172        1.6735888041211227        1.7864937054733689        1.4963291350133112        1.5957118383821689        1.7074100246091968     
  0.59998866304764154       0.70145981513429512       0.91601826852628887       0.70024182087735254       0.59149590560119369       0.56853717860679076       0.60518348312851011       0.58968546905844332       0.74272041589870363       0.65395055983585682       0.63790590321748764       0.47769203458658593       0.58736365715317740     
   1.6372685234488726        1.3073620308318301        1.6393266950663017        1.4053656633477065        1.5007481880182654        1.5747612523968100        1.5954782016267226        1.5548506149497903        1.8718217866647109        1.6985734282760154        1.6205079953927721        1.6557942390436333        1.6231832780179849     
  0.63715721436201400       0.73005864010303767       0.92622502598780976       0.73046968311573013       0.62163406961213263       0.61760456798647334       0.63330167714111385       0.62603917737050629       0.76220384482820380       0.67039317035273172       0.66565294798728769       0.50874126896629834       0.61750342550280046     
   1.7924706988680290        1.3851199670089431        1.4639909713707837        1.8141696135923309        1.2549726601496887        1.5190304927915386        1.5689658788990657        1.6477782811257320        1.4244228832859409        1.6465237024867092        1.6384491817699671        1.5816191329520168        1.3131963007622689     
  0.66787507608722441       0.75667250659260732       0.93553594145547780       0.76043688175420332       0.65303293491038705       0.66450612580474089       0.66031051312181976       0.65735234275103771       0.77899515795069785       0.68518891726849163       0.69059482154693830       0.53622141628017950       0.65098365548523718     
   1.4786679602250621        1.4463039205640642        1.3968569601404459        1.4768075745255251        1.5308545004967862        1.3274373320608945        1.8049094238206891        1.3906206692715342        1.2680596704744762        1.3316706703076793        1.6418786488460166        1.1784554275034729        1.9105697381027742     
  0.69715063187995407       0.78263301458319900       0.94525262534493382       0.78715363724614384       0.68584797587524771       0.70999326703049714       0.68681252081519895       0.68996022338194507       0.79844412370337081       0.69972618195937386       0.71285601491919603       0.56415170626875077       0.69618093391107527     
   1.2756871855116789        1.4270903558756778        1.3548830524332636        1.6814575523778483        1.9267551911511340        1.5243472400716664        1.4899189199416578        1.8525755293445521        1.6070095335346690        1.3494176175840784        1.3874630122286753        1.4233396080473104        1.6240971499833887     
  0.72482829059428600       0.80837548966837092       0.95363471924266630       0.81223177609752883       0.72394797539202183       0.75083457867166981       0.71908545309180638       0.72059813049661470       0.81684095949845548       0.71184298760019460       0.73880368465872004       0.59789988598961863       0.73342703302151457     
   1.3244017012454801        1.3478251450437952        1.3054178131307503        1.3573601556195556        1.8528793423970651        1.5220654082406488        1.6398092013589491        1.5419711004766552        1.3394369071274057        1.3274457099158425        1.5752455568618036        1.2913303127063736        1.5722234157571713     
  0.75999664798868283       0.83216913173802609       0.96148885212827706       0.83607323945376100       0.75811449982011681       0.79222044339805753       0.75417474123024453       0.74998473826665901       0.83418563257615019       0.72488789655854990       0.76193892735601931       0.63868908027761784       0.77287940714134384     
   1.8431779590673649        1.3052519544489150        1.5718144979045132        1.5910234965386558        1.3758367808466512        1.8287570001428568        1.3323680748944846        1.5619070405973010        1.2819382860708268        1.3408382294272916        1.3325100217410890        1.4726539471566000        1.7094066341072334     
  0.79191093890423536       0.85508258360742384       0.96922264994784924       0.85892049788836966       0.78802772802647436       0.82524795077389212       0.78331553804417997       0.77888262847208678       0.85223256740044995       0.73968094324020695       0.78626620849494910       0.67585533113713858       0.80481583594235029     
   1.8539530025561601        1.5541903687275687        1.6368407671977865        1.4377286261698450        1.6608264228133869        1.9093329540525579        1.6913988300980516        1.4189596491187235        1.2695696254555700        1.4944351941847498        1.8356997589058830        1.7090108407478732        1.5697422572123660     
  0.82521571551871431       0.87723596668851167       0.97546202714150620       0.88103057181278854       0.81743998443688848       0.85267528068531018       0.81065561063090308       0.81233257676487147       0.86996852133658231       0.75506110455613473       0.81102131100119090       0.71642176494666643       0.84112592746636361     
   1.5135896589211053        1.7280374400402032        1.5218416864807476        1.5988600440533900        1.5211224588191352        1.7254494626035266        1.5999648393360091        1.5893401174423489        1.5549344980969715        1.3619600109653505        1.3451513399271906        1.6781876572155783        1.8298001937109067     
  0.85401769830099261       0.89707623552056670       0.98196336370608428       0.90113429185083549       0.84649618467010868       0.87750410535152490       0.83841718028760814       0.84510489732223948       0.88968772343783398       0.77090197417726192       0.83706356136874283       0.75769027701699521       0.86681918152539883     
   1.5407381308090131        1.4675026532359705        1.7103234863099444        1.4082237565755333        1.5587790511548052        1.5129320259274830        1.4655754726056711        1.6068455918364049        1.5668858382453845        1.3892233693839260        1.5882693573240354        1.4606176943491023        1.4231527596750333     
  0.88574804113660566       0.91605523218784957       0.98741639197739128       0.92235469418090243       0.87335441830706684       0.90200102270127047       0.86815950278476017       0.87445282737651575       0.91037393395876121       0.78839544599075828       0.86619129915956672       0.80059596652142107       0.89708528824119016     
   1.4958211212125025        1.2987419496387362        1.4802262900397005        1.5506162519509070        1.5607880634791931        1.4806312248386893        1.5644601953213235        1.3902605902521854        1.7062603010366246        1.7165514328318985        1.6976013330697528        1.7374959441435378        1.4561345873264882     
  0.91777251933525339       0.93557964161167062       0.99209348203978143       0.94224941646580507       0.90099962916289777       0.92932985160793513       0.89959456061000054       0.90054473410217006       0.93055888905011253       0.80934058229080053       0.89508003448314466       0.84742144367142369       0.92487620003516902     
   1.4749836826407630        1.3088339735435965        1.6250538698416557        1.3724869290834250        1.5733864878431731        1.6008741684379890        1.6891957653807836        1.3334906329503484        1.5456936131746095        1.4236037831288852        1.6247105552773249        1.4055024245565031        1.3839748629574420     
  0.94783209203944851       0.95297073669211585       0.99552564850821124       0.96124434246439316       0.93011877259160536       0.95228413532580614       0.93036773405577289       0.93223206739493203       0.95068265148499598       0.83095297369311738       0.92552775247215346       0.89201250481813665       0.95032160550240141     
   1.7798430486869581        1.2954043461431448        1.4742972037449975        1.5623737400071307        1.3299328547872160        1.7979842829693027        1.7300962977125145        1.5859017763695173        1.6453138441917967        1.6516116332981803        1.9770488817172278        1.3504693809905925        1.5072435805462401     
  0.97490522009582692       0.97496278135653547       0.99789748712115844       0.98028110084725961       0.96430328975521717       0.97557403362674799       0.96295975899996011       0.96529486835022205       0.97337444855183219       0.87601764266164039       0.96132571325862815       0.94553326775827373       0.97422699255622403     
   1.5187221597383584        1.7097982242243148        1.4026608566752743        1.9393954561751738        1.6061700058207464        1.7234758130991519        1.6999914051300125        1.7512918761836509        1.5088338981929033        1.6404035827423242        1.5622038623257057        1.5139516794108137        1.3061722274402021     
   1.0000000000000000        1.0000000000000000        1.0000000000000000        1.0000000000000000        1.0000000000000000        1.0000000000000000        1.0000000000000000        1.0000000000000000        1.0000000000000000        1.0000000000000000        1.0000000000000000        1.0000000000000000        1.0000000000000000     
   1.5677581253288957        1.3830379373379849        1.8107601333285572        1.6178724751604900        1.5281816640504879        1.3404160829590670        1.9810022588368132        1.9194981072892938        1.5827071755648525        1.5708294880053506        1.7356719139179264        1.4311162453438477        1.3964893925584971     
   11.080256328160534       -8.5625606197145796        8.7725405124108278        21.637027920024931      -0.56411883473896518        6.8768746175983004        16.841821366379893        18.636043913863691        4.3418441812163184        11.675490391071387        3.0333664654302486        15.991017052114445        3.7312720025864232     
   20.672634024472462       -16.166361508738085        4.4251772695356211        7.8454162190111489        11.294326395116757        9.6654406235510173       -4.8616868561353321        15.937648149318930       -4.1435093382221551        9.0544612979896577        8.2997207027803235        11.842018995322885        2.5500080350253893     
   10.332946398098558       -20.755542567482394        11.401655878707341        1.3541066486018907        13.711008509315249        10.443625801760167        12.430119809145104        4.1694842666953100        14.291352870132560        1.1897939598725435        11.708993373802896        11.781614365604295        9.9883459334794846     
   5.8554956105264315        3.7403421905319503       -1.7177478622985483        10.206328698392346        6.8259301326423083        13.831104971039323        6.2561685700902396        7.0938308755396138        8.3660035559343626        11.353255338306791        17.881638237456407       -1.0727329170845570        1.6362919323417318     
   6.6044455802339597        5.6164173047329733        2.4782200137128205        2.3149145702377494        15.025558613959843        11.809544595892149        8.1897479329179763        12.482482883034839        7.3834382428257550        14.511488230086911        3.6081162045481250        8.2989064761052038        6.4584077727733220     
  -3.3101879491240247      -0.73879644708956071       -8.2272521734427357       -5.9564670425540722        6.7275770658543603        14.621008981842643       -2.1135613929863388        5.2925971243669085        1.2061647082700249        9.1757962802823592        12.887279703115217        4.3664944200315920        10.880358185653691     
  0.86772058392791274        10.463355219319380       -1.0105618374912897        9.0868369899693917       0.74194941118522806       0.88409073135028482        5.4133407785992116       -1.5259813013912717        11.493923536590783        8.4721573444740095        2.3173102598731745        3.3945824636755324        21.382244025924145     
   6.9673994340984198        17.119971328250312        17.516993288590683        16.626646922215798        1.6497289048282977       -5.5342171602727888        21.084021269943811      -0.37657135609475789        13.555484070776320        10.492726641736763        7.3589981830273068        11.467691307164660        14.839127473201238     
   10.800068562795678     
           1           1           1           1           1           1           1           1           1           1           1           1           1
   5.3310600080776913        1.5285189924055964       -3.2751774777972649E-002   9.0767389759797190       0.20808646650040305        1.2687209793600020E-004
  0.10760196209753578       0.10422101560396717        3.6779558019848196E-002   1.1590265033950673        3.6776882198129801E-002   2.1817289328087606E-005
   5.0000000000000001E-003   8.7046854624735612     
