   0.0000000000000000        0.0000000000000000        0.0000000000000000        0.0000000000000000        0.0000000000000000        0.0000000000000000        0.0000000000000000        0.0000000000000000        0.0000000000000000        0.0000000000000000        0.0000000000000000        0.0000000000000000        0.0000000000000000     
  0.10644573394748559       0.28002607245897981       0.55413588282404280        1.5526727129053340E-002   3.5288130487302283E-002   6.7520184108374398E-003   2.9415744833955124E-002   3.0437140748049481E-002  0.62085213596534805       0.10509169853888391       0.10322750376274459        2.2814322095701285E-002   2.3955824249547106E-002
   1.0117639566963526        1.3165966824216362        1.3454409651094437        1.2634416328038602        1.2014670489966639        1.3663073979452718        1.1431779295030984        1.1189057217723255        1.1071944094639714        1.1288821875947388        1.1025021731130231        1.4442934297013892        1.1503279754497582     
  0.14376981262796809       0.33865248509836299       0.78069609407372798        3.5472373862106048E-002   6.6406736546635370E-002   1.3241584458782641E-002   5.8688794490740701E-002   5.8191371644523981E-002  0.75918194639831538       0.15182118910712228       0.16577888752547587        4.5369380945208079E-002   5.0355181598194867E-002
   1.5303834374826479        1.1339212016260358        1.4505613139822409        1.3190508177914537        1.5284639339182731        1.5081128697107931        1.1730849711037947        1.0918327202331379        1.7819191309285891        1.3169614489570993        1.2430852031585375        1.2556454058226245        1.2903339024441949     
  0.16222645723689447       0.38134992821976954       0.86712744114266582        5.1586612172070903E-002   9.4113141611187209E-002   1.9832585680768944E-002   9.1529552247505724E-002   9.3128236315221519E-002  0.80952754437631491       0.17942958678151488       0.20203062566835317        6.7056367438961692E-002   7.8234585727181671E-002
   1.1488625593657000        1.4993558299726313        1.2765659867009282        1.1286427982489087        1.2417810932259188        1.4562785808397043        1.2219600101637604        1.3616327652936002        1.3842754667108335        1.1890807365376896        1.2319307668390034        1.5948415455494960        1.0791888879440628     
  0.18676184819241970       0.41997586908539364       0.91602508807367999        7.0984743231997965E-002  0.12344063461317316        2.6241058419397046E-002  0.12335713846940041       0.12262755684496811       0.84140676437805983       0.20272148297247089       0.23706879123354513        9.1549572113735919E-002  0.11007684523718031     
   1.3239223125225064        1.3859704167558042        1.2861876739502041        1.3405920660582094        1.0994073775381099        1.2995467540393333        1.2734204227407191        1.3008022401990564        1.0630845171740955        1.1980867673479780        1.5559466511163835        1.3583040054081279        1.2545883239758089     
  0.21014935807924251       0.44921744471228725       0.93311417443774325        8.8945980003607636E-002  0.14880240627917221        3.3579994184412293E-002  0.16123383524289930       0.15687055779615586       0.86512002274169042       0.22537778236979189       0.26613102581270703       0.11746148546209202       0.14620239421707340     
   1.2530825238195966        1.3181448653781473        1.1284923153644142        1.0681216485900378        1.1291765335304471        1.3955026120786800        1.2559129111694329        1.2934841106929384        1.1963488482445592        1.1530600674491831        1.3426734338148802        1.2074278693057967        1.2450397613514588     
  0.23152864773125306       0.48137512622823536       0.94999531679637905       0.10877515258625858       0.18165314860303428        4.2052887837829941E-002  0.19356907899485487       0.18808433858567145       0.88325154383076510       0.24938115102560354       0.29345514537765316       0.14627101795257494       0.17727720552245146     
   1.2566286951644750        1.6728632263465879        1.2378149804318646        1.1290920342510269        1.4447628797746457        1.1929327455567602        1.2399389065892070        1.1990654914993053        1.3234637744569429        1.3605083368817779        1.2299711366960084        1.2591943609408776        1.3892784575420567     
  0.25547968227114398       0.51077635979922320       0.96069207948310320       0.12954455985580390       0.21031050802325307        5.2280327119668249E-002  0.22921573733751915       0.22181267939247101       0.89937771706552005       0.27323147269651465       0.32054031382892872       0.17706837683746468       0.21221401960941180     
   1.2609191585167592        1.5994972498539510        1.3124999418982011        1.3734533313492416        1.0923662645583474        1.4507902054181869        1.4078208706463831        1.2774238853463162        1.2663677517820555        1.1791069145342792        1.3077252195544777        1.3125113755889122        1.1335302694282754     
  0.27895307664635310       0.53553092300884853       0.96904566823854821       0.15396282158481986       0.24036891147083217        6.4163701953120711E-002  0.25895088562046681       0.25555555811860375       0.91176024214799667       0.29748883677991655       0.34659837166963536       0.20887062394046790       0.24700161602044302     
   1.3220724135719140        1.0930008117888776        1.0226925981822237        1.2328454162226756        1.2412193919325527        1.1298261863686228        1.3509704288685571        1.4808550741822166        1.1921414315205279        1.5447198220976990        1.3045921761546377        1.2221983852480085        1.1045899371303347     
  0.30226994281594766       0.55871804403032799       0.97510925576758123       0.17698918833760940       0.26830470128520550        7.7547717076941206E-002  0.28903610694958698       0.28555020759149785       0.92173223571350826       0.32214463421144968       0.37417189760074321       0.24295120927900285       0.29043890907387160     
   1.2179084980903796        1.2948640061536618        1.0579398063456114        1.2923289421991782        1.2304225944951237        1.0682467176523769        1.3001443240150048        1.2298707500726269        1.4897526656620288        1.1972473632790617        1.3018646730979166        1.3783434488208397        1.4117616270555682     
  0.32535250863426357       0.57969849834588350       0.97969641241949701       0.20215791862959465       0.29812498427812506        9.2414083340321293E-002  0.31866742779322765       0.31648674698936435       0.93006225927008379       0.34660229627674904       0.40070634045072562       0.27945079150878732       0.32671081322665435     
   1.2628291664596387        1.2375652378705218        1.0667224096423542        1.2247269845562263        1.1597374108035237        1.1767858465120287        1.2829347280721128        1.3695197877242857        1.2923985412557020        1.1321420052939060        1.1656208301263253        1.3566216630411689        1.1804882095370781     
  0.35142139894161917       0.59938479477102169       0.98331551536998318       0.22800283846117292       0.32953737073530331       0.10791288453376728       0.35135222258635723       0.34774160611424049       0.93738556466754630       0.37629197292357808       0.43001658356164013       0.31668278171742115       0.36086996225300783     
   1.3129573057453945        1.1697806363983232        1.2332000396164862        1.3221930134401556        1.2077674709147186        1.2913980228756976        1.2253976350394287        1.2200627952411844        1.1578720581845776        1.1558616942204367        1.1838642378277973        1.2850138219681844        1.0640127693056387     
  0.37563495994230517       0.61948065811259323       0.98624848792776532       0.25670612942114268       0.36047256223119811       0.12356741802440885       0.38503251100764491       0.37863790609292636       0.94371982577862568       0.40505767520489405       0.46095388121306052       0.35392370591564837       0.39530920692957799     
   1.1903809964303451        1.1278784750035691        1.1263820359484193        1.4625334030595156        1.2049746989001495        1.1642425904440361        1.3735573996178498        1.0496107459989572       0.99306148084486756        1.1592736369450951        1.2638319257170816        1.3515272634579729        1.3480328922881826     
  0.40222734765911622       0.63696363254200605       0.98867795001434045       0.28753128564908259       0.39192382444964619       0.14001325119143077       0.41824507389009391       0.41291887513369940       0.94964856544671372       0.43220740400327107       0.49146071464009838       0.39125830077106249       0.42745021099902930     
   1.3648873981123382        1.1443574052400753        1.2842513078815596        1.2054572171483864        1.0269510855224169        1.2510490028041770        1.2613035403198203        1.3015153349087059        1.1974239002939631        1.0647595262569556        1.2463606558688392        1.2115364126808692        1.1380762906946180     
  0.42833461858330379       0.65669364572248212       0.99071043115469493       0.31655119317243574       0.42263689726003945       0.16078794943043287       0.45034432575238592       0.44752376265593868       0.95489882438894236       0.46022700056800658       0.52065358300703057       0.42923238104454708       0.45613796102980164     
   1.3118660705715033        1.1785184441267269        1.1769577540915450        1.2826125092370830        1.0725149516932837        1.2636323823773481       0.98621702137052270        1.2140365680591627        1.1589965589063858        1.2313367217037434        1.1610112395719234        1.1615150766393398        1.0660693853329894     
  0.45295750661085604       0.67723133135997160       0.99244565520441230       0.34551263274741800       0.45481209249687665       0.18434882627153415       0.48261198417633433       0.48161332576328425       0.95967819466426396       0.48964251398347974       0.54885553900829342       0.46769065677745786       0.48355638203366658     
   1.2954159373319929        1.2430967491501228        1.1269667028016930        1.2512228688920699        1.3688099747848022        1.1910438542172459        1.2463155361739084        1.5207387687643732        1.0693151190211450        1.2912082554871716        1.2115109683156144        1.1255093383830046        1.2340103227127599     
  0.47713916837902048       0.69754106877446675       0.99386271052796704       0.37611220667315820       0.48713136301310772       0.20511477994752048       0.51666403937547078       0.51469163828135034       0.96413616546299996       0.51971112541781939       0.57673093914713325       0.50435576028960660       0.50958321439400289     
   1.1970965299748324        1.2063010626747090        1.3945834182486632        1.4502572029015885        1.2040367011012245        1.0614978804630759        1.5044887266764699        1.3256806847602309        1.1106251857249843        1.4362098619830062        1.1824417737875570        1.1392934789667195        1.1462064751902032     
  0.50112369064707452       0.71758876165570695       0.99490670108799018       0.40843191622204922       0.52154979092618248       0.23227088940232060       0.54907918718418691       0.54501739864216792       0.96817916363938605       0.54881066902008424       0.60588364485838675       0.53836168082666802       0.53870395599444687     
   1.1417933089961145        1.2059028108783127        1.1087772905781319        1.3073080824045733        1.3487194412791186        1.2891973403504511        1.4080775746550980        1.3785406030866267        1.0477196010679770        1.2674224991633438        1.1585827043991495        1.2074669118753774        1.3580187479809112     
  0.52682542036695224       0.73690859309188783       0.99578988939446567       0.44271540071933696       0.55374787516092405       0.26012522364053908       0.58105891389362474       0.57586309623651211       0.97201016793305428       0.57641655938335590       0.63516813135873318       0.56925112712572490       0.56535827842975472     
   1.1872533087035111        1.0846505726695241        1.2343431011945898        1.1107044892635938        1.2370782885403682       0.98125686054527339        1.1681438776578785        1.3459800421550814        1.3704670732928959        1.0317284717620034        1.2569842883752578        1.2971133034049387        1.5515852280560400     
  0.55343849421871127       0.75663219196997356       0.99649256852410661       0.47933343860830879       0.58629858912438393       0.28897632390141897       0.61095866881518857       0.60724368994853606       0.97544312096273267       0.60295186921251331       0.66359242261927887       0.60014002707498060       0.59319945414961639     
   1.1906487667972332        1.3100302394541050        1.5095035417082492        1.2433914692475516        1.3370838396648339        1.1244972412846255        1.2059740443413196        1.2414671437839391        1.0215663402820743        1.2987572697237690        1.1954503572891151        1.3486449161412637        1.2011701845295841     
  0.57692470468876800       0.77581855158855684       0.99709980241400353       0.51846588370121294       0.61781853145541143       0.32300371035032888       0.64249119902996576       0.63941203925520329       0.97855179107516044       0.62681499611616909       0.69125664844461798       0.63411648528160347       0.62471033481471805     
   1.1203544909372671        1.1978239373053576        1.1590313072050002        1.1787445404835086        1.1504767315781994        1.1911228684140276        1.1045722765651687        1.1190626581910279        1.1693811893057571        1.1486089648973854        1.4133430593401490        1.2755910221202236        1.4505262957156966     
  0.60100919536708519       0.79508881350375016       0.99762349255734928       0.55749829167909948       0.64836824411373684       0.36005053296589012       0.67298521796933641       0.67146101849550432       0.98125122491509809       0.65131385340258063       0.72007614807950759       0.66847678570814550       0.65865430101321298     
   1.1189928425512830        1.1259027039285494        1.3261807973397417        1.2548434390738266        1.4026370124482197        1.2310781662128290        1.4341088236320854        1.0724151206265702        1.2662012710237234        1.0275620017666347        1.1651814690301292        1.3879016172531358        1.3063520887223263     
  0.62666556528110384       0.81350097417550216       0.99806264395111344       0.59677163102223107       0.67890766165375549       0.40011266166803072       0.70512680416646889       0.70152306813474563       0.98388244222486476       0.67445543958419618       0.74888706707548469       0.70327405588365954       0.69267408411499232     
   1.2420711138906559        1.1522118830496222        1.1645513879559672        1.0697715420361011        1.1749269912906934        1.1427827433425672        1.3761828170256782        1.3606826063443134        1.5070659180293908        1.1230833532301274        1.3891150686575628        1.3362243525737953        1.1089638215063240     
  0.65344776342135136       0.83281202798508969       0.99841991282993559       0.63795279358154333       0.71046055434391187       0.44081116619875532       0.73840267865379849       0.73459082668904108       0.98628116581798897       0.69639391347855584       0.77691236236566585       0.73596461429892002       0.72592363317350261     
   1.2559578306593966        1.3794199467733941        1.1480405238019131        1.1435532370974566        1.2176113281871437        1.3016970975390134        1.2216153022395710        1.2847909982265904        1.2178293589174387        1.2326312806759523        1.1172436175139047        1.1806557485203419        1.1712501880783837     
  0.68246805773539743       0.85277019653212827       0.99871825693839300       0.67763909731407179       0.74279421441093130       0.49115829555680512       0.77021814457577165       0.76511681497361161       0.98847602831919068       0.71876165345715792       0.80415694945930161       0.77135946928125121       0.75870135142299366     
   1.1796140488859639        1.3507825133072160        1.1935788844134956        1.1519404696084350        1.2282393763635888        1.1938246916209290        1.2755326409074439        1.1572550818063054        1.3707853368500580        1.2970997103500290        1.1574098864699316        1.0874468077963408        1.1798966977631171     
  0.71189534251339448       0.86754685345673122       0.99897776796009508       0.71810255937266632       0.77500563700399339       0.54586507092167469       0.79897815504406178       0.79685915511072192       0.99022545023724906       0.74095164078112108       0.83047765787392924       0.80217188986917509       0.79109441433009686     
   1.3068943822543382        1.1858971745575277        1.3787545933182308        1.1872713857177837        1.3703839621877434        1.4775984778666476        1.1243345188892828        1.3803286330867337        1.3508414559311470        1.4000004501689327        1.4187399756433430        1.2040232377387519        1.1196471379485951     
  0.74075663816423654       0.88552452292745532       0.99921370022181477       0.75641013581639149       0.80888477730000152       0.60477725881888555       0.82988992598027256       0.82981769892024082       0.99191443448419803       0.76063996772398335       0.85370764255833798       0.82558489654388745       0.82421018928942191     
   1.0499908857212479        1.1699905349545632        1.2903829452841180        1.1606231864623875        1.3983741647538497        1.1636515565264223        1.1315826736605501        1.1141726520216209        1.1261180682899992        1.3792185206300378        1.0963720772963093        1.0132790094019994        1.4155179570914680     
  0.77300552726049010       0.89963709565528671       0.99942907331933883       0.79472149992477359       0.84302476826301187       0.66517876767415451       0.85867116325860837       0.85722573217164544       0.99328321883072423       0.78116158057599960       0.87958127670139485       0.85156117488763283       0.85697650470654807     
   1.3907290878656391        1.0797212497094937        1.4520931191222861        1.2669454061682746        1.4796384952784305        1.0363008956355750        1.1442778518152048        1.0951102085323159        1.3617147727753343        1.2714011548212873        1.5361449440989365       0.98275580263374440        1.4177830554800326     
  0.80632043703395506       0.92239952112498502       0.99958230136053527       0.83802802760395889       0.87603324456058584       0.73179931572919643       0.88741147344958216       0.88841672268618266       0.99447142967149216       0.80040122368303102       0.90558965417467541       0.88039038136786074       0.88899877198828747     
   1.2607814359357106        1.3083306101833698        1.1490048515634617        1.1337387612582257        1.3789975817657887        1.2028834971014946        1.1742902745671788        1.2201834198957202        1.1187544027283551        1.2850270898119303        1.2709076470988212        1.2904048971830115        1.3209882554092744     
  0.84316171460869238       0.94198255984510026       0.99970868606350416       0.87727854495409074       0.90649578298284184       0.80721853775229169       0.91669419080137926       0.91603501104422802       0.99566489614868570       0.82288813449034859       0.93309725555584488       0.91061446110643107       0.91970287846945642     
   1.2487537042985939        1.1993887251905102        1.2478891580306235        1.3416701368670518        1.1448688752821250        1.1745814749612076        1.2739861761630176        1.2162556505143849        1.3561270378042103        1.1851784958316154        1.3489883047637135        1.2237300630081136        1.3122533821266544     
  0.88155911363730921       0.96138802595648321       0.99981469335828588       0.91892678010063211       0.93867885018874531       0.87940802926430095       0.94423254640084653       0.94278622482607866       0.99694487416673072       0.85024835397373510       0.95795844658194718       0.94091304242608864       0.94703046141410052     
   1.2342879122464867        1.0420053317591900        1.4908952042049342        1.2566393681155477        1.2570052219838999        1.3747544399631610        1.3135409892631729        1.1252915906640528        1.3089646102595842        1.3448200515054440        1.1502504121398731        1.2335502664970484        1.3612505235110333     
  0.93043152411577301       0.98154882845205849       0.99990898308848675       0.95899648244661106       0.97050909894946069       0.94359675661630582       0.97163475299865854       0.97222060800567123       0.99835744370272728       0.89243435039456143       0.98034137051435477       0.96979731440880601       0.97500188680473820     
   1.4440459317608301        1.3320115405564028        1.2403098011107208        1.2623244438418824        1.2229018536798340        1.3339808589258653        1.0058442315196210        1.2393898646001580        1.2170074977556695        1.5442082277583273        1.1232833063752214        1.1004725581113051        1.1575862819652449     
   1.0000000000000000        1.0000000000000000        1.0000000000000000        1.0000000000000000        1.0000000000000000        1.0000000000000000        1.0000000000000000        1.0000000000000000        1.0000000000000000        1.0000000000000000        1.0000000000000000        1.0000000000000000        1.0000000000000000     
   1.1831407598454988        1.1760071935424579        1.2535391797976962        1.3888154104928918        1.0698132882870837        1.4160479507183215        1.2405555824810741        1.1447411547168875        1.4053006796877578        1.3035194494309557        1.0252228358488495        1.0515215877192237        1.2086546987301974     
   37.489788960677963       -72.400747034188541        13.232634755981930        36.759275118978358        46.764211604230340        42.192040698362533        34.468376977251921        32.768139204387666        0.0000000000000000        63.857294849367641        49.552162448297970        51.729259774220587        35.484663912352730     
   52.973055241196803        6.5529403401718049       0.50428815393655668        37.751802313890281        50.408098157882094        45.409202802522152        56.223603748759274        42.447668577736131        28.471851077608150        40.559108512505588        50.387893810058173        57.127081844795626        51.469505248449821     
   40.343659541058813        42.412582825423883       -22.430647745587216        56.941688237217157        46.200309657497307        35.097192729310585        39.541695063459024        38.160713368785203        34.613631914788257        45.925352068314467        44.782483700071424        46.117719415101867        27.955772321461296     
   51.109389443372436        35.628166651657935       -15.958571512151893        58.595436443740937        47.863309919949835        56.494822504819695        42.499138357955005        34.613013564325840        29.088998477512469        38.485158000969079        39.334561218030942        37.412779071479562        58.278854948428325     
   62.314876228240280        64.862841982577578       -7.2184205508993298        47.747455936882858        36.730356839340999        48.497493413729551        29.595743291921284        41.970466285348479        25.788388864724272        48.906770426086759        44.423651243998080        59.128655597194609        53.546702745178273     
   27.590961634548758        54.412624985551275      -0.10070226688301442        80.354629238488599        42.739959517851972        69.799870644898206        59.939519666291524        70.707015329999663        10.606322803131839        50.351384742958849        62.920762105834896        32.979904643802634        46.736548034197220     
   58.818582941980708        47.451011779801291        8.7107859710254552        37.462520825427234        61.170141206770758        34.212873587259224        36.553330906705355        45.264941185657840        31.148177250281030        33.097027433896258        43.367344881819115        51.923855542261528        67.276772478647274     
   32.654056784205650        43.316691605008323        65.614083320338054        25.638200431787467        63.334123514032242        30.097771487993729        62.215724018529350        63.032164045044368        65.893421844758706        39.013559770156292        59.641823660871928        45.118433260645162        49.507089941608250     
  0.58336667096977057     
           1           1           1           1           1           1           1           1           1           1           1           1           1
  0.26473108321142680        4.1570847989542289E-002   2.9618915633774518E-003   39.518983504986934        1.6957985910518648E-002   1.0111185877531474E-005
   4.5597096066720176E-003   4.9424382892495683E-003   1.9596629346356510E-003   1.3253402523299853        1.9584471220291618E-003   1.2363106973332548E-006
   7.4057410295586277E-003   43.015721157149791     
