   0.0000000000000000        0.0000000000000000        0.0000000000000000        0.0000000000000000        0.0000000000000000        0.0000000000000000        0.0000000000000000        0.0000000000000000        0.0000000000000000        0.0000000000000000        0.0000000000000000        0.0000000000000000        0.0000000000000000     
   2.8096486948628475E-002  0.47674175503988275        7.6690750683164624E-002   2.0704446609129262E-002   3.4529709705031421E-002   2.8867054560588877E-002   5.2154792513182235E-003   3.0902020654563437E-002  0.48480688067488592        8.0341103006603146E-002   8.2163557887884070E-002   1.6974580894495536E-002   2.7251611048187234E-002
   1.2301932627585594        1.2325009898349888        1.9488304581010476        1.2035578372869125        1.5626799145315975        1.3199319708841906        1.5400838337863094        1.5371872694467859        2.1282591463949090        1.0811393340899160        1.2005120641881990        1.7695094450215028        1.4919542849904583     
   5.6715591574802687E-002  0.70519190084887728       0.13680517789322039        4.1367508477578432E-002   6.6089260391580890E-002   5.8727341199147930E-002   1.0312137351198212E-002   6.0887398986670282E-002  0.59350570994160368       0.12232113030563407       0.15198671696342972        3.1655220893458291E-002   5.4297354991670974E-002
   1.2951360564748187        1.3048817853062289        1.4692669127487838        1.2627793495503263        1.4653123182787156        1.4040353485949550        1.7710079373365255        1.5422628169557346        1.8684588932237016        1.3925251670599088        1.6261572696223701        1.6549904538122471        1.3008012371644024     
   8.6500057054930066E-002  0.82849376684817400       0.20600769989832846        6.2194731963417363E-002   9.7370798198461672E-002   8.6405410604943222E-002   1.5573235092519792E-002   8.3554541280903352E-002  0.66593327412312464       0.14315249631642049       0.21049122976410917        4.8152814478038063E-002   8.6029777296067172E-002
   1.5173873540234775        1.6022060134315546        1.2806353919895770        1.4192169210543628        1.4922583198860748        1.3227800539339747        1.6130861331351130        1.3981770588620197        1.4946233862998330        1.4777684488032308        1.7553019426250103        1.4390454521934752        1.3875430302561369     
  0.11805839114068865       0.88991737139660343       0.26797000156992812        8.4599748029732497E-002  0.13131783509592959       0.11694087017173131        2.0937827674437481E-002  0.10480551027975801       0.70531245962063960       0.16076836615663700       0.23158321481196981        6.6762384809853761E-002  0.11864860792929063     
   1.7068890883557339        1.7170870751762763        1.4145299533951656        1.8720871678730404        1.5837979595140348        1.1912821568317629        1.4566723048442660        1.2194610010399802        1.1855900381465880        1.6531211213504811        1.4617336071417442        1.5509222243294869        1.3733965020692234     
  0.15023749502501352       0.92139153490509718       0.32523130504359110       0.10847266717667096       0.16796314937240514       0.14523244927024101        2.6365157602767680E-002  0.13431138025365547       0.74149057056995937       0.17585629425257188       0.26025569279645400        8.7332501535274304E-002  0.15721361616053306     
   1.4138286876508137        1.5436057169073960        1.2599073530419445        1.6507553435033642        1.4396563553668025        1.2003677282969352        1.2200396071399977        1.1839520118106097        1.4452821888040421        1.4849544994904695        1.7400061932032536        1.3679702547545858        1.4200427711474883     
  0.18238876151456329       0.94192669786990535       0.38157276753408131       0.13490098801518449       0.20310833423580243       0.17587609085515282        3.1999006186970602E-002  0.16164065706641936       0.77594187111529744       0.19038526744152717       0.28563806767154770       0.11309461636856778       0.18798898487388549     
   1.2949735847983348        1.5556567649240780        1.2913864014823679        1.4638505392564907        1.5769563878874624        1.6801712669492892        1.3406183257448356        1.2766932395385329        1.3376706317015108        1.3418254852955398        1.5346260088026047        2.1795440885120803        1.5935995405712624     
  0.21513183740409800       0.95522376021854105       0.43677270887534242       0.16208829073409808       0.23831885400216199       0.20558275458117375        3.7834692056835199E-002  0.18853355828695387       0.80072861662858219       0.20406818859400416       0.30822929910703251       0.13765563559372887       0.22245903468639566     
   1.5402153631915441        1.4336907993808117        1.3045137609639477        1.3113208434609365        1.7324917178584562        1.3945722772810889        1.2935661784787922        1.6833362932409721        1.4974732711317054        1.4801616278372036        1.5146220484569499        1.3571958584635433        1.5567277071097896     
  0.24714255852345010       0.96533459443394487       0.49670353696943964       0.18924766389729411       0.27051864009158377       0.23453188640886169        4.4349009418873896E-002  0.21606224824122636       0.82427544951251297       0.21648460701190897       0.33278583477830137       0.16429570244457620       0.25514039420992168     
   1.5451522472729828        1.3997963495494610        1.6116973896231259        1.6159973330316546        1.3670132041020622        1.5217236744228784        1.4574655999845598        1.3937459750526335        1.4696265010870335        1.1968964075246060        1.2419876864059896        1.4731650001903993        1.8247550171991460     
  0.28079237999748330       0.97277652752414911       0.54696894200300705       0.22145752183490039       0.30187066978487503       0.26928546701269046        5.2133265520440925E-002  0.24128312160882409       0.84157578707870861       0.22867445590806071       0.35657842869255757       0.19557796687561327       0.29322899720640955     
   1.7172352340086621        1.3393987360536765        1.4117829039981757        1.5764541660561768        1.6250741059297589        1.4582549183706632        1.3876396727803257        1.5046623906956240        1.4791203112629996        1.2855761951199527        1.3526257929946861        1.4422338318295078        1.6839979704240700     
  0.31458380348243320       0.97830480580597934       0.59725189673754342       0.25367117308382076       0.33359592312262071       0.30498986773982573        6.1956883547542009E-002  0.26315398203519053       0.85603319331802363       0.24127430878720876       0.38289198383079182       0.22958095289261152       0.32693394769597700     
   1.6054935769139911        1.5228395804015999        1.3028805508889429        1.6330831329872104        1.4658309252253170        1.4209804333431533        1.4177256189746203        1.5163727090196226        1.4353798188748013        1.4275849326716186        1.1815075722932344        1.3872275939488607        1.4168060453867948     
  0.34587913553580485       0.98251439353461323       0.64590032163998634       0.28610300796426003       0.36541232389630413       0.33805207539638699        7.1547186282790234E-002  0.28407620660148758       0.86947862323091163       0.25465413344714738       0.40980861283286130       0.26336526616660400       0.35707227546338338     
   1.2820421943654430        1.4455760158588378        1.3573382290718965        1.6650766522446332        1.3961338094995932        1.2580372854250579        1.3260142024775419        1.1663043321987610        1.2427286803976532        1.5112913683699685        1.7005916230613540        1.4339540954447074        1.5242669315776403     
  0.37642360080120485       0.98583933462280571       0.68689080749926423       0.32302521743839230       0.39927396102647056       0.36911969576248138        8.1887067669346864E-002  0.30455735605956041       0.88224615063982736       0.26795679024556929       0.43931605236512583       0.29693813922311629       0.38546728267480412     
   1.3592037048076735        1.2703381223809975        1.2811057398081913        1.4120864233166113        1.4812975851967745        1.4481135493723172        1.2449671734470311        1.4232512797483949        1.5259809835007598        1.5454201203376474        1.4204248393605625        1.2488733837577795        1.2600988031135891     
  0.40616482669756632       0.98831011274815028       0.72646462301784753       0.35763435083187922       0.42781102928992226       0.39883137978862615        9.2432745597886792E-002  0.33164510955603899       0.89391854385764435       0.28152447609225884       0.47046688875469722       0.33264061932490613       0.41319497439595265     
   1.3529562211933182        1.2169718098373548        1.3496890005341180        1.5814521819618541        1.2692403442149516        1.3058924425054532        1.5265651259030257        1.2998987934331663        1.3233869373662350        1.3915592027654800        1.4471282920268713        1.5464046323298228        1.3513715757864277     
  0.43425646237948834       0.99047414951053958       0.76285238748957762       0.38675421161461693       0.45186942933563135       0.42784742669316095       0.10449118069354754       0.37114740451793238       0.90464298121531561       0.29556232814312361       0.50037574099629556       0.37180279621535145       0.44160134869462786     
   1.4269811441553288        1.3158957052915961        1.2765721744592133        1.2768451987006082        1.1832304929070514        1.5171848331114730        1.2789411998831206        1.9083988798756129        1.2680457716417139        1.3289956925896120        1.2659777828377043        1.3764962770895046        1.3609344166368513     
  0.46451660142086793       0.99212001776081837       0.79842446668200517       0.41823048938757168       0.47470689013048512       0.45743012244485687       0.11753898371471878       0.43086501884976319       0.91447481210256698       0.31015695505237295       0.52928901599727840       0.41246791868134552       0.46829840634495512     
   1.6131496873629765        1.2556101165852156        1.5254730120980133        1.3399206680687821        1.4831696452230083        1.3662603084914418        1.3526415220692127        1.3667078416336951        1.4382796458334979        1.7258077072459055        1.3002276093753429        1.5061871143578494        1.2760749227563648     
  0.49287636692480730       0.99350117136226201       0.82658548178197411       0.45032827050529001       0.49843035059668572       0.48607409421971604       0.13030734304807995       0.51221185692439042       0.92321090805869555       0.32561031802550383       0.55685670218029448       0.45268091115081333       0.50178225919300934     
   1.2022276992950436        1.3019108208354129        1.4320481036624513        1.2802472662259974        1.2506709577562605        1.3978313112512712        1.2475343430130603        1.5304680635058843        1.2718092054728227        1.5364510065202208        1.3381067617765074        1.4065983822840118        1.8690225671718379     
  0.52028410426212546       0.99459920010085545       0.85489499585591955       0.48363409296558335       0.52584695568972928       0.51728764667722837       0.14661340700526909       0.59010277639593778       0.93091803082403535       0.34068557777696395       0.58219660548558949       0.49505139301169282       0.52736862596074330     
   1.3460782016965818        1.4051240819105884        1.3222162476588946        1.2260896098047283        1.2939474435538947        1.3540660227997279        1.5557519447899089        1.5902261841496113        1.3230376849477421        1.2953661504498883        1.2697335554153155        1.3522196991778634        1.2804994072802987     
  0.54939400664234517       0.99551881951567156       0.87686426725369104       0.52007966426542185       0.55529729380909243       0.55216577183250348       0.16431793813967083       0.63679338728359880       0.93863851955766009       0.35584769508527764       0.61184409288275843       0.53597179005925266       0.55196910210159578     
   1.4887032119540073        1.3075229353274036        1.3043182203684724        1.4347244251657811        1.4285711757677462        1.5259482320593376        1.4315938064140494        1.7039076856536697        1.4280710307426696        1.3343040076541837        1.6135205016974548        1.4183873390544652        1.5016663905196217     
  0.57958946711018255       0.99629115500615328       0.89734912823562052       0.56228128332083660       0.58498323937997432       0.58508938779978059       0.18570720758550877       0.66998490583340253       0.94449253109159748       0.37206812010245266       0.64233619582631585       0.57287234193954484       0.57981775693699067     
   1.3909908663872166        1.4339177263475660        1.4445486090632638        1.2796492759849369        1.3157608052153660        1.7267313340285491        1.3726818775763188        1.2543295756026474        1.3726280525179715        1.4701806611909194        1.4723074868814683        1.1586966958641576        1.4476638094875156     
  0.60962312730347146       0.99691323212115457       0.91526865618553366       0.60230382993307363       0.61516208785207449       0.61795860144417780       0.21050717717067788       0.70237436622540306       0.95062262843116929       0.38768279361960090       0.67113880917610991       0.60536877633005270       0.60871310970802472     
   1.2592918192069804        1.3858753374881336        1.7059866274693880        1.2605958640784336        1.4557687639597447        1.6454688062070213        1.5989491818181951        1.4384732639119056        1.2418201861353229        1.4772334420756141        1.4055680764733078        1.4363573262419460        1.1880137191158047     
  0.63851154845002522       0.99745495325879274       0.92826995423477343       0.63969820721617821       0.64539789952562121       0.64979303705743352       0.23480888659843174       0.72807110473891667       0.95662386169171698       0.40488385647549663       0.69615216634199073       0.63384206245469032       0.63728527346571040     
   1.2576965048867952        1.3558379361732764        1.3345204687485777        1.2140435013597766        1.2238245924611970        1.2651071464830776        1.2925704319250961        1.4268520871517678        1.2903597500679054        1.3081369420639568        1.3080890693114755        1.3118696041795896        1.3861944697157083     
  0.66740204283422488       0.99789391516709725       0.93871202961278744       0.67784132364491656       0.67755362101303029       0.68301962968470009       0.26277489003272136       0.75284483424694681       0.96116169490008008       0.42431563736831401       0.72053735471256575       0.66194078819534485       0.67119857214509859     
   1.2851684918967829        1.2567146525409998        1.3959479486178716        1.4077270421273826        1.3402014518865621        1.3666489152496597        1.3326037215378723        1.5622805394130135        1.2846649711222953        1.4671315311584574        1.5273394322466587        1.1524811422289991        1.4949362321567501     
  0.69764298571059102       0.99825806517280469       0.94895945341480314       0.71782241644029721       0.70705758591673906       0.71493860582254987       0.29522079089102865       0.77524510319981133       0.96541640258913708       0.44593987557615217       0.74691844942858987       0.69045545282758092       0.70728249270895083     
   1.5112661063828032        1.1769674891921500        1.3326002047522281        1.3765502842155026        1.4604431767144963        1.3562766184738324        1.2552433970783652        1.4240525282245862        1.2239731532472229        1.5215082422400616        1.2948819277503936        1.2441121593123414        1.3308429134204895     
  0.73161635194681607       0.99858089369521286       0.95901936320522629       0.75592455026804384       0.73606817586497131       0.74640741871204441       0.32749263143078522       0.79591177321899720       0.96962835966978766       0.46819902442822087       0.77557706229731993       0.72527623337129832       0.74158545074553994     
   1.4802862140309418        1.5981784984209413        1.5696557011073069        1.2846185365383416        1.2605462955373521        1.6753827965721286        1.5093463328435968        1.2000473508182596        1.3573255272827134        1.3011240726025224        1.6773935871492640        1.2972791578954888        1.4947266037034723     
  0.76391575138134726       0.99885869440681740       0.96857996119017609       0.78867177378508035       0.76668586305147735       0.77883321941983874       0.36184442773606962       0.81851199915862949       0.97388423648433231       0.49292358372105771       0.80574927901877169       0.76213009688744049       0.77550889154189695     
   1.3057783369952782        1.5137559040789532        1.2551488113448777        1.4992796410398679        1.3457420538782090        1.6412112461779014        1.4914989329335198        1.5156682701374080        1.5231541474527781        1.4065099041830151        1.3535844302910236        1.4621774299929728        1.2705672967213244     
  0.79825209942149733       0.99909386096687658       0.97690341990893437       0.82043161192815039       0.79873660160910542       0.80961472574614501       0.40130721305931000       0.84365623875916451       0.97750340184767359       0.51998399647267801       0.83522521784954795       0.80103714464836517       0.80558741718036664     
   1.5539213010059210        1.3203816779792485        1.5746236574663475        1.2767106047806258        1.5384780249515488        1.5955478288829206        1.2064636382485541        1.3193220451941468        1.2370685153715864        2.0503100077794230        1.2687131580297304        1.5158808553745788        1.3251139303635786     
  0.83365686045517828       0.99928226357407768       0.98369561326846411       0.84978009227900220       0.83244972783202331       0.84031784737847970       0.44804112786621542       0.86971849407845447       0.98083445532986280       0.54947569102278926       0.86227937767245277       0.83726362628216000       0.83657513096310132     
   1.5743012761018915        1.5514118653425990        1.6579236373127346        1.2144712880038904        1.5152880995967004        1.3308504098656815        1.2678959566728691        1.3908968460029272        1.4148723300112431        1.4976678421919709        1.3937165834092289        1.5159178413302687        1.5059462792970932     
  0.86818149178649284       0.99943280310590954       0.98925934484044320       0.88288979991729810       0.86651517673281075       0.87033645458865760       0.50244833888834339       0.89492477565088946       0.98427135608315830       0.58272262543962383       0.88814746969512859       0.87527599791087218       0.87258629937508969     
   1.2924567196363939        1.2178768137813749        1.5303061702434233        1.4738436136524580        1.3507486127361947        1.3511769891766479        1.3076948550880660        1.3795804057828149        1.3546274694981415        1.2664749972426286        1.4281736748451392        1.3553719671535887        1.6199718621955381     
  0.89987391655151872       0.99957278173712283       0.99373473423655756       0.91474665508800090       0.90143097864145749       0.90076885657494621       0.55845224924043824       0.92133260894173019       0.98781978723082242       0.61378060659624367       0.91364822498754805       0.91119184948168896       0.90100237572780861     
   1.3864240159420029        1.8281926339971657        1.3702240915244019        1.4578091646472162        1.3397769297269275        1.4626616396220047        1.4663343563224212        1.2894261408283159        1.7408268143668628        1.2738756551046526        1.1567887693337437        1.2788182595188695        1.2565612027714319     
  0.93212364925163937       0.99970695494035733       0.99672948634451108       0.94663652493698547       0.93437791305823548       0.93451695483421282       0.64083502828491734       0.94636578786053271       0.99133178250219356       0.66734142974473676       0.94099897561970025       0.94313531755006441       0.93399369791755293     
   1.5304170774784187        1.7153131495542575        1.4765465530774950        1.6710337150818579        1.3186608563688944        1.2516749375763969        1.5200929232325222        1.4103394136343663        1.2848920698054616        1.5685859565705573        1.2845296832933519        1.3741290836626994        1.2833756920375914     
  0.96654813168664588       0.99985088842127390       0.99854118189365826       0.97381276133442518       0.96901812091174699       0.96608533321307322       0.73460064358968669       0.97368275228714096       0.99554602692971028       0.79047568286909775       0.96686435799625114       0.97179886822416761       0.96617549886665821     
   1.3501328773459789        1.7198464766754453        1.2640841953688475        1.5619471425274360        1.5221035726429533        1.1508386998589581        1.6696211676088004        1.3232135935769196        1.6883103171801364        1.3819524429956485        1.4689744233026214        1.3537521129909529        1.1741866345633645     
   1.0000000000000000        1.0000000000000000        1.0000000000000000        1.0000000000000000        1.0000000000000000        1.0000000000000000        1.0000000000000000        1.0000000000000000        1.0000000000000000        1.0000000000000000        1.0000000000000000        1.0000000000000000        1.0000000000000000     
   1.3077713891346650        1.2742900480145793        1.3996175516868314        1.3099794957769488        1.3051623114969320        1.5542577480518680        1.6952984485965392        1.3107575925451631        1.4167498301373693        1.0801169247931826        1.4940519433733772        1.1952469821641221        1.2531726489573103     
   53.053771235768622       -6.1964811379671279        28.048391609925218        30.196156443498889        42.671204937081903        48.581121668451587        69.477864762037854        52.507624608214790        16.621570545568762        39.650735247313357        50.251360376191677        46.202056293186970        48.944050201115630     
   44.773582329875325       -8.5122540180861108        37.538592560197600        66.663741718377480        52.812752491111581        47.955513203909035        51.587432455926823        28.796395777383992        9.8872129689022135        38.733755475322688        68.191557806140210        48.591307394599390        42.467245259572920     
   45.232963951549038       0.50379259577940161        45.932738630693009        31.345621383755983        50.698005728835632        56.207143170024352        33.117373191817265        56.816103616213645        18.304125818403730        52.661544357919858        51.996031600849918        65.465098966985707        51.448494724938016     
   48.213307995978674       -1.1180526642072581        27.902734504895108        60.649674672675758        41.993695549870665        35.603578923418667        35.430934109453418        12.691926069019612        14.871939548342359        62.610139340082135        50.197224549732795        51.780135265979034        42.707753338131106     
   60.768778447078375        3.2912738846048573        55.486900699297294        50.734012550898356        56.281784515363164        44.671256582788700        34.600444953509751        21.740594035584586        24.798727507685371        35.030647145733518        57.484044196184691        45.181003671774711        54.275402899740214     
   50.038844207724097        8.6423784717011518        49.728493136281664        52.416457760290520        45.467865473583210        59.848002307006560        22.460894909503942        50.997678551531614        22.089772513384965        50.147928605086598        42.672819258399478        50.390279651818524        39.859263192141348     
   31.137337948357363        27.917274071289246        41.645929310077044        54.331142460384399        40.791110156884301        49.807655744561963        20.553270644981843        52.589944692686174        45.171906791274019        27.538488091458568        39.746442116184866        38.613513672500154        52.169182442403951     
   46.008974154450044        55.730421481113993        55.733875118297540        48.459228078554275        29.552106969931643        29.728882346460232       -46.964877266093538        50.404220933103325        63.339957872086657        74.843013380736707        35.583973133969884        45.069154045286737        44.952405907874351     
   9.1171849193416996     
           1           1           1           1           1           1           1           1           1           1           1           1           1
   1.3586315676710430       0.20052141079869165        2.4175959716761359E-002   47.166191333947594        7.0822362388779925E-002   5.2905142189279755E-005
   2.7307529074446949E-002   3.2002309482141798E-002   9.1025983254706261E-003  0.97274992565042639        9.0986315259697689E-003   5.2261345716247605E-006
   9.5728090898062890E-003   49.306173924292921     
