   0.0000000000000000        0.0000000000000000        0.0000000000000000        0.0000000000000000        0.0000000000000000        0.0000000000000000        0.0000000000000000        0.0000000000000000        0.0000000000000000        0.0000000000000000        0.0000000000000000        0.0000000000000000        0.0000000000000000     
  0.11560021393426559       0.33282518740533668        2.8743076619678391E-002   3.5454763338802778E-002   2.8758474786482163E-002   2.9280699463262890E-002   5.1824598636925706E-002   3.2340216448388130E-002  0.41261814170223210       0.23154690588131061       0.14912650284017170        3.7830635998290930E-002   2.3559676448649706E-002
   1.1761268090055583       0.95248888933580567        1.1759065315048969        1.0339378973666009        1.0825175070369488       0.84519548743643980       0.93179523849498957        1.1310756534766020       0.97335421535434519       0.82720129465948933        1.2298953327669147        1.4597501648209281        1.0451324891272054     
  0.14293469169564027       0.43706326344367885        5.5482889749029027E-002   6.7473143003837582E-002   5.4502598719828446E-002   5.9817342242144619E-002   9.1066306362801289E-002   6.4259597755095918E-002  0.52633858635203146       0.34719257439764467       0.21374178469880722        7.1082944141502832E-002   4.8379989008049774E-002
   1.0348238515608403        1.0371457291360111        1.0491847137413977       0.93337042343303100        1.0434829194435542       0.92744412352306183        1.2310196719653359       0.88532183725183067       0.96555769609605469        1.0157390533865618       0.88378515779284172        1.5018200513534297       0.90676212962930347     
  0.16662724553409394       0.52464386942157448        8.1482230159893712E-002   9.8253827405379107E-002   8.0589146810012308E-002   8.9832738521468530E-002  0.11785731424881700        9.5388282114501496E-002  0.62459838132290835       0.39263523079112328       0.25248674604388660        9.8835468185155678E-002   7.6534538350717066E-002
  0.98972864435296803        1.4128588113641078       0.87525342711567167       0.95136110785186845        1.0160382455410109       0.87591298764784697       0.82069693823800016       0.94664247509684951        1.3526440845361454       0.90526853484163139       0.91610091357819068        1.0303714649006932       0.90609874707218607     
  0.19168037856317696       0.58480664576323815       0.10806930346247169       0.12905840471723612       0.10550850782185228       0.12305083075622320       0.14413069506803322       0.12673529908479936       0.67026517968934318       0.44062533203824300       0.27793077622323137       0.12567538800021089       0.10828225343582289     
   1.0661893804739282        1.1393022430267448       0.91595779788773590        1.0656977398009178       0.96423331428544601        1.0537434101512957       0.93663312963749401       0.90479657259794177        1.2234093947606237        1.0123320495313217       0.89357044674725061        1.2514609769665415        1.1208748565543665     
  0.20773229814166874       0.60536116242442872       0.13561955275869453       0.15906446636082119       0.13051823819449510       0.15322399386432495       0.16699596007574535       0.15833032886454332       0.69220059187901406       0.47379861551655644       0.30103482199640630       0.15468163297457072       0.14287227363965405     
   1.1290450594924983       0.81832965798074242       0.89876778588764628        1.0197385582104639        1.0185957323631041       0.99392336677564197        1.0104098008017364       0.95981143091752474        1.0175247574039623       0.93556885591454941       0.90931109838526658       0.95603506439300223        1.2553708713364946     
  0.22661632062675335       0.63236283970803175       0.16224683746395502       0.18951709235558370       0.15727630417773023       0.18212890135668405       0.19020395064979212       0.19156043093248282       0.72376467915319620       0.49802079890704082       0.32421596418278403       0.18613106229976273       0.17820152979844520     
  0.80950117875329908       0.93064892886780737       0.99793360975376888       0.81092672947363864       0.89937151527114123       0.82390066766361947       0.92837850408720035       0.95831501199912061       0.97652237302884137       0.97388046263427108       0.86613352736587645       0.97817787694100522        1.0661547392341140     
  0.24393313854836796       0.65588593511968962       0.18860285402785865       0.22205717998569097       0.18189027598768781       0.21141197322634347       0.21454035694788443       0.22487871727880318       0.75207847914894210       0.52698240184508849       0.34815762241359482       0.21607346654087672       0.21515302441228518     
  0.90151550310221651       0.90976561596232985       0.85241670796913072        1.0811037455183887       0.97329189193420651       0.92246638934410341        1.0393877349084177        1.2104280629660475        1.0200507571111517       0.77866618368552643       0.95278219767391814       0.94002772860226502       0.96187606783873536     
  0.26160561267929172       0.67821232281541366       0.21177351185873128       0.25546183721497384       0.20894704728265520       0.24194235629655908       0.24044631920841406       0.25116505365315878       0.76776677095948176       0.55304115161119927       0.37143066821381970       0.24909048589650451       0.25499267671840914     
  0.92483552571706662       0.93334056647672237       0.85614145492571159       0.85143832036992173       0.96882489192851340        1.0629507939951104       0.96853428382235984       0.78006021257961700       0.76333016191506675       0.91028655833071148       0.95210889206503591       0.95976981648174176       0.95983268346144068     
  0.28198892307935208       0.70114989746643963       0.23544631299685204       0.29263767764110082       0.23724202904418748       0.27389701251377974       0.26651306983222645       0.27782209772518246       0.78444956341117011       0.57721155087577025       0.39363430485246437       0.28617858591043194       0.28775323866214497     
   1.0085556522591301        1.0607816893185813       0.84840819618646923       0.93359368775888663       0.90615948246629141       0.86183497430357747        1.0062536876905763       0.87721187074540752       0.86430506591124645       0.96112175916482157       0.91290741210654069        1.0954644215467437       0.84673947545367889     
  0.30343261478339251       0.72413541987057117       0.26307187379598412       0.32791078447945488       0.26564205939970098       0.30601882577747863       0.29132068506679787       0.30506375797930507       0.80065619000406818       0.59725074174517090       0.41274267844987811       0.32150958206273084       0.31819048881004203     
  0.94911847649717318       0.95963978669106276        1.0623947516496919        1.0979543834752157        1.0070723999948248       0.91106357293619933       0.91335303653066702       0.85365066633400788       0.86784153974534062       0.93287425386190970       0.78100846211209030       0.99693763736135410       0.99446922488682099     
  0.32504260883902636       0.74223557226415948       0.29305401997492259       0.36059265743053642       0.29311821576715757       0.33774381004065435       0.31617069830863032       0.33320007083462633       0.81721549697435214       0.61914173653039262       0.43514862232717122       0.35667363090989262       0.34585612940946003     
  0.82820237791502405       0.86657812751219776        1.0959117149715283       0.97456212221541549       0.84154343823041644       0.82933802236720533        1.0139993925222426       0.92616594205244684        1.0103047118291681       0.95708138504917362       0.97080335625976732       0.98237036750261875        1.0426411689484723     
  0.34749046372718817       0.75639545922490314       0.32067083401441238       0.39014924627606534       0.32012728880199220       0.37051171444515929       0.34147596211130238       0.36600770315611864       0.83049654414634488       0.64034846372683119       0.45852990133255256       0.39111085666991874       0.37556842127470302     
  0.95270639844287508       0.82683777632223532        1.0029275388873740       0.90550530931628292       0.89917217550188899        1.0191942944016652       0.86760254663960823        1.0724117575610908        1.0117818515729764       0.91812528078366318       0.97861786220347069        1.0126744200309292       0.79109413798929629     
  0.36972104609562273       0.77054588472354069       0.35124985805109499       0.41779446509044282       0.34872390613738835       0.40486158612645234       0.36668444556516022       0.39904794055616516       0.84348537211213270       0.65874418153150882       0.48307692722727014       0.42394138031105888       0.40894696636668454     
  0.87489676406194150       0.91958334027154531       0.96455247660317933       0.90622876483294668       0.97245868799177393       0.98439006975166898        1.0613105861155012       0.99113830900435096        1.0923278477609233        1.0464986094739195       0.82278104984204181       0.92020241379458156       0.87740924406696552     
  0.38874754372329212       0.78626133362184802       0.38071843201474687       0.44480961295606203       0.38013219448194169       0.43574531005697192       0.38929757659931957       0.43500592188694148       0.85460826453840089       0.67515113808036686       0.51027811585791971       0.45629917296882183       0.44073662050783441     
  0.92233825798320479       0.94175769862852854        1.0160358873333355       0.94714936820861773       0.99322662180766796       0.98747208897768946       0.91236226839043311        1.0439127760179128       0.91047475901100949       0.99166668591988283        1.0420619459217981       0.97897368491877590       0.91391165744431624     
  0.40968595800742358       0.80186776672703153       0.41060367733175795       0.47505163977736331       0.41582232630309179       0.46595411958373806       0.41238563690327479       0.46996897273277255       0.86574298372547154       0.69065125307548414       0.53631908866226807       0.48959723542141587       0.47026629586527241     
  0.91955100414460889       0.93492501483147794       0.96278436267034384       0.90016789013723053        1.2654807076451002        1.1627485351593241       0.88857001995162899        1.0365296134844637       0.94283606419362187       0.92250789841151870       0.91512369646139147       0.87727919802141774       0.86099411792576375     
  0.43810217943311863       0.81590408697789363       0.43996684718203788       0.50445804523300630       0.45015713206353203       0.49668431253501000       0.43631150838963872       0.50378297404878991       0.87623409616668801       0.70633792083048286       0.56206598844246247       0.52265408294032933       0.49902500749399992     
   1.1151741605728336       0.87190115079390518       0.98378151649169188       0.89201048352322065        1.0333574610879612        1.1290889316391359       0.83532008285008186        1.0253436654086139       0.95446211884034271        1.0005084245389648       0.88475298725197105       0.99831463907833407       0.91019303739740665     
  0.46762442379481384       0.82975402192200720       0.46941150188978953       0.53327675142318598       0.48355425635883242       0.52830236373002315       0.46109321271592940       0.53498189029105392       0.88738498282521283       0.72080820388368583       0.59380531785190027       0.55149962662793262       0.52779558525097403     
   1.0518288876875854       0.90782738047677636       0.89392034788526364        1.0152375438609431       0.89261373226672824       0.80681218621435269       0.99392884791475777       0.96821132601188564       0.97895337612362099       0.89043762909251956       0.90460773031843988       0.91536981588498390       0.97826506636893096     
  0.49600845538740646       0.84259773099124491       0.49971325369295566       0.56268897336567381       0.51946494351492767       0.56086880478722567       0.48542194111497644       0.56582778909578235       0.89613505983093400       0.73574941863904841       0.62782610381568804       0.57739580492278997       0.55649803101920647     
  0.95217123166068274       0.89429798109980629       0.91738388924020942       0.89855729937617723       0.91709443965335113       0.90167090081451828       0.89331017790655709        1.0239813331643985       0.87975502268424544       0.99613249172703666        1.0164697673768350        1.0033931660658844       0.94112781140399027     
  0.52236100384495676       0.85408541390065928       0.53418694242791098       0.59555324298181989       0.55518905372929506       0.59682098280524831       0.51003376168718462       0.59582183923737131       0.90480032653858300       0.74832364249826699       0.66009010737597285       0.60465604738450107       0.58710029084524806     
   1.0160879703643080       0.93776309767889998       0.95099019980537947       0.92502606489065131       0.85552512067192543        1.0915763431766670       0.93723545689837973       0.82140139339476048       0.97383345004546640        1.1283801613201854        1.1102690295248705       0.87825856329024188        1.0012713155464090     
  0.54872779573688246       0.86669321047621573       0.56710166646455340       0.62865187270741407       0.58754293216543896       0.63339322436250278       0.53578765216373347       0.62707483288511323       0.91241470383022594       0.75956478633367797       0.69233548266960676       0.63013739703432170       0.61927763709725936     
  0.87745980531870627        1.1810649051756019       0.83937698562486729        1.0184751547269182       0.88305437808550757        1.0263134501253586        1.1014350325396867       0.93991941511703037       0.85546799019167907       0.92810809860133348       0.90404278297156315       0.84597081920395067       0.89396218197451982     
  0.57486191732818492       0.87932815003120934       0.59930618896702714       0.66208793228363261       0.61909255089823745       0.66589955779207344       0.56218638976051727       0.65743449941045340       0.91989036045759420       0.76989997980678526       0.72532056886538476       0.65588678694395408       0.65269093495742669     
  0.84418375965316050       0.91486665288005486       0.89687262705342097        1.0575427707270879       0.85253686303347598        1.0135866039100112        1.0876932224215632        1.0895314694953588       0.80781506753914278       0.99974122797625276        1.0191977598140833       0.91905360895501120       0.91337394649082082     
  0.60237798524429953       0.89117559800716928       0.63012218752106364       0.69599905275500340       0.65447246180350616       0.69981395658506851       0.58629866810882425       0.69048562428637139       0.92678439311467009       0.77997228247169637       0.75849827383921797       0.67953144144961608       0.68808026831748570     
  0.79645690803786406       0.92824531643387620       0.84900812206635334        1.1551577091324436       0.96798438214787041        1.0391022698530605       0.89912658858043559        1.1879441201955985       0.92325394174335773       0.94724035419577335       0.99197122362776247       0.89788744255014452       0.88076814582264951     
  0.62828368357242614       0.90134379133559961       0.66670989299728656       0.72911052815248401       0.69026228473723272       0.73177916797702303       0.61345393134562809       0.72219449878521036       0.93345253972349040       0.79115864611028097       0.79208895617638897       0.70443010745302304       0.72266774608257700     
  0.91475590903927151       0.85921100817902041       0.91192658566738316       0.89815574364099471       0.95381655046774749       0.95594250101656786       0.96048645139756550       0.92656925381687338       0.84386023943119970       0.87764817485841162       0.94535189538862741       0.91733563973913579        1.1135976261202629     
  0.65660749954096853       0.91108594802166953       0.70063345747316874       0.76089216525970915       0.72506798283931295       0.76160382188761000       0.64131350496249617       0.75524911574342013       0.94044239952628206       0.80284727018245683       0.81995871598521863       0.73323593783429120       0.75597436668370965     
  0.95584999883610589        1.0581237976344846       0.93552293509418294       0.90800079951121870       0.90570272767289683       0.97250283646963476       0.99288124506946962       0.82278104984204181       0.79114963117256609       0.90983726104164231        1.0690024649969099       0.83319226512120226        1.0851856963902478     
  0.68604192265999053       0.92103997738228749       0.73324986465035047       0.79120265461178740       0.76058193139813224       0.79171040303857509       0.67369089329398446       0.78606801727085585       0.94748320810735165       0.81495310246615438       0.84992770604859580       0.76243174678771453       0.78930608297940996     
   1.0711759762638609       0.87171954111232575       0.83462015707094128        1.0279249985349599       0.99809010232165796       0.90178315923117858       0.87806661942261688       0.94468300598232768       0.90176239788857471        1.0738138268601731       0.91206623533769904       0.91294489835803616       0.87932236660714724     
  0.71757199986762044       0.93228396642217981       0.76487387096771497       0.82174599235294432       0.79746933187090174       0.82119218991839338       0.71106620160898348       0.81852307401192437       0.95399599846975425       0.82795319336165107       0.87663197143810423       0.79341933274831067       0.82140722859000181     
  0.96199932514667397       0.97455410305549639        1.0677696590410695        1.0356257541343936        1.0268981918469193       0.88983904991342344       0.98382681471547206       0.96430372165474265       0.91287806557573659        1.0701580317925832       0.82333877772517672       0.82966501078509158       0.87738686746395178     
  0.75167476230054309       0.94276982739458093       0.79703360234117693       0.85210908010817565       0.83455108292039482       0.84843411993878037       0.75024399195831293       0.84712251588217691       0.96010628970548118       0.84096402689419836       0.90196400409768518       0.82530205594535044       0.85299257191746647     
   1.1134437587624011       0.96279736413039374        1.0606225170183794       0.92260613935424329        1.0585173586378720       0.94007528409170971        1.0406940315578255       0.85946788478158909       0.83920968237658866        1.0390517391009986       0.92214890791080062       0.93536236526506578       0.94078124004148911     
  0.78465336666766361       0.95355963052567760       0.83543361058517684       0.88245962341611173       0.86977341517064810       0.87474383820086488       0.79340380757514095       0.87531778657836845       0.96601731326205043       0.85512944170896721       0.92578331305092842       0.85765002154458703       0.88528641347275083     
  0.86605488728686864       0.96874503606483908        1.2470047512997675       0.95037439180235550       0.89371686845055531        1.1658555048724935        1.0217550082317060       0.92829972126897642        1.0042710989052239       0.97338444772512445        1.0609809387338645       0.88006487935329925       0.95554903077532483     
  0.81951854447019168       0.96425151287655275       0.87395536570008614       0.91259331210537620       0.90327418717810315       0.90174501669565776       0.83637430231222032       0.90253764602597020       0.97281549849028714       0.87710287912656038       0.94814620038700403       0.89190093260867143       0.91755550298258670     
  0.86043222322572044       0.90836208789082629        1.0295478020462769       0.98218597878287617       0.97461805499649512       0.87266062147070034       0.91442985851592351       0.86888376396165079       0.97353208063105745        1.2281109748959020       0.96611857479027086       0.98715970182931667       0.93687991160461759     
  0.85416095752514509       0.97525340653118420       0.91493189948834430       0.94124893214700056       0.93600371179403208       0.93107869607196536       0.88059110656966966       0.93177790431769048       0.97939110383625794       0.89773985347373020       0.96824850727550338       0.92745677377921665       0.94698836398401909     
  0.94978462121194451        1.0168075509233430       0.99079972511647552        1.0671288967988171       0.89376348796043625        1.0038040828967345       0.88610112978850497       0.98741374262706005        1.2263889325294506       0.93232410971880053        1.1285565713087349       0.82756708449088368        1.0444532102436077     
  0.91631748380786815       0.98715080664491262       0.95747091722913413       0.97145254182633811       0.96814635846698771       0.96668494577249053       0.93152196936984544       0.96483223419354047       0.98872818015163122       0.93281069312628440       0.98499835801674585       0.96372600195760771       0.97386012512387421     
   1.1688229924310181        1.0076356468745966       0.97039466407986086       0.84082298622989371       0.98314562999567401        1.0320890000405938        1.0069615552391518       0.91676395533684396        1.0311718289217757        1.0990325824728246        1.1808040478222441       0.83832437639630197        1.0573047695070823     
   1.0000000000000000        1.0000000000000000        1.0000000000000000        1.0000000000000000        1.0000000000000000        1.0000000000000000        1.0000000000000000        1.0000000000000000        1.0000000000000000        1.0000000000000000        1.0000000000000000        1.0000000000000000        1.0000000000000000     
   1.0128009602360557        1.1386762289184311        1.0449620225562204       0.94384105561347686        1.0112155860142298       0.98870642806557607       0.99572681979631916        1.1734852255905259        1.2250590397574057       0.80061455716103147        1.1576514501511876       0.82146948918696816        1.0343667656703850     
   14.670665665280922       -1.7883939738640660        12.284791662810381        10.515994422931781        13.837385554254853        9.4734594253039699        21.418735259548583        13.385298153639990        10.880627006829915        6.2368776241978860        10.221960721664304        7.0138925988492620        8.7502075945139559     
   15.665141180975112        2.2827800898470096        13.722972241230348        13.751696071832077        9.0942860204411495        15.909572589768461        16.844213359919280        11.239507031294803        10.880627006829915        1.8196071259554367        8.1650658850766806        3.4363510574908123        16.309128292877684     
   10.445013058705280        5.9692886198557646        10.754293925842246        13.491482149228574        14.144984311002771        9.5185305510560205        18.336195187299371        14.745833214011068        11.886925316663600        10.200287448936310        9.2427634534261340        9.6329107463310333        15.104174632695564     
   11.854000790547991        16.271631612114650        8.9695424207090060        16.923283370192195        10.794676279606348        12.001219219412471        9.1243383029405116        14.858422680418391        13.360064609131362        13.720235760288894        15.533059896683838        13.750256355707705        9.1946933443637828     
   14.337116467156145        16.797910743775645        16.287565759276234        12.072423292873292        6.5931940051088116        9.8962035208245336        9.0157615241216948        10.460024071643149        13.468499959626628        9.6538292151254641        9.2770320635868426        12.982907590587816        17.084700318397179     
   13.973583601927698        16.531884349339386        10.264876020957917        10.629930734131472        8.7551256741617483        11.294823347268899        12.992334186214954        9.0873640903729083        10.409661081551029        14.591452837577782        11.994400632573956        14.640602287983258        11.107010975021138     
   9.7712989266539214        12.494255935827542        10.250584824056144        11.445531512606383        16.334026536402803        14.665405895709593        4.3330587066746524        8.8720279151639563        9.7169072393354909        11.133843926592650        15.836327801722636        11.929840413132165        8.5042047307229627     
  -5.8148860229791124        11.042737685740716        9.3408100617937411        12.065764974064230        15.713696817296768        10.577040024500477        5.3170384625112241        14.439051031133179        14.401666914590146        14.580561330769935        13.343053014910691        13.065933687166776        9.4376188099718270     
   2.4977409417717287E-002
           1           1           1           1           1           1           1           1           1           1           1           1           1
   1.9033819663937475E-002   6.2209893068363980E-003  -1.5678755541366520E-004   10.306976554267752        4.5379542164929832E-004   9.2795011611915884E-007
   2.2483688515550116E-004   1.7633684142813905E-004   4.8262230746795050E-005  0.37021085415995270        4.8217956385123931E-005   7.1476811287484016E-008
   1.0886577027511980E-002   12.912279979511728     
