   0.0000000000000000        0.0000000000000000        0.0000000000000000        0.0000000000000000        0.0000000000000000        0.0000000000000000        0.0000000000000000        0.0000000000000000        0.0000000000000000        0.0000000000000000        0.0000000000000000        0.0000000000000000        0.0000000000000000     
   2.6206609269109372E-002  0.36709551847658711        4.8005512325500821E-002   3.3952035699752386E-002   2.6514831307817906E-002   2.8686429350612261E-002   1.2078513036287359E-002   3.4894451479552675E-002  0.29411416723906947       0.16702269910532069       0.15208010160731764        6.3500836002904543E-002   2.5377867623332148E-002
  0.98012939854986614       0.96244225699248609       0.92429198059210571       0.94178759265709333       0.96798943473061372       0.90867302002469297       0.93115740935634250       0.90289447479937235       0.78120171407264372       0.68754964698151133       0.81972377426911325       0.91516760944617859       0.78043402179376475     
   5.2548190450791663E-002  0.45988848974055718        8.7695946561737723E-002   6.7537609240616289E-002   5.4038657918244561E-002   5.7838227659163161E-002   2.4268278039404075E-002   6.8132607587185909E-002  0.56979094217535420       0.28872208256697196       0.21864963133014806       0.11955466401839709        5.2150287976983040E-002
  0.76475963580867878       0.95023733676404099       0.98661241586658310       0.92588634393166303        1.0462778387398979       0.86508430121498703       0.84800520739460172       0.89646010670705323        1.4081279369987827        1.0512453464073355       0.97500369161862699        1.0524976172513936       0.87883198460858902     
   8.0270566187213219E-002  0.51514523372888499       0.12358775842321011       0.10115007545498289        8.7183647668110584E-002   8.5811538657837097E-002   3.7554253499035475E-002   9.9837294478216501E-002  0.63048478446425915       0.31389123672445340       0.25753999016727991       0.16090719468784423        8.2692881000916069E-002
  0.77809287635993285       0.82135065059372603       0.77533537741097625       0.73057978241236132       0.91517663371142854       0.92543429615669393       0.84477792971020749       0.88461593728647703        1.0401677116945343       0.72432026571864716       0.93231799775351587       0.87870155884332724       0.85154831126396435     
  0.10732687448737693       0.56797402675225928       0.15949786472532815       0.13508043291653118       0.12079753562513829       0.11513865264094336        4.9970532222146681E-002  0.13296707090196275       0.67146301897470417       0.34494098317325389       0.28637172388835364       0.20380378087686646       0.11582741704591834     
  0.89701262813580174        1.0208220412641262       0.98354388916166535       0.71991287857607178        1.0276483758617012       0.94780306151967331       0.98249299383000732       0.83697852750841095       0.85573668831319849       0.80736185439568919       0.90461059506064490       0.96076097908554237       0.95640150232879917     
  0.13342502526320377       0.60675092497545957       0.19241683895512121       0.16818065842025073       0.15959200561766831       0.14665617731718814        6.3154925643527510E-002  0.16597043671597914       0.70848246218579014       0.37231310870914153       0.31169627965219782       0.23730531574523103       0.15080185356288611     
  0.72254787765375839       0.97537847626071172       0.92940424836963631       0.89941172332938313       0.88998780743699246       0.94776464566559437       0.84540530740688491       0.97145209461219961       0.86008860752439042       0.81460648992207008       0.90385372996153024       0.89476535753871134       0.76116150497527213     
  0.16210259433354196       0.62568220935356822       0.22279733835943669       0.19980414756189818       0.19519227431798539       0.17821228804200298        7.7158724214746469E-002  0.20111011451408337       0.73072677388509466       0.39976656459160892       0.33641549783000280       0.27370067524510944       0.18762004722522699     
  0.86176232653729545       0.82821926843841787       0.87333627704770600       0.97807323186246931       0.79160653762162636       0.82577671338862135       0.73109743594104359       0.85668552597754277       0.92645087922025793       0.87530642270655590       0.87909952379233169       0.94808584964945275       0.93854798693642949     
  0.18950258419782678       0.65171191459655009       0.25132940803372983       0.23081419003958226       0.23265761156922568       0.20921706359318326        9.5148257385223270E-002  0.23545544356730588       0.75781625240101347       0.42005357215702271       0.35994507756126720       0.30975669249390592       0.22218409974735476     
  0.78326073699495480       0.79483636854227058       0.88281948795206489       0.76945813845224875       0.81954655064444282       0.82249395045785789       0.80152474959096609       0.89371205537357112       0.92009050683669225       0.76612055438337079       0.89005367970711025       0.97546470533464125       0.91898248252595083     
  0.22002005753297985       0.67446176816790759       0.27807636065976959       0.26242395206063357       0.26838255976960634       0.23895008364717918       0.11573825819189400       0.26948087648265961       0.77386401549086714       0.44159971533856390       0.38317658603334837       0.34595333595355560       0.25697623272280623     
  0.80000970286754891       0.79191192066776595       0.82689135134568792       0.77938344597559395       0.85241642657564820       0.85485625684499966       0.92894604788520230       0.91428379364097545       0.76417108296836511        1.0116686298049469       0.86511599190250899       0.88227319660954240       0.85265231545622822     
  0.25183111565369498       0.69446759312435846       0.30105496947986427       0.29339553537262369       0.30944239889590242       0.26977827480814648       0.13922339626225594       0.29964432720623552       0.79241009019559094       0.46183569389881041       0.40441188574937392       0.37809551033019978       0.29183331256771522     
  0.91853671280394134       0.80817578130802192       0.84692595572386919       0.75917710110383152       0.82351457210940904       0.86539152497495841        1.0188261160577334        1.0058471713403065       0.84413098327742475       0.78669537334408557       0.71671759187251582       0.96301915144890615        1.0631611642741066     
  0.28270823868862888       0.71452694239340553       0.32577122527483326       0.32377482096678278       0.35099722939697686       0.30030419292686095       0.16339409002120875       0.32876104516570975       0.80760382034301970       0.48104416409906509       0.42801159591065618       0.40910461494511763       0.32285175121791199     
  0.86670886712929951       0.84852765280071729       0.82221935279232916       0.88414317335230364       0.85350230481368361       0.73877526312192565       0.75871604250824110       0.80860336931043630       0.77571430903899430       0.85990979042083304       0.86959372922197831       0.91628741561246752       0.77118263465915637     
  0.31409411543225307       0.73283641243738173       0.35128356545223521       0.35355791043838947       0.39598902961542731       0.33231372911474338       0.19412286283320226       0.35728744418149250       0.82281250990433363       0.49952581909126947       0.45560584376172425       0.44015939158964668       0.35182499498562586     
   1.0153755942964755       0.85412997341105046       0.87031031486416532       0.80568503863008389       0.85468332170378791       0.82819815045983181        1.0101488112726575       0.83233303220058996       0.89237320072630089       0.90344613244907346       0.84601838471686486       0.80581762900806997       0.86510333107876269     
  0.34406573717442013       0.75107347375365463       0.37821909624173061       0.38408516293072126       0.44006958862394940       0.36380391271317108       0.22187756268401010       0.38220158190224446       0.83457863485084005       0.51781311393392004       0.48408675946999447       0.46606460233519681       0.38083348231848213     
  0.92444521730919538       0.81046907802545021       0.88930251469650412       0.77906026970611464       0.88955085586142013       0.76812171166685972       0.85713808494392862       0.84658911308336682       0.83811877053194084       0.89951120964856324       0.83668741395631707       0.77095892519525566       0.91621208751732364     
  0.37378518590404108       0.76569314490206919       0.40588368369435990       0.41530949421838848       0.48361785295428533       0.39685893150230883       0.25326378356932161       0.40718441585891307       0.84670827669851534       0.53579984551164861       0.51463749035860640       0.49075616973534003       0.41119915450438882     
  0.91212104134596717       0.92530484052686024       0.94437529113377305       0.84833927116689556       0.91186385867282649       0.99620230653685093       0.72403255099747177       0.88423946596233149       0.80254361255999296       0.88648455976853779       0.92687875928631813       0.78677877345882352       0.79612125317600557     
  0.40334247737785534       0.78038462994434332       0.43324080236099216       0.44816552337924020       0.52245746529287296       0.42933945670587398       0.28438959956727072       0.43183800872032840       0.85797564740187815       0.55308105838568344       0.54553958252553580       0.51502367704951657       0.44046055180116045     
  0.79153120186355197       0.86593953013372604       0.82626363336986131       0.95887620818298192       0.99663374820173423       0.89052674597091497       0.84875015648357321       0.84218260234372266       0.78164704467706880       0.82628228439307028       0.97208839980395800       0.77750064043082556       0.89255113766294514     
  0.43070530820595981       0.79467603016425048       0.46038317372995652       0.47932902840507646       0.56021403592987851       0.46280718866350007       0.32111732502134588       0.45873792282952147       0.86890332293242822       0.56993514914449628       0.57644668865311710       0.53943162377782183       0.46855583520817462     
  0.80659352074602708       0.90940799228246993       0.87632508492437455       0.94264060890571033       0.81009965512660986       0.77891993479808153       0.80068695955677494       0.87074332933736864       0.76966238218101912       0.84917260861684474       0.85631174452496517       0.75544974261256481       0.74537318733781410     
  0.45867435223930642       0.80835670131337956       0.48644676881649301       0.50985229210437488       0.59569855731066046       0.49616973693767813       0.36058927757876569       0.49040025441223078       0.87746839321236325       0.58649768138506109       0.60582235756912328       0.56589821049432576       0.49235113324404728     
  0.81793452649473852       0.79049636031994519       0.91144061358985595       0.92623159241885977       0.86586560447464189       0.91875769102727800       0.84123961578381390       0.89010907579831133       0.78887130338004674       0.75273231649446859       0.81205514180785632       0.85541105668731332       0.81561735434664195     
  0.48801845004215105       0.82138594591015646       0.51278561841321757       0.54002180143488721       0.63071008801085193       0.53139115403535386       0.40565518947548512       0.52468904673480687       0.88613350288838200       0.60297809639171185       0.63517634077491669       0.59290914150344587       0.51873552733198536     
  0.87754875271716748       0.79067330990682017       0.98289952359666755       0.74180543545930733       0.80168479672985227       0.89910116385918604       0.79590747389085914       0.85637666025728221       0.84041628184577832       0.98234763129418834       0.86281168842437406       0.78895075209468812       0.84558810300910359     
  0.51961819460020753       0.83360118025143981       0.53922221337104204       0.56831446496112936       0.66627538551643528       0.56473104306599786       0.45752881882483531       0.55822807991691181       0.89363874293755996       0.61912194004503773       0.66441680821645555       0.61890993999921673       0.54378732624641202     
  0.94700125198630003       0.77390153112692928       0.84945837827751025       0.94526109584062579       0.82226339735636400       0.86936110967618696       0.80973093253565764       0.82118474728181856       0.78753689480211364       0.90012816441313159       0.78576271942600384        1.0799722315556739       0.78297145652862599     
  0.55255509287406712       0.84539618842397213       0.56402243851236677       0.59476407762800043       0.70045068471075889       0.59903994247054915       0.51197185899896736       0.59064060087101378       0.90230570580429559       0.63357545276729654       0.69193299159295640       0.64505472176477485       0.57098840334626555     
  0.86138060208536338       0.79458526522074635       0.83660943632418927        1.0090577251464437       0.75303138993391794       0.90202037366270205       0.87943863202481609       0.80775182242246735       0.78230875427864588       0.97230135946506269       0.83580421358375956       0.81275146630776918       0.81225969085963434     
  0.58451740674870556       0.85715700003985229       0.58804029008033887       0.62043641860686860       0.73235966997627000       0.63195463320783984       0.56405663694592700       0.62067789875127821       0.90971593855166955       0.64717742528004607       0.72190519413140697       0.67185689644170488       0.60273269594800138     
  0.77492756195810353       0.78932132959211032       0.84004199832530324       0.88146553631916946       0.84069467351036775       0.84390421924476589       0.90959206920625191       0.96236871974437199       0.79671193634099136       0.86531285860535978       0.85230055309985397       0.91876423168437749       0.82258379444399110     
  0.61791079424650586       0.86894972949496851       0.61177045800700025       0.64754615098984236       0.76517764766533625       0.66604408096569179       0.61735423215564755       0.65007935013547224       0.91722163579437321       0.66097787441463818       0.74977097933676073       0.69989870385960840       0.63459894987749232     
  0.86637392199843544       0.81942276361188704       0.74377946652995930       0.79941322344091592       0.95723059187566217       0.84728486233262057       0.90859542264975068       0.84586916790812039       0.85607169452781351       0.84028296292143800       0.94868796964414626       0.88156371003049638       0.93573124532833574     
  0.65247399523493221       0.88010797364930760       0.63545206228161721       0.68010719380036844       0.79425693870132041       0.69917296555150776       0.66795320157080862       0.67959054780972250       0.92444333407248369       0.67514502499457907       0.77441936534446909       0.72954014323450012       0.66808215391816383     
  0.84440048345565100       0.80498508415342440       0.78091567076938140       0.75096091249201558       0.94567049127319969       0.81234536716505512       0.74566579128827037       0.92684259467965746       0.76609273028262881       0.72556690927358714       0.76876416213736332       0.84980206268951386       0.90041338585587072     
  0.68498003728358359       0.89126821936307932       0.66127449087348122       0.71516091257232717       0.82177532833717892       0.72961742989782574       0.71447168674330963       0.71097494365239344       0.93192239402362198       0.68975708905757704       0.79845802372786623       0.76181056239575451       0.70137054868981941     
  0.92729838478019833       0.88647556297751529       0.82381923367325227        1.0458581567019967       0.78651620832663827       0.87266646164005379       0.88820792620871192       0.83346092775442726       0.90257945416671803       0.86178985323275803       0.72884360364414180       0.91365666752728913       0.88609852881493445     
  0.71604045621287093       0.90218090531490991       0.68886028923964215       0.74947125605758347       0.84826793536760448       0.75747842106512697       0.75562406119407466       0.74471863859777032       0.93864328448742085       0.70529056736247564       0.82293037076941067       0.79588060594534016       0.73518737047331040     
  0.78236764191513031       0.75515929976873319       0.81468949257719692        1.1054190737731404       0.80700781532053667       0.83835981236673807       0.78825968044196559       0.81778911084823358       0.76770073687260454       0.77273035450063565       0.86583788872469702       0.83178157134850961       0.91348977866238390     
  0.74651173122624714       0.91322820319929188       0.71773316917890140       0.78275882690082688       0.87267815027301399       0.78541947337077656       0.79717695433674685       0.77903814032588159       0.94551486037405374       0.72406183505039201       0.84873364025963394       0.82614539900262862       0.77056044141189872     
  0.89146385699970432       0.88785241122517877       0.78711295446016216       0.84660885436282052       0.79554921790292921       0.75870710386375551       0.75818848078797463       0.84538844747595288       0.87268768547385145        1.0160243566870695       0.87048789468180543       0.87721645451523833       0.88206260949973336     
  0.77814677272465871       0.92306290573210725       0.75080814111637850       0.81609727333854998       0.89529333780829645       0.81362584458434961       0.83602730587238572       0.81057489624811818       0.95178114579478101       0.74351849436585338       0.87812434477501145       0.85555327952095261       0.80770385762427810     
  0.92780996386648240       0.79500074999837345       0.80230543156635192       0.90239027359875879       0.77952208641287557       0.78852517255409027       0.79738755403269523       0.75345628868928194       0.74281611740412223        1.0015292899043422       0.83352493690787177       0.77660827672862787       0.86238413022504445     
  0.81198015107306432       0.93330862842994511       0.78409886670622964       0.84945222549089328       0.91415013096125031       0.84664542429676226       0.87398351525154272       0.84221108140177681       0.95794258185842540       0.76323490280405848       0.90537431244779265       0.88240133452563130       0.84464683456768341     
  0.89824772726505997       0.98001699028867495       0.92320242712894307       0.98237339777508936       0.76989697864731754       0.93044517271684779       0.86726877156396942       0.91731737734809249       0.83807501264974305       0.91467428326978295       0.91304462603447367       0.82694837168399293       0.94849107540834032     
  0.84545435485582410       0.94365377072006740       0.81704609277817353       0.88289801276557889       0.93234425346896765       0.87909779900961393       0.90549704676999010       0.87254306455101771       0.96427084399017249       0.77849786404650789       0.93061455233720713       0.90851385462530831       0.88012256734891570     
  0.85911246963487065       0.84975654274138634       0.86808585941705785       0.93418226231915624       0.80943890528205353        1.1754178289045063       0.84496998003854729       0.75718239200092230       0.86393269013867346       0.82032146613669221       0.83888549289054970       0.93408483612623494       0.84192501527656627     
  0.88072071097776194       0.95435674961581174       0.85191534423173854       0.91576168705247629       0.94900050288665716       0.91135145672272599       0.93173693181214245       0.90405621291299587       0.97019215991412977       0.80279280705328682       0.95316212247873655       0.93381674769462675       0.91007050571937020     
  0.91694282838617180       0.81057530584879978       0.86997981291274151       0.85473839294420351       0.75869159767660199       0.85759508965222953       0.98798202189266204       0.85218150208050181       0.78514231788195310       0.91373776685415942       0.96368901695969955       0.85091281791610174       0.86417061185963695     
  0.91358022610188983       0.96625017354116838       0.89380419445143899       0.94640115842551042       0.96586199572440745       0.94127717576169712       0.95568276539931629       0.93644459188130624       0.97707775721272916       0.82902151604887464       0.97098626419793321       0.95762555391812976       0.93868100637427920     
  0.76928541889774560       0.96106631350311467       0.92613666795514249       0.75918046651799465       0.84874398551522623       0.84684165427344815       0.99347638427797624       0.76530654539486720        1.0491571976042584       0.88269565309878317       0.82562218738963666       0.74826663796736925       0.81678189570504656     
  0.95633090476591498       0.97962920189282221       0.94277932069758186       0.97404367107277290       0.98292526069826447       0.97072817736156525       0.97830347250210969       0.96847961223398915       0.98474910105431079       0.86949897088902406       0.98595586399173973       0.97920859614086986       0.96834508208730807     
   1.0651482492157673        1.1116619056497343       0.88290828206091709       0.82032925818246238       0.92474070599098612       0.79167076374706091        1.1139715458398936        1.0115701328754656        1.0526925194523777        1.0153035201959155       0.88145474543368785       0.70314603230367156       0.96404047782034386     
   1.0000000000000000        1.0000000000000000        1.0000000000000000        1.0000000000000000        1.0000000000000000        1.0000000000000000        1.0000000000000000        1.0000000000000000        1.0000000000000000        1.0000000000000000        1.0000000000000000        1.0000000000000000        1.0000000000000000     
  0.94154025065296931        1.0501694674233033       0.84736890652093777       0.82582453012909973        1.0960767994230642       0.87468176311315482       0.97580187585189881       0.84033239330669895        1.2371522737660514       0.85062429987482402       0.97802286343590927       0.87972784965360418       0.88237277606892839     
   1.4105617761755878       -62.087242300698357       -1.6202105218517597        2.4491548980412414       -1.2892721774203282        5.0049043464120286        5.1692343314178935        4.1937124759546824        5.4466401978445234        7.6091464202683206      -0.20283224174684222        6.8640092106729931        10.268706793379492     
   4.5084047922308281       -1.1550844030478011       -3.1815130816273838        5.2344765359827967       -1.4834928977974375       -2.2139296471821854        2.2106108239392412        5.2213048800855724        15.076154744165944        15.261441545876187        2.5159099509931089        4.1582726694977863        5.7116563600410508     
  0.37068296771954601        6.1586948506083141        3.0536482562552338        5.9160385280031873       -1.6756726028632241        3.2958427498025640        4.7930120339168782        4.6043555031016030        17.963275256578306        2.3435916539652784        3.1960162322251504        6.7298858800478509       -2.9501398456997543     
  -3.2431790516603796        18.314166008137679      -0.98660381524675711        2.0386835583436591        4.4003442998077134        4.4325016481479445        10.785684944309320        3.1572711863150333        16.583199419656840        4.5017167115598991       -2.0721309841857631        4.1873761157739366      -0.82392711112229455     
   1.8231394535170460        2.1307605916998877        2.4005638973501497       0.84823962289119581       0.21901242942707300        5.8114277753129215        7.0145058193197656      -0.82457499297845893        16.777600895605246       0.94407775394070748        1.8969038765601660       -9.6444613540113133E-002  -1.3239462824578916     
 -0.12539555844330985        5.2502989387147307        5.9137241348313641        2.6609058938181471        4.4781660728235897        5.2876906780863813        5.2335209506807931       -2.4005592677029193        5.7208205246567525        2.8192920991246075        6.7544363842102193       -2.5249373873140835       -1.1493182179831796     
   7.2023040542270307      -0.77700085515505091        3.1949307444771917       -1.6809202775482173        8.2521492400809677        2.7846584148965929       0.43461103429501047        1.6394810659519927        4.4395379774530621       -1.7795794118679136        3.4694655358418607       -2.5979428940944205        6.3748804562314065     
   8.5749927805772064        1.4678392423795652        9.2826955069480093        2.1192472094106791        3.5156394937180813      -0.84407104316900861       -6.2062080944673026        4.6298293190092021       -2.0128595660605013       0.93501332929234593       -1.6518210618371776E-002   4.7531426005071378        5.1016571096401471     
   1.5324717487655667E-002
           1           1           1           1           1           1           1           1           1           1           1           1           1
   5.6338770839502676E-003   3.4869806396993462E-003  -8.8455211285791349E-006   2.3070254601206961        2.1356997930859411E-004   5.7386425341866906E-007
   5.5124594226536239E-005   4.8951900275868719E-005   2.2486780315039395E-005  0.35252002608862953        2.2468911996080291E-005   4.3704703443973922E-008
   1.6335186110830995E-002   1.3250973685499998     
