   0.0000000000000000        0.0000000000000000        0.0000000000000000        0.0000000000000000        0.0000000000000000        0.0000000000000000        0.0000000000000000        0.0000000000000000        0.0000000000000000        0.0000000000000000        0.0000000000000000        0.0000000000000000        0.0000000000000000     
   9.2960773753741593E-002  0.16335987220343304       0.29516495824781158        3.0159648610933284E-002   3.6267832756686151E-002   3.2192299825235055E-002   9.1179556939209386E-003   4.3910224201183595E-002  0.38862809699556067       0.12062992527345177        7.0177656852712711E-002   1.7806569629079047E-002   3.4417485567729410E-002
  0.95064295017649458        1.1314329558077012        1.2694328955917813        1.2651409804325751        1.4463408552995083        1.1470795689057420        1.4600111328734768        1.1089338377057039        1.0027059346925986        1.3677948671783844        1.0692830084445653        1.7290237885752644        1.2360921916488588     
  0.13854200876460754       0.50194716541910056       0.46605579084109916        7.1328305698933531E-002   6.8781977920284232E-002   6.2475924924976833E-002   1.4693671066390681E-002   8.8106996089748923E-002  0.65217388767438844       0.17707714248839343       0.12535315460099256        3.4525954881125968E-002   6.6353806996139880E-002
   1.4958044833649571        1.2810483591648683        1.6596118791292378        1.0163600968446733        1.2214376019976374        1.4251872280441746        1.5446098788975320        1.1462993978876999        1.5405834953429551        1.4513477670608708        1.4782136162908230        1.4592621248764885        1.4293838731653068     
  0.16487092392501282       0.69489791268238110       0.56250040672883606       0.10705324649594462        9.8964075747971156E-002   9.7665340136717863E-002   2.0753790516604122E-002  0.12860026920029854       0.76491214128875085       0.19632449279641739       0.17596171716600068        5.3252361712343876E-002   9.4518453363588453E-002
   1.3507683415765159        1.1649243398853968        1.3810381693443741        1.1771136997895779        1.3765080755182291        1.4579065447176152        1.3399003842440940        1.2243508199952107        1.9271149485923775        1.1799370541125336        1.3502939391876103        1.3418194855628809        1.1947558451817064     
  0.18236360720230435       0.79888575744234247       0.63316354876804004       0.14410491859472066       0.12938196197894469       0.13314563976941074        2.8688167341031665E-002  0.17166580797480679       0.79600610932292160       0.21639774451193769       0.21065369986702467        7.8318048643435306E-002  0.11611689708090094     
   1.2993905469033609        1.5502951567945173        1.2842938091727878        1.2123000517867792        1.1328800479755035        1.4217653985735146        1.5229083780164918        1.1769472427125343        1.2789806688215362        1.3674677543005691        1.2927596396204200        1.6009805270265609        1.1470535153270058     
  0.20299446773853652       0.85927345999660987       0.69197960472505393       0.18005052438656594       0.15999072413532270       0.16590209594356189        3.9324577640854466E-002  0.20954234860917720       0.83095512283796757       0.23635685730342271       0.23079725092674711       0.10365464822605902       0.14153094838539693     
   1.1344680557498172        1.3275641998538104        1.2558129053643150        1.1891197801929698        1.2034535084308544        1.4001067550082054        1.7684982315099298        1.2792596307275461        1.2536679479997637        1.3828746578747728        1.1510507032230810        1.6714354718257387        1.3552878067369643     
  0.22265379467768492       0.90347567360455194       0.74028259265828389       0.21343851306861644       0.19282139607137150       0.19848923246611136        5.0541976170376895E-002  0.23990084873728287       0.85639160000330194       0.25474187721053509       0.26507912515694543       0.13360283497229131       0.16833726397150575     
   1.3793532253494989        1.3901377553961203        1.3212140462283350        1.3241299188919635        1.4746930650960424        1.3597313784427048        1.4855177704154818        1.3121280925166012        1.6356750206634116        1.3069589892510549        1.6289691688417731        1.4233024166359878        1.3464943022349036     
  0.24280833486748774       0.92803985914709253       0.78665739194242534       0.24844894642837889       0.22458794920556072       0.23299744536019501        6.3182843649122425E-002  0.26583727154960357       0.87474671294873174       0.26812752578391419       0.29001599003445266       0.15980837333286338       0.20384099105516537     
   1.2263785048161884        1.1453007606033550        1.3786172523185796        1.2424402684079860        1.4499666854163391        1.3399942532308191        1.6096717817830146        1.1982513809080839        1.3134131896460768        1.1649319544409258        1.3047281861906106        1.2802672264133514        1.3116997776422492     
  0.26686348975460561       0.94434918112762367       0.81982604070599208       0.28893472862365616       0.26120250184788474       0.27255131264512350        7.5902552466834625E-002  0.29205892471271971       0.89000864006709568       0.28568915217033547       0.31507417052341929       0.18607595516092179       0.24143023065949779     
   1.1202012220739825        1.4166955509270474        1.5907490956379529        1.1789493858207458        1.1409431171748505        1.5916420636419200        1.5568070360821993        1.2392249287094366        1.3706110417074071        1.2174314454048372        1.4041109719134217        1.2942918400604824        1.2904990266178533     
  0.28954256656359995       0.95705653228264431       0.84447031355886759       0.32889126710407435       0.29402411408226242       0.30856663884546870        9.1315321047413259E-002  0.31487748551521078       0.90261208530568204       0.30079265515633558       0.34375255355335316       0.21283334545981111       0.27410439740057102     
   1.3432393135178251        1.1586094076045583        1.1608631953354545        1.4266005168854641        1.5180094504826764        1.3338882847974725        1.3263698969884301        1.1713302181967071        1.3165284678002924        1.2422958392681454        1.1303098018749347        1.1166307125246986        1.2919599891635132     
  0.31540027275877097       0.96682414845666753       0.86485520281413797       0.36383314703515535       0.32590784652786542       0.34482205407163213       0.10379046263773245       0.33109041780610288       0.91358407764909788       0.31437837134228308       0.37523910217608397       0.24059096402405508       0.30353233816280262     
   1.5707031572820416        1.4005586600878179        1.2249049112813990        1.2883273515182392        1.3582311389592854        1.2184132790672653        1.0597374194359075        1.5762023291316043        1.1212842290008778        1.4434915115726679        1.3014057393619523        1.0230562117222000        1.1376834381948204     
  0.33887289089599237       0.97387658541579958       0.88297572738614782       0.39941189546929035       0.35914654699858140       0.38147335278869354       0.11674050838913314       0.35059319526963323       0.92310545498350083       0.33011564077376776       0.40227199442833955       0.27674501983227640       0.33366468287049128     
   1.6477414152061942        1.3863243823049449        1.3750937564042940        1.2786960969111787        1.3604508267131481        1.5666964958362775        1.2278402182052528        1.4890898133675672        1.3667740144327720        1.1455037734702331        1.2641072784844343        1.7048551164981103        1.4514705738691107     
  0.36704180056614055       0.97886316243860139       0.89905294921577039       0.43752970286436194       0.39026865533834626       0.41504212701508791       0.13133190219364821       0.37216968332945660       0.93176984480282710       0.34542216330958725       0.43634074809069373       0.30897977804082133       0.36737477703695431     
   1.3369959226852193        1.3731628451889433        1.2043013004165721        1.1755665148841437        1.2656314056017199        1.4987283522022246        1.1719637638082809        1.4332569127368693        1.1827257011133656        1.1949451489929026        1.7404187279699279        1.3712464149614665        1.5516029616884384     
  0.38807179326319191       0.98276961390565210       0.91319570413309836       0.47640257009719250       0.42117710651758666       0.44903979395333576       0.14679705682272726       0.39096343523068999       0.93976011405538695       0.35650585650901734       0.46345971730497382       0.34442977104164563       0.40749233471878116     
   1.2936046907997008        1.3074862995718546        1.3803000617732546        1.2910226020225193        1.4547557927233206        1.4085034717061085        1.2422120419121507        1.2644740698718053        1.3157395526126161        1.2851612529727505        1.1834359086149757        1.4737328777297447        1.5737736843867123     
  0.41518259906144778       0.98593783690187620       0.92586002133113909       0.51015847351748533       0.45512926687110328       0.48138111301645548       0.16092860286886077       0.41470308173420306       0.94667715240231720       0.37341185375694846       0.49453804208359187       0.37997588295951745       0.44625116138502380     
   1.3779806032157322        1.3737538953627779        1.3900729390531417        1.3342550660145396        1.4219725079003740        1.4665171964931427        1.0762450196254556        1.3104210570715282        1.2882885485671189        1.2853302629295609        1.3680328770277925        1.3590921218258485        1.4868694849661706     
  0.44505957210430541       0.98834222646771208       0.93714370413810133       0.54388169656528651       0.48944047796181039       0.51187509954572785       0.17751237386532867       0.44588252945654172       0.95350005879323896       0.38669231165250290       0.52341018848354670       0.41979732791040320       0.47598400886386727     
   1.3220938524560939        1.0968621307659361        1.2511719952931799        1.1854244992342386        1.4255699544850575        1.2690183626679781        1.2304866460348303        1.5197812471491803        1.3316841612046384        1.2571447539768845        1.3180513348438996        1.2462239431197846        1.3561676574488386     
  0.47348623868593731       0.99023306576808090       0.94697032771490164       0.57688226621782746       0.52397546683536211       0.54094383882643482       0.19699132456334645       0.47985139437653118       0.95891710524298501       0.40058665468860732       0.55191388224035998       0.45959514727414696       0.50476341913208944     
   1.5224246017961498        1.1010059274130497        1.2493826190105748        1.2845278828619930        1.3984590097028635        1.2934795187253538        1.1602408468636238        1.1917386537714187        1.3075393465243990        1.2335339091909518        1.5749267618553437        1.1663216410640254        1.1812705277030182     
  0.50188578690384722       0.99192336961107752       0.95571901424534367       0.61366760368505069       0.55449232940299831       0.56030531100104053       0.21929752868779781       0.51811873842782064       0.96435335819899903       0.41772311336966517       0.57767317088890768       0.50161834149606888       0.53759778482048237     
   1.3155457922244680        1.3684528143247876        1.2152870095718036        1.7150767462333687        1.2560588387778100        1.2279326443824816        1.2915707430470980        1.3553084187627509        1.2289680652378614        1.3600638635564113        1.2185103087336364        1.3215804425523749        1.3154142184873825     
  0.53007989824553614       0.99328608433181209       0.96297366364592063       0.65049624752180923       0.58114986087515685       0.58263011984787683       0.24173066751266650       0.55547920312381505       0.96838927643792960       0.43143687561836858       0.60243315949649967       0.54227110493550779       0.56751212721922339     
   1.6430157623960002        1.2664481204664360        1.2155654072023541        1.4956810514438601        1.1890634399197795        1.3413120532950609        1.2530756813824524        1.5913406891400526        1.2479727641769285        1.1733453893750359        1.1017004828190220        1.2782279465605801        1.1857607254459843     
  0.55580547483427367       0.99450103000098489       0.96827962960752900       0.68053515705872836       0.60680392561382690       0.60822448935218831       0.26536018721295179       0.58519301184608352       0.97201117006442961       0.44674713359987600       0.62727564249648615       0.58100247367290703       0.59730380709275088     
   1.1710301119946867        1.3331428843550737        1.3629015965257179        1.3429740652591169        1.2023494278941396        1.2543462699065817        1.2368730792774234        1.2879406045617372        1.0889882664771537        1.2377243525352097        1.0264309466497743        1.2034719597442949        1.2535379260193957     
  0.58293943864776276       0.99562561792736182       0.97322255632490928       0.71407607256105265       0.63334317067466450       0.63785005668711170       0.28730780893175262       0.61088763335203078       0.97535554552960801       0.46384558868979264       0.65345784683112318       0.61816537991842646       0.62127397616840319     
   1.6309067599642106        1.3324041590339393        1.2543994357192272        1.3736911681381003        1.3995423791710597        1.1056308913596347        1.1656391151508450        1.4018390610960141        1.3304624543855634        1.3850218921114008        1.2469321265720337        1.2873252058369806        1.1933110433319631     
  0.61107347216809094       0.99650095272806927       0.97719740621779749       0.74513002187125810       0.66211344462489541       0.67247949208094737       0.30928179930924099       0.63453488232608790       0.97865238490624551       0.48171004433721670       0.68811155579625682       0.65021584126827525       0.64528832276877512     
   1.3961602624441263        1.0907795817137489        1.2339615882339359        1.0935839404531162        1.3107169461071511        1.1092528027113830        1.1877048473873575        1.4439936190081035        1.3341295711425885        1.5218792826872658        1.5490820085899919        1.3430559293455877        1.0877003650433803     
  0.64211502281004440       0.99717165155457932       0.98136006485671201       0.77502680977955696       0.69330442263044845       0.70559586714577738       0.33728686621833159       0.65768811074771427       0.98188126198386205       0.50242088055060119       0.71730808339976637       0.68063978634860889       0.67112065963004530     
   1.1898734250781708        1.2782192395370404        1.2891957511551810        1.3542011344856575        1.1904085700514018        1.3144001571467825        1.2357260501222607        1.3837801856366918        1.3797908924658586        1.3030998542009744        1.3750427539410977        1.2475759621707339        1.1625943144045305     
  0.67169038270304571       0.99773619025384419       0.98500709713197832       0.80081529914414151       0.72724936227690429       0.73818900646282370       0.36391661436261896       0.67976710255772521       0.98452362091151435       0.52082961556028684       0.74751550878856066       0.71199324508689676       0.69684094266698915     
   1.2206732071024933        1.1439507504750475        1.1877855054141242        1.3587962757263934        1.4154547240600883        1.2674666382992825        1.1169685942440604        1.3562089105933537        1.2919976867810128        1.2589410606279170        1.2678279145189513        1.2152812040122349        1.3683345690604682     
  0.70221559303464842       0.99826683730691190       0.98815885888943644       0.82386870530983314       0.75706105598812434       0.76849296111273002       0.39553192247126034       0.70480456168231986       0.98726908722854378       0.53880535087420445       0.78027461489335426       0.74554965346203061       0.73275058855311481     
   1.2963221184580132        1.4557004053553444        1.2985372874404446        1.2840909944852392        1.2012311995422700        1.1844602896339114        1.3000029819202736        1.4128375497923131        1.5645649743746188        1.2301875009958341        1.4000847766690092        1.3984253869208643        1.5271133375500008     
  0.73120407430690870       0.99876674101268581       0.99105977959612446       0.84683011747537784       0.78747120925462688       0.79709463063114150       0.44015935475215823       0.72865539743637886       0.98952806328995579       0.56060645701180523       0.80844716209061729       0.77413510320036505       0.77023261019755895     
   1.4032039719544502        1.4194599668447530        1.5377621471659773        1.5539689277467699        1.2168592052557192        1.2631909393093788        1.5202023334079973        1.3934293249000969        1.5247735758047325        1.3665494434643410        1.2377326083620410        1.1248427902118356        1.3493205952034488     
  0.76001852964860728       0.99915066857164281       0.99344873009195844       0.86650104912324244       0.81536563358212699       0.82727158635956155       0.48765734623698587       0.74772943988981766       0.99177502171499543       0.58278320852174892       0.83348239414902126       0.80402924348428861       0.80565806454525724     
   1.1529480048673024        1.6384412876657806        1.4301868098405055        1.3293152403718456        1.3543559335363817        1.3241238322562976        1.2389513095025624        1.1916816480706074        1.3408823908607990        1.3653509698560617        1.3242091049248417        1.1648612039851720        1.2047841422203647     
  0.78907461981478366       0.99941405584146625       0.99523471030234589       0.89089016700621726       0.84539614185475287       0.85773243977113012       0.53698363237024360       0.77450657650621546       0.99332471460356142       0.60708904836653432       0.85927690095972764       0.83348387887493947       0.84181147480110630     
   1.2354692873863813        1.6845604335862621        1.4850383424032787        1.4366398149051598        1.3111334789329350        1.5230728341123032        1.2754511338837988        1.4834380362158825        1.2273539952331234        1.4659648919674566        1.0862808337874719        1.3222124647549709        1.3791685987827695     
  0.81056834170067171       0.99960906091266888       0.99651883709501410       0.91432088209861018       0.88073648358497791       0.88632032948702222       0.59617555852695503       0.80320374960302021       0.99453109846330978       0.63829448695401325       0.88193248327666418       0.86259794581283034       0.87861137380841570     
   1.1223819160249742        1.2817650898919037        1.1684533123391385        1.5476428444474959        1.1814556390344069        1.1713506482234128        1.2484562851902901        1.1334454213176670        1.1458771115459931        1.3399969367989262        1.3265719267561520        1.1992873324605184        1.3378614232048156     
  0.83995670549743329       0.99975597830585572       0.99771638247320238       0.93663465388438572       0.91365025738536243       0.91744806605144358       0.66078653638529194       0.83741485650176029       0.99572134076609708       0.66934689923682533       0.91435129598574094       0.89904470040475082       0.91186925914587658     
   1.2864118712935289        1.3182714811342064        1.5217197541528744        1.4146149013535905        1.2825753474129067        1.2244809752202308        1.4832000601931488        1.3570325899381277        1.4066063540160403        1.5979176466158957        1.6410866209561439        1.2479895215289210        1.4689492534997499     
  0.87298163612197299       0.99985376899046685       0.99862651427928240       0.96115713705860573       0.94324293117734526       0.94661888682375817       0.73672989112747922       0.88105068829009958       0.99666980829956442       0.71391932498470489       0.94077670034178207       0.93441666306220073       0.94637677687911803     
   1.3340784492797868        1.4230405044373777        1.2206065702077771        1.3821672321091281        1.3046975417589939        1.3107890560586715        1.3191694149144098        1.4710183854661714        1.1725364352842689        1.4965240310848009        1.5810287212755652        1.2710526322633802        1.4752905221916692     
  0.91875510374126068       0.99993168242304797       0.99935682106981683       0.98049698020485820       0.97212603525745345       0.97430774209432414       0.83845370228256899       0.93413717755792791       0.99809212620226140       0.82186128421154325       0.96929832348748834       0.96464673825119229       0.97076059575726759     
   1.3590356940526860        1.5169804806993252        1.3150259761039318        1.2874280501508717        1.3566050107219307        1.3081104830207173        1.4274505009609113        1.2591023754868891        1.4096756712161638        1.6501797123046409        1.3758299376132139        1.1131910373484504        1.3137069394349472     
   1.0000000000000000        1.0000000000000000        1.0000000000000000        1.0000000000000000        1.0000000000000000        1.0000000000000000        1.0000000000000000        1.0000000000000000        1.0000000000000000        1.0000000000000000        1.0000000000000000        1.0000000000000000        1.0000000000000000     
   1.3775395142096871        1.3045827413572433        1.2616905546090118        1.6141825047029073        1.5294841940443800        1.2549938236612539        1.4365528965261767        1.2389491383815203        1.2789447273175347        1.1155419136142644        1.2395208379497873        1.5407675637678573        1.4321479288123287     
   39.999710744422224        14.178614869415137       -13.630038031692379        12.700646581864085        47.063486744612426        26.058579077065470        57.389788228958615        50.462669705937394        26.075088036979384        34.573557195281630        20.549317825234933        45.618623439359098        60.012123603322102     
   62.698109443606349       -5.5460272159307671        14.170940692595583        36.374796752397941        52.120004471467368        32.076871657490365        63.108996924168103        56.588433754424997        23.222634455163416        38.840484916329984        61.318159291105516        46.008411948099138        45.530546687129785     
   59.877210397646664       -16.672777876726883        18.067107482122886        56.452585554399846        46.535593387717483        41.188900452258011        57.389280098245131        57.633618703219348        15.957101791115855        41.848062247830057        58.780454534607699        64.988014851816018        41.813788448138638     
   38.799753537470778        3.3159699452704441        11.694162423463425        39.256548489886022        41.008192664595981        51.791319785068126        53.608215463255441        48.473321159290968        20.590148794424927        53.043759718177434        48.406571131335134        56.694343196442922        39.700518550051832     
   46.568809990623059        7.6748891979031786        14.643712399019194        57.451921852468814        56.112911789287203        61.238719899922060        35.746454189581684        26.614863479297952        20.713413281539026        48.444728014789277        45.352661042710956        52.896112660825871        51.696319777196486     
   46.014914582835324        1.3612397351379517        32.389961305652584        38.267669400475008        56.956223962408515        49.950315126555552        19.919295463397017        52.860633554617351        23.710001813394125        77.021507173145281        39.496589269152231        44.228770428653128        40.653773530084251     
   44.818161928873344        26.229331331963628        17.984705997794968        66.444286213765253        35.469520825075740        39.320480242988211        21.053379157984445        52.203307506197724        26.493892615765866        28.002209881343507        46.848004251956041        41.514226698463347        60.870015983518343     
   21.174690613323644        62.848630213500982        75.730238684647645        36.237205580482460        57.792243029950626        60.801955107839426        24.946831703472977        41.985546877827559        63.586405884143339        111.20208773438139        46.679620266193105        46.637854083704354        34.251021013350922     
   3.1101327972840007     
           1           1           1           1           1           1           1           1           1           1           1           1           1
  0.44722565569624917        5.5525619166204056E-002   1.4365613601799055E-003   43.001576426717683        3.2815923364548812E-002   2.0121670491461440E-005
   9.7624849462266058E-003   1.1748388733893082E-002   5.7419137649144499E-003  0.84794015127229305        5.7398350216134528E-003   2.7590673893719840E-006
   8.9988882628785453E-003   44.631500695073086     
