   0.0000000000000000        0.0000000000000000        0.0000000000000000        0.0000000000000000        0.0000000000000000        0.0000000000000000        0.0000000000000000        0.0000000000000000        0.0000000000000000        0.0000000000000000        0.0000000000000000        0.0000000000000000        0.0000000000000000     
   9.0012378742576837E-002  0.26023290942428418       0.62640098590474624        4.3428778097958240E-002   3.2330913106760228E-002   6.8109370090831914E-002   3.4782927915706384E-002   2.7914051298263923E-002  0.57649197063855739        7.0881542133480940E-002  0.12801595956424672        1.1068194222748113E-002   3.7063644469645073E-002
   1.2296249561803214        1.9016533092784447        2.2114733080986722        1.6074213880351902        1.6805629475456862        1.9304020789829577        1.6431456513087008        1.5696103753749104        2.1359062000183511        1.3717326187587462        1.5549828252194051        1.4877929209448677        1.9279212805763377     
  0.14283731989309173       0.33625021446071496       0.72290047790189371        8.2447038767763742E-002   5.6195188273005015E-002  0.10461413185163718        6.5289774972014325E-002   5.7452660810088270E-002  0.67241223600959654       0.10698244225324496       0.19255497822443046        2.1989367541779249E-002   6.7689636770466105E-002
   2.3232883500222576        1.8907330782076583        1.6115374945893930        1.7841017556558132        2.0112579842905713        1.6407118301328179        1.6339532455119987        1.7873814646422272        1.9272322835803948        1.9738334768060088        1.6754195137276990        1.8285136288494264        1.8769561211501933     
  0.16861724709286063       0.40561353690306368       0.80803961984593331       0.11327824476613196        8.2527086489292217E-002  0.16328993529571542        9.1619562949395883E-002   8.6722480105884847E-002  0.75224843284674958       0.12920242475405494       0.23182861213064887        3.2499581855673809E-002   9.8480871174444359E-002
   1.3857248814969267        1.8730539907853976        1.8902633745768960        1.3804250472950863        1.6781044010808306        2.2523107504441326        1.4927322213392258        1.8355884123924255        1.9743320848673871        1.8023710541883158        1.7910081035872987        1.6760911372571767        1.8628166170964768     
  0.19234763518707831       0.44816479807118093       0.85946068831543709       0.15330745834705545       0.11230976797296302       0.20885329318966656       0.12302696709376069       0.11746137087266439       0.80323079075841675       0.14621580347879545       0.26145392068574225        4.6292536101788483E-002  0.13231593002347825     
   1.6785298095733858        2.1032942665402912        1.6726968038532288        2.0161415742634072        1.4345957070025395        1.4017531341860594        1.8921068044172742        1.5093796963411676        2.1668932006837176        1.8714449903685411        1.6136052530799776        1.8207173688346125        1.7566473355089967     
  0.21442918307926503       0.46540687805120490       0.88767578286051863       0.19863401185763424       0.14193822980237272       0.25363626619209922       0.15206431545635787       0.14789744630482055       0.81631405680393831       0.15826321671047705       0.29034320257758267        6.1792016311334796E-002  0.16468817517774192     
   1.8825595653789793        1.4665678139506924        1.7312662598113266        1.6397388689072512        1.6083525880800111        1.6977217637572448        1.7890781597271515        1.6055846332732322        1.4609270926477944        1.7205141665729193        1.9330542242396944        1.7818839265373101        1.4879121785870353     
  0.23839243856624562       0.48710732022697922       0.91268939615125388       0.24632080356885622       0.17210770555230698       0.29742329863613470       0.18382835764955074       0.17625426380507728       0.84009438112099355       0.16960048765020141       0.31242353794421707        7.7794587181084326E-002  0.19810198321498132     
   1.5897278071459133        1.4353781510481562        1.6892161530907452        1.6239319941057562        1.8419722199614923        1.6230590865302976        1.8202446249804316        1.8032474520788027        1.7063386272629588        1.6383981106368648        1.8828595548218068        1.7626271656653643        1.6366867599035659     
  0.26461188763205629       0.51600613088059688       0.93206519959900225       0.29108393249534792       0.20089228458206243       0.34542460590965407       0.21906921170698634       0.20487714540495566       0.85762438793513340       0.18253486261670268       0.33486253843852110       0.10335647393822019       0.23229894570269444     
   1.7806585161793089        2.1287831803189574        1.6139529385617462        2.0900065735841604        1.6047017443540033        1.8143479232964492        1.7370722652781936        1.7434417718151598        1.6669476451479530        1.7585138449313673        1.5882543245711236        2.2943353737311978        1.8058199556778654     
  0.28561729474403530       0.54006658523887041       0.94649030922495592       0.34046016803506696       0.22781414729442317       0.39382944214271970       0.25306940176341514       0.23875187449961488       0.87806150189107790       0.19325268268127285       0.35324641248749439       0.12784793676000114       0.26502107662925012     
   1.5010341226794568        1.8757922721922664        1.7295290209296021        1.8377545785896845        1.5581490376318328        1.7027939394335954        1.6961316709512111        1.5622294088813440        2.0134928436195128        1.4982953107441848        1.6052897640893216        1.9064580093194472        1.7541846333380582     
  0.30545264748994350       0.56267731590755810       0.95739792870513318       0.39041878823550302       0.25817571499865416       0.43861858284025368       0.28562890332954832       0.26811073041025796       0.88915246397967529       0.20446249738040842       0.38253945279279256       0.15446056555381046       0.30282957341098166     
   1.3854110971292786        1.4922274365065809        1.8694294138792595        1.8027821942803761        1.7061649718490566        1.7339113601004836        1.9189570123008752        1.4994778783852303        1.5518318732422927        1.7425412761894685        1.8697354046654664        1.8213618468285926        1.6525872384682796     
  0.33226777604976665       0.58477909610625178       0.96569512451615502       0.43374885693533005       0.29042703570837441       0.48187784729071292       0.31606980546976660       0.29827303612544076       0.90099496912534804       0.21439341738140227       0.41087787151786265       0.18476460031479081       0.33812878891879694     
   2.1346235626344168        1.8253051778663079        1.4378471507396342        1.8859220388707914        1.3796542358263473        1.6808101770511714        1.5386906767662742        2.0794471383674513        1.6250185625967100        1.5095039197352229        1.4146563812209210        1.4976210786594737        1.9086751012157990     
  0.35716437304924598       0.60744037906847592       0.97156683442727421       0.46841578908463022       0.32041109900218895       0.52176904395890888       0.34703061828557880       0.32360540621731665       0.91222448181272620       0.22812990310415390       0.43952709873554929       0.21889697913400583       0.36915988351795626     
   1.5169850950534911        1.6387287488750530        1.4429162667125284        1.8437599019249971        1.6937390655899502        1.6145112048770056        1.5607653047368388        1.6457430667814108        2.0381893378173910        1.8762523710763779        1.7815274215104526        1.8312595318253193        1.8882339547471447     
  0.37875394269635959       0.62897082324750020       0.97613860397100438       0.50537977999083616       0.35274969056115474       0.56090351094312618       0.37973119082244394       0.35026146412355907       0.92246360192617982       0.24145414376689728       0.46939903269864092       0.25458866125249607       0.39999016633890566     
   1.9243100811485494        1.4023278028891397        1.7771679263370175        1.9626460114421653        1.7433370967962247        1.5440487840511405        1.9369362214967238        1.5585565253775102        1.7415416099267211        1.6591026476542161        1.7007879886120294        1.6205210770003124        1.7825121316877490     
  0.40624843154836782       0.64926988325967250       0.98018609874411555       0.53331455319004140       0.38267097563150460       0.60134395684821274       0.41264815737145760       0.38383913480843135       0.93047220309550782       0.25613078719505705       0.49730291213497579       0.28796554855566586       0.42782074342732307     
   1.6435968249976931        1.6194327878126020        1.5065198357423986        1.6514023448210020        1.7864984062662317        1.7004023970494080        1.6337432873808964        1.8316104600508907        1.7899340410986255        1.7389029702639869        1.5620981903312730        1.7203443889177563        1.4886295508873786     
  0.43220514193598603       0.66839495953873429       0.98380524136489411       0.56234123407186898       0.41661361724625245       0.64448079419935167       0.44775753866462081       0.41445424774596346       0.93779241749655273       0.26866001585316696       0.52916169121939571       0.31951583994337818       0.45482765956226662     
   1.7475113995320537        1.4314826260877056        1.6122089166144775        1.5774746999447653        1.7904514435061365        1.5638761688553429        1.9228590824980558        1.7046970277516647        1.3767648054900419        1.7478548870311934        1.7601531580053871        1.5814163734072624        1.6501824227586199     
  0.45585322265233413       0.68716738949210954       0.98727995177370331       0.59151007937178479       0.45127081924856954       0.68697496054558915       0.48471835476371095       0.44447882318767518       0.94480925864822085       0.27980565521949230       0.55864026697397695       0.35161056375474181       0.48232067614647828     
   1.8438783572065822        1.7680538212604640        1.6384437934431779        1.4199549465622536        1.9776080772004410        1.7904129559501492        1.9357281014898549        1.6468774633362002        1.7214474035190970        1.3878045754213193        1.8155063094144348        1.6253054878482631        1.9334983790620306     
  0.47907125216397073       0.70756137260434782       0.98921640540536349       0.62119327428177518       0.47732091531059473       0.71164077586247354       0.51864335849196286       0.47461986454985627       0.95114477467300751       0.29104006469021138       0.59084636489654363       0.39040874912768192       0.50425436126723500     
   1.8176168494209877        1.9644465078751752        1.5645082710940974        1.6725947431512711        1.5586715475774540        1.8274759363936177        2.0812285258161647        1.7023060151628151        1.4250036957944496        1.8112165950633246        1.4297963634371202        1.4777128332945406        1.6134460621983011     
  0.50202246554906682       0.72776321586384252       0.99109110651279642       0.64799574127418580       0.51368671547627942       0.74335046831813878       0.54797549134855439       0.50399376845953725       0.95611213403738193       0.30466021010431832       0.62752403109317390       0.43084183625978739       0.53106458661615863     
   1.6562407113640132        1.7934467197249202        1.6555740132004708        1.4433689978416737        1.9025515942630566        1.6392926347148622        1.6717565545743889        1.6061897670799492        1.5192894967379325        1.7367817094557323        1.6433545986142339        1.8980086244419276        1.4511909825091205     
  0.52732726983653566       0.74612835248821052       0.99267535445451716       0.67266006988346283       0.54252093581831795       0.76793748759449143       0.57349826970550311       0.53402300855157492       0.96055631522718510       0.31951786036302487       0.65948284382692579       0.46999097461762301       0.55965492942085704     
   1.4809329796994508        1.8240534321254016        1.3746607806254310        1.5560070069702177        1.7667877785218276        1.4378561912384802        1.4637940341970395        1.4944702755579267        1.6899114197561009        1.6304519729728146        1.6448398324217153        1.6207215296507360        1.9449901811711421     
  0.55384972798061871       0.76354899443808233       0.99402867307846821       0.69658840849048953       0.57820937901760117       0.79903230609692799       0.59881810171655603       0.56512036868124693       0.96466480450237613       0.33603285734033506       0.69754010525052035       0.50851590292308047       0.59018645925086621     
   1.5834945000539964        1.4744311836267965        1.7428873736388668        1.8554201041265019        1.5036271044929099        1.9908014254979594        1.8348585370651018        1.6799405359346904        1.4513939499346331        1.4866934146208917        1.8271124676711086        1.7415046582841665        1.7563460919614666     
  0.57687645669415544       0.78094730973800908       0.99503007576542857       0.72124491986637984       0.60987572743163754       0.82755022600267381       0.62808316302403744       0.59813374203400027       0.96848523647370288       0.35384018781991072       0.73459621038564804       0.54782928271688214       0.62314172870605633     
   1.8901549124577293        1.4651003819291721        1.5669932803245776        1.6265467806619276        1.7234316815057011        1.8868592289803785        1.6555709346664607        1.7488609816950635        1.9093263145659420        1.9782624810476892        1.7908099752004647        2.1903237769953994        1.8263134367369782     
  0.59851505105711655       0.79865107927910850       0.99593603628732519       0.74664106925167506       0.64491035832962185       0.85070257062695664       0.65329734215894053       0.63233583091704337       0.97274067896049854       0.37099595817947467       0.76640709191424150       0.58596391308413243       0.65699774968212798     
   1.6331885985277148        1.7206082723125236        1.7953312851029024        1.7449307905474754        2.1232678474797613        1.5906061748803155        1.5681209734065593        1.6941596950825351        1.6570911240122019        1.7357631208925861        1.7110515752509416        1.4894347043064964        1.4121155710787827     
  0.62435936928672597       0.81578556553960435       0.99665788240671171       0.77278666033150478       0.67474852364410498       0.87107363446515262       0.68570658968627296       0.66746975592945934       0.97702555819474157       0.38935630828479317       0.79195458022337561       0.62474887319232641       0.69104602385936054     
   1.5147240781851694        1.5570299767235871        1.5452936522135319        1.6716134938635692        1.4463289442381251        1.5558405459005362        1.5022537644719802        1.7115333591288522        1.7574264591544244        1.7963142667299996        1.4287201238265981        1.5523301004927863        1.6504692995310910     
  0.65708724118187700       0.83410990062582613       0.99729972241927001       0.79922087542900511       0.70899016146964677       0.88877506759518743       0.72189696109372503       0.70180156616779044       0.97998913503109841       0.40824414850755175       0.82182952104674345       0.66369747057796091       0.72552321514591678     
   1.7473680860969627        1.4942296043352601        1.6808521431283741        1.8386132078174413        1.6853154302216593        1.6531012367179254        1.8330748180984644        1.7518424986156134        1.7702113696649491        1.8095392162693869        1.5969142395080012        1.6339289910904384        1.6546042136410506     
  0.68278226782130302       0.85255238805612732       0.99792147422055411       0.82367905244950967       0.74414898830400522       0.90383782849121352       0.76040524425178391       0.73821078350264535       0.98343135873384369       0.42854684852847735       0.84863347497341257       0.70040610045391294       0.75746610521665303     
   1.7607667432410494        1.6758415288198698        1.8426951573634749        1.6667802076847045        1.6375914104858604        1.5046477141238914        1.3999152192263529        1.6671265649497271        1.7654239736157336        1.6775489680637283        1.6762813826246115        1.7945450609956266        1.7360870228651015     
  0.70733169166470056       0.86898412871032649       0.99835514248017854       0.84805079781085380       0.77599687584170485       0.91918756521056477       0.78947960480895429       0.77704266744010997       0.98599749830465111       0.44909813310679586       0.87384105710683724       0.73780303293680105       0.78766471534666083     
   1.7735167551153925        1.4936951598118000        1.6197269452698233        1.7127215420446802        1.5596314088054064        1.6443843312262174        1.7937312627597932        1.8952442851809603        1.5123475190708886        1.5675098326500134        1.6663569914596834        1.5652352172017014        1.5914288244460009     
  0.73288884114952502       0.88450093918934047       0.99878565153201804       0.87339907214556056       0.80851867946221156       0.93468616776218272       0.82461078371522967       0.80579377144055675       0.98819998626223537       0.47390110727160289       0.89843949452709559       0.77721243290003417       0.82406845364494685     
   1.6136075071324429        1.6109334206263481        1.8794998630507520        1.7487859215172590        1.8887730712729427        1.6035724438671377        1.9664329626544077        1.7333371257339834        1.5609842626255901        1.8601525297896020        1.5538708484183072        1.4806702284068742        1.5501470828909818     
  0.75754793824075728       0.90369473423837687       0.99914471657555326       0.89951902078374368       0.84547576633844990       0.94846631953059168       0.85920128223980563       0.83889788558218126       0.99024794051495446       0.49949838157981508       0.91736633974201265       0.82411678313113979       0.85684433620146527     
   1.6098141479179353        1.8648447832925714        1.7843927807255946        1.6563858024976594        1.8028494620702957        1.5347494038273113        1.7095321814961058        1.6937924415516550        1.5780027499625249        1.5872208152968397        1.7249463973011727        1.9975747639084862        1.7639357779120044     
  0.78604483298277139       0.92091465549797480       0.99938271563986947       0.92270382114684524       0.87818837320241927       0.96072805121252558       0.89247407826305114       0.87165131186645139       0.99187654709186468       0.53352402593078219       0.93655455201287330       0.86523557660559014       0.88579139325642609     
   1.5973107383262872        1.3697778172848711        2.0257810564300605        1.3631615711015033        1.7547550597980521        1.7771842178524022        1.6290910016343119        1.5899740895759211        1.6052897640893216        1.5509760690790306        1.8756673168054852        1.5416977117637196        1.5490259424171806     
  0.82547352359754911       0.93880809577484448       0.99957142118207853       0.94320015579617877       0.91687987450880937       0.97116931038760423       0.92113710261224957       0.90380888572699902       0.99378678424131695       0.55620845806271202       0.95528634841408200       0.90166765585983777       0.91209811680622765     
   1.5085027620438349        1.5802348086117675        2.1105482464618173        1.5477847152543565        2.1638718424344785        1.6153641958518641        1.6362976430652609        1.7053537390057856        1.5939845932910883        1.6715555138843812        1.8994792030989933        1.6198443594075524        1.6906665864573645     
  0.86544917839283864       0.95782298989073988       0.99972098524295072       0.96060577913637735       0.94899147028927477       0.98047173841948787       0.95433886149425140       0.93653973630177068       0.99552092639304623       0.64630422812518940       0.96872661396500725       0.93233740652571462       0.93613092435061318     
   1.9739162059448776        1.7213914164623088        1.6700435466506947        1.5626120907584218        1.4770494133180188        1.9404452590723575        1.6828154446003791        1.9576872063782000        1.7326244589500392        2.2449820866861785        1.5661585862486458        1.5671178636038074        1.3904717040836130     
  0.92235431391290934       0.97667256981628847       0.99986267881673907       0.97932503119607728       0.97535118426795864       0.98904800375840940       0.97962270301187226       0.96979200833955093       0.99758436311821508       0.82022046690777628       0.98610755192999078       0.96294639302668028       0.96547470684139658     
   2.2757154260329195        2.0228223192429780        1.7194998563208630        1.8960808324714020        1.4644985483361053        1.5152572147458325        1.5025913921981069        1.6758538704862396        1.6420756610217138        1.9204815480483626        1.8837514674040705        1.4647030769126832        1.6954628577184465     
   1.0000000000000000        1.0000000000000000        1.0000000000000000        1.0000000000000000        1.0000000000000000        1.0000000000000000        1.0000000000000000        1.0000000000000000        1.0000000000000000        1.0000000000000000        1.0000000000000000        1.0000000000000000        1.0000000000000000     
   1.7287209178788063        2.2112039176594891        1.5129959667263080        1.8221727481019774        1.5993773914951315        2.1236563635690988        1.4171769062117940        1.6771471674032512        1.5194534079324051        1.2296249561803214        1.9591829981557904        1.6706444428521874        1.7579347936600840     
   30.121996586002190        1.5854869643920253       -16.470228884981026        17.080296081014165        23.516029088799986        1.4990262518391371        7.8911378580448348        15.424619538011395        13.845477678242036        25.236668464795656        17.819860072559514        23.856404863302448        15.765235001576379     
   27.425195500923969        17.500337435804745       -3.1167103668489791        20.043051574949285        31.658753719501799        11.707840865688787        13.855081014541252        11.351346901165732        13.845477678242036        23.528531179658167        22.617799730027528        9.7148632327827897        23.072736857817922     
   36.541271543120736        13.850436359955538       -7.6508151012849943        12.147652549127368        19.101130070175589        18.131297999429169        26.299894505928911        30.625927076920547        9.7936471257308639        20.678525859542795        20.746648760763488        24.634280917135317        27.096952590071098     
   18.118689719041747        18.118365818049767        1.2291064087772092        10.861725974381754        13.577882456982486        16.369816603963955        12.492586882993177        18.895556302011713        9.2902017264506611        28.016914599170590        25.422942573067900        12.582775034645000        14.378884614623658     
   22.715117376836407        26.329152131793183        1.7089109895220584        22.230515770906749        14.950701774030827        23.161582712739264        36.694462771769480        20.665282921187494        8.5873311631186500        24.545572281145319        19.944539928725824        24.066266905359548        20.553477454550791     
   24.086647278127739        38.268696217232076        2.5127464804080950        27.687798427299619        16.153217562226938        15.594069379334346        20.956614395078425        7.5278525319113214        5.1590670302378365        4.0146178614506196        18.872652397005957        15.660869665630145        6.4282456971941846     
   8.1319216041139342        15.595858299739083        3.3978146180876427        18.114461346672211        34.481660612787593        24.229785029616522        24.474761510031193        23.195720790009293        11.354661595722179        19.346392821447374        12.204845637546585        26.785300958789605        11.201601194179609     
  -5.1006839616109465        7.8125220895874516        23.266843068337931        14.846285218352769        15.059875558089356        32.803703495799958        14.063058006762168        26.227293285489111        22.588052881915971        22.590871308206989        20.584371499279118        22.822147772587904        32.886937763730089     
   61.767074802253589     
           1           1           1           1           1           1           1           1           1           1           1           1           1
   14.270568801840216        2.8654980359375699       0.36157726380113525        21.176266606407854       0.91795908055747932        4.0390998676456273E-004
  0.38453044248585644       0.39747527466377774       0.18425945856477785        1.2368341127126719       0.18418093077910941        7.3147055382188049E-005
   5.2338130603900527E-003   20.218174321914390     
