   0.0000000000000000        0.0000000000000000        0.0000000000000000        0.0000000000000000        0.0000000000000000        0.0000000000000000        0.0000000000000000        0.0000000000000000        0.0000000000000000        0.0000000000000000        0.0000000000000000        0.0000000000000000        0.0000000000000000     
  0.10393965512957024       0.43309373553596459        5.4406412985278221E-002   3.8698227054201326E-002   3.0054464329915990E-002   3.5787805948647770E-002   6.4275287504810211E-003   3.4373913833998765E-002  0.47142403249547044       0.12010784210184929        9.5875978934101477E-002   1.9478400232874230E-002   3.3741265123518466E-002
  0.80000000247343661        1.0718285429413765        1.3603745402873875        1.0484792474654763        1.0600700552084534        1.0422295068438845        1.3963112940096556        1.2877931036359405        1.1619382884839358       0.99157116393224753        1.1150679162431196        1.2784483282940000        1.2078206741866069     
  0.14016149751668214       0.68337220254821229       0.11583019165377778        8.4016705235347114E-002   6.3334162376454242E-002   6.7960901424069478E-002   1.0574096200957226E-002   6.3413140317960526E-002  0.67962650757954024       0.17615485354567426       0.15230825446734123        3.5156025069826485E-002   6.6255893498859242E-002
   1.1729450283702814        1.1584721123603616        1.2284452895734883        1.1134705427988834        1.1194471605873191        1.3605741634715143        1.1664331871159552        1.1097509176584801        1.4854219546534400        1.4491285523729103        1.2936053296214478        1.2150620680379216        1.3214889246450519     
  0.15646856696573938       0.78583643047897689       0.18029214572500876       0.12884465991733199        9.0407792279573004E-002   9.7496935482255229E-002   1.5350248681990012E-002   9.1358670283118143E-002  0.75086018100497076       0.19596350277605359       0.19361702073415438        5.4223672634645143E-002   9.6119110773865105E-002
   1.0066057107355639        1.1953246685306240        1.0427354037057803        1.1646698990717559        1.0417051381006273        1.0615644178256147        1.3600976706303214        1.2868270205559349        1.2638189519638467        1.0259654921614205        1.0972937525438071        1.3405198315248830        1.1065926276170286     
  0.17655790596788551       0.84492345777497979       0.24308186990034472       0.17349707128102448       0.12527343775692196       0.12646020036746611        2.0872957852105415E-002  0.11534861538985722       0.78988360568124893       0.21802975414438908       0.22656478422660820        7.8661588924954437E-002  0.12805124443082508     
  0.95438859014443200        1.1796313222566142        1.0328345452819938        1.0109294217241320        1.0400365988718347        1.0575036236539999       0.96047861020398873        1.1166922832537098        1.0503690281190237        1.1417447802249292        1.3033275556883741        1.4285831363067685        1.2013111620711596     
  0.19766267734640977       0.88218976898596146       0.30342711033724373       0.21891491734831192       0.15577658189979823       0.15920284952678770        2.7061540222190001E-002  0.14005623301272077       0.81549190758111978       0.23676695282522567       0.25294983421818745       0.10195848929937013       0.16066512511858311     
   1.1023500556001113        1.1407702977829088        1.0380046644221437        1.3335116952175610        1.1421436067076960        1.0633321118251091        1.0452960556243451        1.0847658773288866        1.1975629313613212       0.95230979589854703        1.0492558697042080        1.2672992305078719        1.1356754343505047     
  0.22048410411430952       0.91095194658421963       0.36481041107452405       0.26444425308743347       0.18765008511284373       0.19069268732755448        3.3863861843903040E-002  0.16629775292950960       0.84538212343533203       0.25255173377914558       0.27904116397362511       0.12724354100465160       0.18912240995444413     
   1.0970034848382941        1.2217481332006954        1.0902979699583333        1.2955990702360152        1.2559117786378506        1.0538342200024839        1.0928218269415721        1.0892309112574292        1.1962847188871089        1.0737490397270979       0.97356054709658235        1.2375916951781976        1.3772519936015060     
  0.24418042523213648       0.93267645743324568       0.42085809372837413       0.31033469206272013       0.21861764578908857       0.22439103876623478        4.0770907206883610E-002  0.18978727309637272       0.86455260893227903       0.26921395650628632       0.30348518028914256       0.15744040590871741       0.22666065786251463     
   1.3481267548751164        1.0612425759242512       0.94953455372338313        1.0528931173453007       0.97968374267573599        1.1586360010886585        1.2530829433436892        1.0883876922929097       0.91432724043035007        1.0881560830669654        1.0439055804500563        1.2674987745515300        1.4379227311238714     
  0.26640480618280526       0.94451733154007778       0.47981514013024479       0.35662269557825577       0.25102020415254228       0.25790215881921896        4.8579250039816883E-002  0.21330345491830643       0.87935834893165743       0.28417902195371719       0.32832856890496537       0.18937604133313107       0.26025424379569873     
   1.0239072414469970        1.0582850293269783        1.1040197843268160        1.1245050442263613        1.1203126474338978       0.98854698332772917        1.0761819750336490        1.0250109108430894        1.0817497031387056       0.98875699113305260        1.1707304054434768        1.1619807530989386        1.1238621615546986     
  0.28711821312596320       0.95519235595293561       0.52827832015075205       0.40272824809886870       0.27930597160620541       0.29205855618921717        5.7669339086973213E-002  0.23515148970238922       0.89286789526909260       0.29885112173144013       0.35778996876516966       0.22066278898753319       0.29665122880507411     
   1.2439429910248581       0.97944729783668871        1.1720005654152055        1.0839535499636408        1.1644057497472349        1.0444093613969481        1.2604968080944903        1.0553581141347343        1.0183418423729249        1.0684407952168833        1.2049739746026662        1.1136495046290962        1.3565091980596318     
  0.30657907469262802       0.96436859901742034       0.57530663411812977       0.44450293557954057       0.30671113653864612       0.32278606226348827        6.7535107028388067E-002  0.25512952878241557       0.90476716040043270       0.31394242689245705       0.38287262924325927       0.25649289830032523       0.33010082319265399     
  0.95625023910548246        1.1197906968462781        1.0112881093229031        1.0861267344073064        1.1860671118395067        1.1006835972713465        1.0676249269336802        1.0431887201392871        1.0731102792936338        1.0843962157752940        1.2395121972555587        1.1766570753339145       0.92955499998563018     
  0.32935166241942171       0.97149515806070841       0.62905254814417821       0.48597900491462226       0.33821898018232877       0.35694083945502975        7.7829822722678757E-002  0.27778719822419212       0.91530597929097335       0.32874403831317633       0.41045104109659769       0.28985236298389644       0.36048129337045515     
   1.0351817983197533       0.96043445139855999        1.1932335850644369        1.0203094535421466        1.0329585749302408        1.0613713608371096        1.1293943308698786        1.0239404943440704        1.1025317956779213        1.1439711351965494        1.3454743200702486        1.0649044264461118       0.97827808207984635     
  0.35451395734601032       0.97733967033467239       0.66352249034985400       0.52174051565042334       0.37156366306884980       0.38521634298198204        8.9418114162070780E-002  0.30018507606973061       0.92464673101326011       0.34523408764690577       0.43970747483780265       0.32157382387770284       0.39094168554838349     
   1.0612619148501166        1.0157303778904927        1.0571767830008914       0.96339505924392788        1.1562913113920774        1.2680665528051229        1.0209250090101947        1.0740138393465521        1.0823616870855723        1.0839834712441960        1.3212691853039673        1.2126758910571189        1.0701567305261819     
  0.37892401046327290       0.98171389792863673       0.69799713876701941       0.54916625467621549       0.40186396555957049       0.41338759200748382       0.10203695315958496       0.32530789394398357       0.93232304852659054       0.36281111123341364       0.46456647852440869       0.35728418938113821       0.41534468879179504     
   1.4007867265680602        1.0106949194534856        1.1433869596095332        1.0961714678792003        1.1100143301290146        1.2306474630236275        1.1365717153254640        1.0640191832161083        1.0240641080021422        1.4328507656869836        1.0531706548053346       0.97038415105088227        1.0351152444073888     
  0.40251992519372326       0.98512741148510719       0.73630817310834240       0.58221575562670747       0.42523647624319633       0.44307135685371934       0.11519731045674127       0.35332529607527807       0.93968191026383874       0.37998461018171842       0.49174707952142060       0.39471830044123746       0.44376320555206050     
   1.2086414721234007        1.0153421353001950        1.3227580721315610        1.1410294097700917       0.96143709130341637        1.1578529671499540       0.97061769644881224        1.1304473807338793        1.2004022184538998        1.0937329632129305        1.2626315751429242        1.0978380314347418        1.1387748693393474     
  0.42894659068918384       0.98797344688772182       0.77042178068494671       0.61484921104167289       0.46062527338990261       0.47626242962810805       0.12992359208275392       0.41180702901109234       0.94597922615617236       0.39647877682536453       0.52657702734105571       0.43174747920298551       0.47306246917242711     
   1.1527164944746622        1.1440387421415139        1.1676104399108818       0.97805137591233671        1.2935489458391127        1.1637953825310594        1.1057274401111583        1.4107908329243641        1.2131468083632606        1.1043148401677922        1.0197305436102932        1.0491372045752234       0.94700478977775826     
  0.45835338283796145       0.99010982204765419       0.79992054199762419       0.64621414310060732       0.48827285595177455       0.50991236635569293       0.14478666807847504       0.47396897728752097       0.95169575696873887       0.41269219846956734       0.55697819053115871       0.46840274448802133       0.49868591404150453     
   1.1693835945541160        1.0789969571662894        1.1418658775289725        1.0582530472150260       0.89388390575506804        1.0367074240664655        1.0276437027442811        1.1459826120091603        1.0228469584507640        1.0800693244336463        1.1032980049394299       0.99438067651831130        1.1339844018585088     
  0.48303958106260581       0.99191694792401952       0.82682082265314716       0.67993320027653814       0.52720047175500617       0.54266501955120727       0.16227900039556070       0.54029897429777551       0.95670620676514340       0.42885839226046851       0.58551251857113706       0.50136732829436459       0.52655007387576669     
   1.0600280466918885       0.99775040452427610        1.0693587657924049        1.1032879953145787        1.2414299218721678        1.0319340713608964        1.0249092244194835       0.97892935999792730        1.0117338444834409        1.0918317409959752        1.0802040668193975        1.1725702900674326       0.91845459427154086     
  0.51237498040854412       0.99342245480076996       0.85012144612284801       0.71012007812129341       0.55823855354469942       0.57560968199731966       0.18075579149543705       0.60047961189520394       0.96113526562989859       0.44476816459935375       0.61475015182913240       0.53902765609903991       0.55176538804851061     
   1.2447489368380529       0.92528662495540148       0.92219920263778987        1.2285752870636755        1.0393838977506795        1.1846754503427968       0.98004785976574749       0.97874524584566525        1.0841666641775078        1.2147597446684306        1.0224926335764137        1.0886803140693129        1.1259371925974051     
  0.53804226725174176       0.99459127099535016       0.87185189187806533       0.73305237705033988       0.58754738770846593       0.60768132496117866       0.19990105069095157       0.64621338903457604       0.96604285824334857       0.46158650836314885       0.64445129655205335       0.57522773345431255       0.57602968348942629     
   1.1075565560492282       0.95014163887376768        1.3158824262907873        1.0905021085421509        1.0605068186609372        1.0906422971552787       0.97869479317671759        1.0533603439710508        1.1914627399782622        1.0936209592440427        1.5431715367117156        1.1222884485996720        1.0687386224040720     
  0.56426072379974879       0.99553637733786959       0.89198118761883027       0.75681562129162872       0.61840037202565656       0.63449860684041359       0.22157016455921916       0.67983272373228520       0.96998652856573808       0.48040084914452275       0.67378011963799811       0.60575915051495721       0.60648661592145880     
   1.0861542589752264       0.98794578161922453        1.1097616501633150        1.0381972239929373        1.1596950390026644        1.1652973301618104       0.98790146846152127        1.0025681606023764        1.2156124953381224        1.0694017259810471        1.0987879588276972       0.99029587900743110        1.1148542260915815     
  0.58875756886275421       0.99631726285538347       0.91112345593164212       0.78038190822891984       0.65114676909673064       0.66175770045823623       0.24621275788742933       0.70828034862186173       0.97357115535256900       0.49902044551984748       0.70049535754387626       0.63570743611911118       0.63766449040791895     
   1.2175889278386689        1.1017169610437538        1.0982557767207566        1.2301638765068972        1.0913532318580290        1.1511136870149794       0.99264537388838814        1.1543762764960817       0.92944440941845896        1.2137853460328092       0.95245182389956429       0.90854364962366718        1.0807797037871045     
  0.61831641816742899       0.99698021170471440       0.92758905174097017       0.80267067025988426       0.68505332849480516       0.69224733295094931       0.27445063211750453       0.73472036910843186       0.97658482450671003       0.51779254887819404       0.72641020251540667       0.66535075124482967       0.67081410098526273     
   1.1522029902007040        1.0773083476723280        1.2171551381446006        1.0623714049675208        1.1130047326135024        1.1298182667986165        1.0720044686028820        1.0711030164871438        1.0306825297917526        1.1487340541843316       0.99360066359119903        1.0766780694570366        1.0954909675878872     
  0.65010845011412910       0.99751853652245903       0.94219112102624636       0.82378857974063813       0.71974091224750614       0.72270102919544010       0.30635730045455906       0.75523708592864769       0.97952428067850250       0.53713143182888268       0.75301971656676203       0.69993325192058053       0.70443372094751633     
   1.1669511855554608        1.1583886088537714        1.2089670607913672        1.0837556950933793        1.1994364610999448        1.0456216555860105        1.1778594166239675        1.0095096196412958        1.0896872340397026        1.2144795940357378        1.0391450935510782        1.1586048391606913        1.1119143907265117     
  0.67798431131880854       0.99798680810998097       0.95546713866233846       0.84405817560183738       0.75032894932242455       0.75085434740343504       0.33647874289091301       0.77829070527429767       0.98233834746936000       0.55678894585272665       0.77905098217094748       0.73150853001199723       0.73803474530388846     
   1.0870000060185723        1.2416917258247739       0.97942251042656281        1.2207140959701395        1.0647031729618290        1.0539842363922625        1.1692091654388612        1.0472255298554309        1.0866803928764830       0.99555360834283024       0.95810755175543605       0.89677286678114365        1.0733226674930367     
  0.70631785088656895       0.99836479918469601       0.96575560229081647       0.86498680414439888       0.78454070176941737       0.77909348454923522       0.37226079752848751       0.80205452086545492       0.98496892635076327       0.57708698342198528       0.80379210705517079       0.76466479795652431       0.76979559873291981     
  0.95867217311224240        1.2744930635224039       0.99313502996419245        1.0035944380671213        1.1798099713268007        1.1748853615321557       0.96423660815103152        1.3667548722772889        1.1192218844437591        1.0007719229343777        1.0386628077941114       0.99510276679392351        1.0004333799588363     
  0.73647260919412683       0.99870028607591799       0.97508294359032632       0.88715231065566480       0.81523333237818230       0.81029455260862793       0.41287345253665286       0.82637221435165020       0.98731061042957247       0.59895136171038443       0.82877025433153595       0.80045884226315289       0.80079249863666202     
   1.1176289245666762        1.0670428000438970        1.0325041936707655        1.2744258934589061        1.1097515326882099        1.0288077953932819        1.2352866515275260        1.0399167164777301        1.0184476216582186        1.2085198731832634        1.0932088574100409       0.96529953604024321        1.0454182191845771     
  0.76498811092304342       0.99899553806271824       0.98183428860550204       0.90925259960617433       0.84329689845998967       0.84299583798591515       0.45880987969498921       0.85328222720501845       0.98946471133755365       0.62346481319118030       0.85764487163210379       0.83547823745695737       0.83334900066928863     
   1.0413847603760003        1.2933196902373572        1.2026121650945714        1.1727394988261586        1.1819513742209533        1.0846616538157272        1.0463378673233144       0.92643456250780631        1.1019700876660159        1.1563054792764820        1.0822462324095037       0.99453818734922272        1.1182238373556066     
  0.79674739800804928       0.99924925527642072       0.98763420244135836       0.92934331554366933       0.87426145576119196       0.87434191923442128       0.51441243906653600       0.87992970917028956       0.99138094732164406       0.65250168710986345       0.88654270774865673       0.86800319450572083       0.86522323685932567     
   1.0623025676084001        1.2025143881667431        1.0667917534434026        1.0949100361432524        1.0337530211608237       0.99205849786101818        1.2235106057043847        1.2914043418786088        1.1374210553624142        1.1054678176132076        1.1417276970884007        1.1222369855837777        1.0110857673815861     
  0.83127548038378452       0.99946243743488561       0.99253564943214756       0.95032137336057287       0.90509119588518183       0.90464568290748426       0.57041276967307020       0.90847899482413397       0.99300736831625191       0.67364588556567151       0.91443961131093188       0.90156875483609167       0.89467259959282419     
   1.1512058503070370        1.3007933033142547        1.0927545687684999        1.0547897883164392        1.2099833787488017        1.0153054914782418        1.1318028369069435        1.2372971635074759        1.2179107282351018        1.0625056175072005       0.91939229918341980        1.1648773203220000        1.0133626234088515     
  0.87059152920210681       0.99963589716259926       0.99577051162638952       0.96846226766804266       0.93898084659572534       0.93570794752832354       0.65371556509496576       0.93665522912207499       0.99480505004586695       0.71209964846762774       0.94216255920537861       0.93542589251359620       0.93226628031373127     
   1.1899269472999929        1.3912774888562351        1.0488853795124651        1.2300942967428221        1.1096259336598810        1.2922785671058112        1.1449486737524386        1.0945344438959923        1.0210393811934690        1.0237467122756714        1.0581344947435145       0.97130383358463901        1.2033961875705039     
  0.92867903002229668       0.99980930368699372       0.99809529619478055       0.98491725180455325       0.97014929448194576       0.96764030640949383       0.76731131964195676       0.96685473144869705       0.99673723832150063       0.81959969909941210       0.96951525427076979       0.96747787717026978       0.96597740905465090     
   1.2905760279607754        1.2516235949314789        1.1168758760578581        1.0775556227797045        1.0602316788418704        1.0507048025753882        1.1319138944877294        1.2196462325525184        1.1235276252213628        1.4162166060535890        1.0099049773738233        1.1408841567675270        1.1566393212232493     
   1.0000000000000000        1.0000000000000000        1.0000000000000000        1.0000000000000000        1.0000000000000000        1.0000000000000000        1.0000000000000000        1.0000000000000000        1.0000000000000000        1.0000000000000000        1.0000000000000000        1.0000000000000000        1.0000000000000000     
   1.0918169768246517        1.1016075643613610        1.1736268812359809        1.1301231907470743        1.2556985906703737        1.3365063965667610        1.4291337171359819        1.2249205049904819        1.2484056170102507       0.93643000703737533        1.1655068729272451        1.1245493396798860        1.1143955893611623     
   62.312616364389129       -18.875882697678041        20.162653044667074        21.613998786405425        20.617626114363667        35.947796664664992        95.032963913018264        53.408947577880113        25.736221460891418        26.079632477104276        35.969404365520703        39.715357879916951        21.506664536626733     
   47.684198859697808       -15.202273907859420        15.421043094305837        31.503768995074047        39.408359857274341        47.913749787726161        52.799863308102111        69.662015969353348        20.030018889183857        53.034833525618637        43.793160634164373        51.418315350032508        37.236919355528990     
   35.348090495878402       -3.5370701940594622        30.469811408344039        36.166510442545139        56.057850658303096        32.556472046530310        29.874838437409501        31.128181520633486        4.0270538866231282        39.719469477033414        47.023234334115550        40.828088028491642        37.182463709182429     
   34.052130656504914       -9.8374527272990839        27.462269014279325        53.455172779848546        39.551314016722550        47.017295216842868        17.782147887115812        21.830325669021175        9.0246105704230786        41.098365867042347        35.362711396573268        51.849831147808260        34.345382442916218     
   46.060671081857777       -6.8103302443471136        26.688641454460569        61.808822797467791        41.050248184748604        39.844955295073277        13.352447982142722        12.900719041290527       -7.3932634017509837        38.502200218563182        36.933738423973836        47.524333815552659        36.015479392625672     
   42.464275879781070       -3.8333438936371946        75.884351934056255        83.255615754497057        49.375729452963313        38.922800931770716        2.1595481337520797        25.671833489757983        1.9466224455520003        30.643507814838102        55.851994536649848        45.304252364637819        52.456585579869227     
   36.558376102908980        7.8227003248149591        48.360232441683692        46.868861488585914        49.777486251573208        30.287783745399327      -0.79304094538728087        56.330065159138996        26.702526180788276        27.103261355107328        33.887913208760196        40.221067903397746        54.953745847156924     
   42.675803696790013        65.865996177983803        43.789506781758398        23.747169015500653        32.273960015478181        46.769053531672839       -13.513729085899373        45.768188336579108        68.531400162078171        70.779791700818961        48.666875984617775        37.391619475503411        54.684282702975004     
  0.50802063501881600     
           1           1           1           1           1           1           1           1           1           1           1           1           1
   5.1595348586797110E-002   4.6207029585345590E-003   2.1895928930009364E-004   42.363861235464306        3.3810186898101707E-003   7.2495156599930842E-006
   1.3297849444740546E-003   1.2388947088322767E-003   3.5457830024790979E-004  0.58367758072658105        3.5422593784121431E-004   5.9460991787828208E-007
   2.7537616814834128E-002   41.596794103614243     
