   0.0000000000000000        0.0000000000000000        0.0000000000000000        0.0000000000000000        0.0000000000000000        0.0000000000000000        0.0000000000000000        0.0000000000000000        0.0000000000000000        0.0000000000000000     
  0.10513490537383753       0.10261653851368700        3.8320605993263583E-002   2.9865296122691239E-002   3.0717749938841011E-002  0.22446632218793083        7.8055585213397463E-002  0.15414297190712617        1.8687302765475707E-002   3.0598969784559431E-002
   1.5707627114299172        1.8186162254640694        2.2014788656287605        2.0611783798698222        1.6780823253365913        3.0432651921458573        1.9808042860442856        1.9537106026528812        2.3736497731155883        2.2923959618708216     
  0.16244470623038870       0.20397108903570416        7.1998105199413728E-002   5.8227436854082583E-002   5.6804794517134848E-002  0.31974228755997708       0.10964126502997538       0.23073280376073971        3.6393558993582840E-002   6.4472286537103199E-002
   2.2096974962319833        1.9775576072164922        1.8050299015514133        1.9155433224068092        1.9645038218503859        2.5455082508754860        2.0347986532322855        2.3312503800409350        3.2457006546186533        1.8567646944193568     
  0.19920873210852449       0.28692561307315662       0.10694383352540222        8.6546763243348951E-002   8.6033664478881805E-002  0.38910009814588919       0.12557693736518918       0.27759306089990010        5.3655849597277386E-002   9.4264605659668377E-002
   2.0812694024205856        1.9534067991952855        2.1515785838809780        2.0284532378427929        2.0432983103876712        2.5129182264097092        2.1718486513901909        2.1577343931884085        2.6248397506663830        1.7414334111045990     
  0.23667812247825945       0.36735016806069798       0.14348800036276169       0.11482582640652884       0.10957539664386176       0.44440589978091383       0.13962018585319796       0.30618590887764946        7.1233610402809996E-002  0.12582927708671909     
   2.0194047129142869        1.9349941538489928        2.3259126044155285        2.0929030492105976        1.4869319165904380        2.3274309698858455        2.0085342110878326        1.9764450317148003        2.3615959393052575        1.8656204505847009     
  0.27005200295304987       0.43122782170710755       0.19069070049122855       0.14441000819998642       0.13983154451716212       0.49578740139134725       0.15294417740971181       0.33355386069216963        8.9738755421865712E-002  0.15939371565950128     
   2.2183489523342903        2.1038161939731190        1.7224292836276383        2.2206059393099089        1.9131590795912601        2.1499415160401498        2.2171561755819402        2.0827021750280754        2.3052578782381365        2.2408109796446691     
  0.30273366537261942       0.49789038712356976       0.23611558767209351       0.17208523052697652       0.16779668549815566       0.54405479974740900       0.16575987177885085       0.35699101256516513       0.10922690276753973       0.19381641597698773     
   2.1452237588455163        2.1561570125178169        2.2310106733479649        1.8401891517522051        1.7030279678423372        1.8588840042410240        1.7648270642435473        1.7355768701147254        2.7682959639694165        2.0587015335161389     
  0.33373960346911119       0.56339016071613335       0.28049377749513299       0.19941280618271517       0.19947354098025938       0.56674911431183739       0.17900457655208601       0.38256963512848802       0.12745541769443891       0.22918928121023485     
   1.4827480054267648        2.2020372413026768        1.8556448940674974        1.8451111892543870        1.6243718651954799        1.8932143657988996        2.1347848975073371        2.0289746581967791        2.0852288177053167        2.5135330249614194     
  0.36517352711225715       0.61869351890866731       0.32368237392995575       0.22804063746105260       0.23518003504193136       0.59501832629845253       0.19412594601885061       0.40920604842694130       0.14894266230123929       0.26355371992914001     
   1.5439334775454854        2.0178471308417847        2.0231959422585710        2.2544451216151433        2.0375308051788168        1.8401469762857938        2.5331649482019478        1.8257516426556055        1.9023955909483730        1.6858198911037536     
  0.39847657245754475       0.66445137154924527       0.36622006008939961       0.25784357590464840       0.27052750902777956       0.62303418373900588       0.20762452450845911       0.43713110465794347       0.17213766932585256       0.29778163307066097     
   1.9935587500427288        1.8481473172973870        1.8125583098697289        1.8004304119952601        2.2583877161795978        1.9790797941923872        1.7659969946873355        1.9584239066955098        1.5492731777250595        2.0577993410289976     
  0.43194341149730708       0.70693811141014173       0.40902392766641976       0.28653610929776951       0.30331112326307441       0.64974239216400986       0.21886692957037485       0.46983773897685316       0.20106343270692767       0.32844014425329476     
   2.0050877699808760        1.9334637535879051        2.2578977354874428        1.7763736589468193        2.3044041370778232        1.7617104713485856        2.1005199144308646        1.8548423742233335        1.9067793644076827        2.1794944399790004     
  0.46365361956586348       0.74638017136430790       0.45132516806632655       0.31467143154578281       0.34034252940004395       0.67241227347866228       0.22931541013282652       0.50065247377105160       0.23085464225130406       0.36009266773572957     
   1.7502172774244036        2.1113801740758276        2.2507054161154483        1.9086535491205785        2.1892201735723189        1.8214017765803712        1.4669079529726115        1.6425948288208598        1.9543740703613137        1.9322602147103261     
  0.49332962919898904       0.77600519996553730       0.49145937835664188       0.34314451359499315       0.37321939368876061       0.69408328170278288       0.23960605930277165       0.53483201632583943       0.26580376248005855       0.38969364507578130     
   2.1109669436128247        1.6526305195720379        1.8945760018854714        1.5531709561593370        1.6991382570334772        1.8282224332125088        1.8725477017037351        2.2944417684013736        2.0535113630345361        1.7631792968968718     
  0.52150735436612716       0.80668367715136202       0.52939474274652409       0.37442984370481414       0.40446937682597089       0.71259228656810103       0.25072249131444790       0.57095502867972880       0.30209102804996885       0.42173893980672006     
   2.0992302555497369        2.0679936430611083        1.7086703785482522        1.8467344573728710        1.9515345647336111        1.5284255638493296        2.0209523441273931        1.8237975220732754        1.6309219724963531        2.0827480954787769     
  0.54629270009168118       0.82910006651340518       0.56612294489324289       0.40821637074036565       0.43349606715245648       0.73162405954826981       0.26271154157683207       0.60366622538679160       0.34128044330787971       0.44987416453468254     
   1.9512970826441833        1.6749452280331665        2.0789915122941509        2.1311481590718215        2.0164084580925814        1.8174743478327582        2.0581175475732114        1.9174115328342627        2.0754616408777822        1.6944585514345787     
  0.57195554009218152       0.85085210878371598       0.60090590668802613       0.44228712103244272       0.46291534998719641       0.74931141599713724       0.27650166695876066       0.63369361511561517       0.38341023880661318       0.48006716711646058     
   1.4830633027127715        1.9731998860882420        1.8365667208272438        2.2973051408227407        2.2294867260823161        1.5884912151975124        1.8210023753239122        1.7613530674201170        2.1497187451122119        1.5934439990583589     
  0.60194125501147744       0.86897769382583412       0.63276776821866421       0.47479091332445689       0.49362720522719633       0.76751678833562231       0.29191654329212474       0.66701847339229881       0.42333075046837565       0.51005076654877268     
   1.8698963614025235        1.8155277132597432        1.7237944412141817        2.2355666938757590        1.6419832571276596        1.7981323058927252        1.8252392912615478        1.8528960517234292        1.8998954901789482        1.9957807773849505     
  0.62898013073810999       0.88776749680636102       0.66239684869118565       0.50553306400476716       0.52427364492391437       0.78534173605906632       0.30782950662260272       0.69962735044166469       0.46005912066456633       0.54158751174335695     
   1.7649704499506147        1.8237793696801112        1.8940144417380578        2.1451181279648894        2.5347153635001121        1.9531638508940161        2.0495349908155269        1.7615295313212129        1.8717544428839596        2.0512406367749638     
  0.65406587433574059       0.90405485168230848       0.69165638888920244       0.53609276217638269       0.55399676584345858       0.80249557642715408       0.32424240483901468       0.73145864500292157       0.49424494101754179       0.57151596735490029     
   1.6259326862223722        1.9194747897291558        2.0980893372418468        1.8589835536172925        2.2619567226991282        1.8239394760360541        1.7598899969870967        2.0464033094526357        1.6906346808547381        1.9958547658549946     
  0.68056713451685447       0.91943959748242565       0.71824963713874923       0.56650619971460425       0.58127722009608829       0.81938601878336581       0.34358671425669907       0.76407709812803803       0.52448773770359236       0.60095003878713837     
   2.0883147947427831        2.0849648235880007        1.6499591320592031        1.8229371547186759        1.9627566104530880        1.8198215063898220        1.9639362297122291        1.9822236939158486        1.5357495861395896        1.7346114191794197     
  0.70607038419269841       0.93273280630569499       0.74525136181377460       0.59752774795626740       0.60964968178494394       0.83642577707606991       0.36169017902304312       0.79559971261098483       0.55531961279450914       0.63135764056540244     
   1.8874388978407299        1.7379433709455385        2.3152697653515655        1.7491841096992005        1.8588251624018706        1.7396245796545233        1.9986521815738698        1.9016252980741846        1.7729574750513240        2.6200973832197447     
  0.73227466841473188       0.94286556318936754       0.76930696014095346       0.63296071156616784       0.63889718901995851       0.85175499845458325       0.38128919123185467       0.82207852013698612       0.58298010330560734       0.66245429471679529     
   2.1718765076374447        1.8511347508749207        1.6745452843264688        2.1884600754243273        1.9425734014871061        1.9582376231243881        2.0550749481688424        1.7909965189974626        1.6134941484707992        1.9574110221414385     
  0.75865025081779536       0.95209377997588784       0.79559097742667606       0.66640891040924999       0.67025492524171304       0.86566850439766885       0.40315846950482104       0.84802904534712409       0.61478793115202468       0.69379848564288016     
   1.7929002118734609        1.9525067512611525        1.8552621270687590        2.0942465349891699        1.9065583511954958        1.8828862443201806        2.5809505495377056        1.9321777159996976        2.0857736506902693        2.1728641147342023     
  0.78360550545568053       0.96092057841428324       0.81770898371719836       0.70012720323289090       0.70447402828981454       0.87904370849596269       0.42966232407954869       0.86954179505824813       0.64720232606394879       0.72500099222696057     
   1.8872064541105722        1.6048102738421928        1.9479265673607646        1.8543590091709161        1.6304293320087362        1.9978473482449917        1.9208413962334094        1.6401135869044789        1.7851923283280338        1.8762341270183496     
  0.80636543290226359       0.96756387306707470       0.84009845532007577       0.73304084643492040       0.73888277034513439       0.89207525221315043       0.45884213247166639       0.89123411465915992       0.67731209855053442       0.75526165473872076     
   1.8625915063742999        1.8378709388932768        1.8101109559773936        1.6749763285703716        1.9362585685562885        2.2839115505680785        2.0156152355017305        1.7556856198369848        1.8567612767323209        1.9567542235661801     
  0.82974262768757190       0.97408484611917578       0.86006172311830964       0.76640402233608695       0.77358470676818725       0.90279533550437119       0.48949890957743913       0.90976123391534947       0.71066182277630985       0.78229375647967891     
   1.8473480107094018        1.5625475811693668        1.9579677279598622        1.7559468237523017        2.0155990003639674        1.7091526205444987        1.6961355708227182        1.7587304920271498        2.1351165077718659        1.7041998004243364     
  0.85273818391162870       0.97983802710896706       0.88155711967840411       0.80054698824044968       0.80656717881316609       0.91344074201837533       0.51775629372398524       0.93019762542824513       0.74881414937494573       0.81189463582616261     
   2.2694504514195053        2.0976187763939951        2.1601841629071306        1.6825967548131315        1.7328798162186367        1.6387557997319466        2.0057782038311767        1.9248336506806578        1.7899419420637266        1.8232077179788606     
  0.87530433204316405       0.98505274929741515       0.90398238141801812       0.83366090547111960       0.83713131366948046       0.92431754548269929       0.54838599867910887       0.94528597406006110       0.79179554400800101       0.84130928612320655     
   1.8209194835801530        2.1652038178810491        1.9750484500694421        2.2029024217552085        2.0415204126029507        1.9182927365385802        1.8613553879606854        1.9867678982940922        1.9012116920753732        2.0186199224410859     
  0.89914055042523189       0.98910857621175352       0.92684275208321854       0.86373387035992444       0.86705885646128700       0.93613309146638624       0.57510397372681299       0.95882175928918534       0.83651535757136997       0.87464124136061339     
   1.9288122011197952        1.9780161866028012        2.0231794508383030        1.7025027299207218        2.0548550149828615        1.9569812699987230        1.5884912151975124        1.9936101342587338        1.8646938824501071        1.7514891651157916     
  0.92388389919385216       0.99240364878041964       0.94743495648502574       0.89450404684868212       0.89928683543738042       0.95060043179031084       0.60639620249717885       0.96866626650347665       0.88276564082541487       0.90714276159836349     
   2.1713115669714718        2.0844482599821759        2.0724797392774179        1.9484936230088867        2.0830213605795036        2.2125997027330868        1.6219469216123317        2.0377905723838916        1.9008710804773912        1.9385713675007374     
  0.94573821523509749       0.99526520889271464       0.96596741875481040       0.92688620319717441       0.93497029617123495       0.96629328400033032       0.67593061776329655       0.97922860029194159       0.92557553649153468       0.93802205306161801     
   2.5850919575836455        2.2228688139055603        1.8054032275880347        1.7650824673947050        2.4149915939321502        2.0940147851532438        2.4859937422185743        2.1669721066101535        1.8002948935064209        1.9396564569048897     
  0.97053941757482265       0.99767532207692011       0.98301340632210843       0.96240688312542899       0.96864972200059629       0.98247496417074609       0.75802227674983269       0.98899499945910929       0.96418931838415511       0.96855451714933194     
   2.1715195681523505        2.8706858683323890        1.8264438583909344        2.6832595501203325        2.3726025467925598        2.2522100959358973        2.0972865760993313        2.1711192104451524        1.7171646380562855        1.7000974959496493     
   1.0000000000000000        1.0000000000000000        1.0000000000000000        1.0000000000000000        1.0000000000000000        1.0000000000000000        1.0000000000000000        1.0000000000000000        1.0000000000000000        1.0000000000000000     
   3.1407798668131965        2.1739870969058770        2.1516904835971142        2.3023602811451038        1.8062100833040795        1.9234089250042592        1.7952119390984735        3.2896304515021937        1.5344906221324481        2.4601702688111877     
   9.4225008378848596       -9.3496152018361443        5.8070439592136456        7.1539643307594210        5.4089116974250162        5.4359791327033449        3.8593720642342673        4.6786024722184534        5.4342752580658127        6.2596604333657595     
   4.4704869219816841       0.56312991811078916        5.3722677860894956        5.6182111252819720        6.6241354884760977        6.6614613005458851        6.9118922049702896        5.7601420157220806        7.4715089119116849        2.9870469962892181     
   5.6827830463137117        3.2415768765311332        6.2913093383090350        5.0619510558673646        2.8376595848833164        2.9213258532237014        5.6379549221351413        7.7900553710854359        6.6913628897042905        6.1040656713936485     
   4.8336422444711014        4.7902480299641699        7.0830045733316451        7.6536429841754217        7.0997366107483435        4.8607567662067810        7.5520875930134430        3.4557244770986966        6.5990414006706457        7.8080339952730933     
   5.0441766403254951        5.7818880997790387        4.9792445580695688        5.9102971769313086        7.5466593061301612        5.3672732409531569        6.8512710611007765        4.7644882724298165        4.8968792243265602        7.4772590196985087     
   6.4925857019432058        5.4266160510867483        4.3241774114522187        5.1862849602537864        5.8956952250182804        5.4797753338003696        4.8114208757987154        4.3358241563436311        5.3230785606925615        6.9795278904503224     
   8.0256569234554131        6.2650626039288211        7.4308137865559614        6.6016568045382646        4.2005832026713898        5.5283357043103276        6.9687329030971945        7.9220210781543798        4.8780353886766887        6.0377779338066793     
   6.9115946914389177        9.3385432276547533        6.1699022652053266        6.4175223711995280        7.4414186463479570        8.9644160253909853        6.6335126622873251        6.4814633903872334        7.9790151749145517        5.0080212065863359     
   12.667208959173577     
           1           1           1           1           1           1           1           1           1           1
   25.667619831697195        9.4784471540331889        7.6528250447036858E-002   6.6317772676050035       0.48005551795500345        1.0728174587202523E-003
  0.35557532490308319       0.30794545471694501        5.7017494391307419E-002  0.27873599457831250        5.6983885667750825E-002   1.1496989997699247E-004
   6.7147680464582082E-003   5.4164006952548007     
