   0.0000000000000000        0.0000000000000000        0.0000000000000000        0.0000000000000000        0.0000000000000000        0.0000000000000000        0.0000000000000000        0.0000000000000000        0.0000000000000000        0.0000000000000000        0.0000000000000000        0.0000000000000000        0.0000000000000000     
   4.4662940194029346E-002  0.14622018249373381        1.0588467219222490E-002   4.4243214409199344E-002   3.6609019492006525E-002   3.8021372009338604E-002   3.0114263054090724E-002   3.1799242637760954E-002  0.25997230421127387       0.13583045184544712       0.15740842802920613        3.0236749163702489E-002   2.6464064639021539E-002
   1.3195812287668875        1.3040596810629312        1.3504218332650058       0.94440293895920702        1.1650819370917460        1.1486268789166401       0.86740560232441177        1.0185525934723818       0.80475048070450517        1.0429847462084594        1.0347432376939156        1.4833637791111678       0.88434759815428587     
   6.4070437134046462E-002  0.20915630528850421        2.2007313359114860E-002   9.0010636188303197E-002   6.7972191330169129E-002   7.0294613409242993E-002   6.0761876702709175E-002   6.1477470425829302E-002  0.48021364913237263       0.16814387313974652       0.24029607592923621        6.0472601367416619E-002   5.2970245300134514E-002
   1.3095842639498183        1.0362829368414663       0.98946525166136978        1.0042987568641033       0.76911505320215812       0.90164098754656985       0.97880333564676891       0.92641184459086112        1.2917996885438821       0.91520071241192535        1.1897119629886950        1.1129579861613361       0.94565115528806976     
   7.8048223626406343E-002  0.25573593308354309        3.8782486914011614E-002  0.13484101541681051       0.10326215141958819       0.10144835309556287        9.3706824540907244E-002   9.1102360279295413E-002  0.52940521474758573       0.18768115661775708       0.27132423515537546        8.8411726787478093E-002   8.1995778594614516E-002
   1.0983453093736695        1.0658930797421018       0.95266156980137995        1.3488943028097526        1.1741486308262283        1.0501473348000567        1.0000453300157290       0.94531379050993847       0.96593925946044845       0.89238658962943562        1.1025950199333563        1.2420226646023189       0.96731449944150227     
   9.4570879227201310E-002  0.30069463439311372        5.8741776153630007E-002  0.17866624485109897       0.13704566655881537       0.13532121655115126       0.12425602218993799       0.12432253955201200       0.57745956018519462       0.21096875804221199       0.30305129689238675       0.11203318090345668       0.11122262000132878     
   1.0522236608580220       0.92992462525155328       0.89420397767972659       0.99825840157471213        1.0573020334656198       0.99883732008438919        1.1693247855872508       0.95932972724429422        1.2086218232688024        1.0914383995234269        1.2996155168933403        1.0816309663029442       0.90470923084913890     
  0.12227401669193663       0.34611483460139081        8.2676686152819229E-002  0.21674206543516963       0.16856426834907742       0.16641756380173583       0.15515337245557706       0.15323962569612862       0.61175952688786195       0.23353898499798800       0.33259654598003185       0.13945434161704623       0.13897945778086912     
  0.98784898506767937       0.89257282893997936        1.0151579212311341       0.89090808886657313        1.0178320988626952        1.0595534782648042        1.0075761123604479       0.91501491556945636        1.0017353072929402       0.91634507668463183       0.92932401284502519        1.0296863299091690       0.92589471841936533     
  0.20598288946621107       0.39016828823091676       0.11113388146219809       0.25106811159003595       0.19926029414206792       0.20006786001247615       0.18695892702082828       0.18130065694118039       0.63924708826764465       0.25177837125739705       0.35869845193093935       0.16794392208864639       0.16877980766552583     
  0.95362927051601887        1.1449279319040433       0.94477201278999601       0.87449479145658859       0.94555218860392232       0.96078349168722810        1.0336960324444437        1.0013901373868208        1.1348646228546042        1.0353990020584058       0.86974163090916135        1.1496318848936491        1.0722651839000217     
  0.29802822183068911       0.43385257839252911       0.14740573349449460       0.28327056203156648       0.23038125227860182       0.23361245864834113       0.21785078917503459       0.20942839539341918       0.66280717183999083       0.27297930591309244       0.38984309646941151       0.19860374982057519       0.19932135276894383     
   1.1158632636595165       0.97963265763866014       0.94325123870444583        1.0536072221314774        1.0309024333801060       0.94879175708968677        1.0662112762856264       0.94768056926926469       0.99973820118493439       0.90960678072633805        1.1332080133402376       0.99508564079652961       0.95454820268312901     
  0.37474040883335535       0.47422769402577469       0.18627780567375832       0.31364732232755743       0.26280795679285435       0.26868158849832607       0.24976776979524984       0.23892131204323150       0.68848209356334655       0.29036620219007464       0.41630483613048658       0.23210510748717886       0.23114873855709456     
   1.0896459556539657       0.99344655646167279       0.94807252855257684        1.0634044281676867        1.0589281189136308       0.86566172972574140       0.90559679258139347       0.95459907942751443       0.98912457882991378       0.95579358525305891        1.0933587321617582       0.95326650770377797       0.98812598776778382     
  0.43138231091401985       0.51427272352035092       0.22473658629928953       0.34144643508104294       0.29404116518914342       0.30822902774497768       0.27897714654778494       0.26886626881291864       0.70983910912480719       0.30674221027154042       0.44497972809047476       0.26671591654211613       0.26526728806748928     
  0.99918539777989279        1.0154050368268543       0.95948820476382679       0.93210687851510765       0.91763296149621498       0.86912017197022684       0.89838952611602541       0.95274740837520155       0.96657132469872464       0.92345054890681622        1.0265083463687785       0.94928589058513790       0.96459395910589496     
  0.48440778573575510       0.55111664577124453       0.27244960455839234       0.36715259847616766       0.32399969007006024       0.35445047368983523       0.30969698962730202       0.29942574058583510       0.72867539414358196       0.32323952671630884       0.47022952481849817       0.30054565818232215       0.29945108352886951     
   1.0795396895293463       0.96872764963161861        1.0101097675594044       0.92552793100584996        1.0353756696884997       0.92396987930119812       0.85492601647998523        1.0473487415583502       0.98385170154170520        1.2293452019235618       0.83495127605139186        1.1098816091499604       0.97519430995829981     
  0.53406871954233370       0.58757695364258389       0.32105384209879156       0.39203298942218645       0.35603639939832804       0.39351270207646238       0.34355418998772591       0.33421356038264177       0.74773949951972640       0.33974609465855804       0.49498546791137704       0.33443088228439405       0.33399608515386114     
  0.91114720295519058       0.88432520235130740       0.83643701026333128       0.96017562548118951       0.96075381590435360       0.93305938725294169        1.1666613716091154       0.98832333909619396        1.1095001640838318        1.0130851849488081        1.1197360558738967        1.0410938057813097        1.0079326746789070     
  0.57707060891667561       0.61587813279127002       0.38867082488686355       0.41845688894735061       0.38568775767226454       0.43382904827537311       0.37919678440408933       0.36156193179949214       0.76481559862088022       0.35668010630713182       0.52030884111832476       0.36594639516318395       0.37003411246947521     
  0.97383158776802359       0.97574051353138336        1.1533057344047009       0.99219819035048806        1.0280229300535300        1.0729562385463625        1.0560518354065045       0.85391675133077094       0.92475092812820203       0.85835455001992855       0.97755169832989497       0.89238264756046048        1.0399825488231256     
  0.61918978355079346       0.64535224975802707       0.44638403100976248       0.44690342923859622       0.41361188670969978       0.46945089553972841       0.41062905780027281       0.38915173369659095       0.77961028410884969       0.37400702227931965       0.55144258494966947       0.39730870655119277       0.40462645415199489     
   1.1078786964852287       0.86590231596568390       0.94767327948778324       0.97911241846981967       0.80049160757552540       0.89373532993164173        1.0173234586858044       0.91912501603182872       0.81070083483799771        1.0192180003056615       0.91040249827874331       0.78576621225459375        1.0591916415781042     
  0.65145278483910829       0.67391276366462649       0.50373931609602463       0.47496862159751796       0.44180678157228781       0.50658089740474099       0.44404795801060870       0.42259560392079681       0.79554609558530121       0.39263677586917778       0.57557572501599930       0.42947417694543605       0.43467976308195855     
  0.94638912108855988       0.91559977577442875       0.99071613734951169       0.82690809547798760       0.98013486238192860       0.91387768734814734       0.94210669982930850        1.0098947140107801       0.99869280929562487       0.90973000811607863       0.93314450222575529       0.92023820024464187       0.99369757565471517     
  0.68006473952490332       0.70312808807752836       0.56005148334933574       0.50174962929292033       0.47612024787820939       0.54123840886994690       0.47849669715955190       0.45408253673035803       0.81153433713712686       0.40841016479302483       0.59988644957335713       0.45858296918113034       0.45913506438494806     
  0.89792529635915486        1.0233306505925661       0.83889090938669730        1.0627081523675737        1.0859755156231754       0.99508011773537586        1.1931285976848904       0.97892955297136064       0.82937663136092499       0.91282398401923615       0.93296604371210512       0.97701334383514704       0.94287689232666194     
  0.70886833663120996       0.73126057400821376       0.61374214428066709       0.52724414811129072       0.50693884314716231       0.57420000099754576       0.51277865638157383       0.48691976151800748       0.82469485461733760       0.42649865189712038       0.62794067397937559       0.48741017423548960       0.49122881420129971     
   1.0317256108650450        1.0542508790619365       0.86971422275568833        1.0128580853490343        1.1605335729908020       0.85139649743110202        1.0819898956378209        1.0231400414133147       0.82176414062331926       0.87678928737094264        1.1167704182676772       0.92609217457959891        1.1493714964596264     
  0.73449889256225831       0.76112608442031016       0.66421445254785672       0.55205504731543587       0.54078988503646741       0.60885468638725071       0.54741322600454212       0.52019541507259559       0.83828001666779495       0.44370153945947255       0.65466013685343249       0.51607567829607637       0.52119968952630680     
   1.0123444954997973        1.0338179059018915       0.85576114016123017       0.92349223566514038       0.97865069966101481        1.0092711636581773       0.81590902271407595        1.0753561000658232       0.85762045967110090       0.95076962341360549       0.94591122509580661       0.88561059360485972       0.91763448913956236     
  0.75982546855305044       0.79190818229971205       0.71235429392236305       0.57669636530417578       0.57323710602149291       0.64215733472677161       0.57622326071476715       0.54628973069101094       0.84879508847346496       0.46138819457494407       0.67962867504816682       0.54538682448388720       0.55087742767604053     
  0.86445349736753641        1.0155313578405731        1.0634152583374283        1.0900967528947632       0.82460330771591528       0.98505689193649970       0.93994307287391166       0.95888274126276440       0.80173581749436551        1.1465639787810398       0.94576002108987123        1.1822121215093331        1.2673392584840777     
  0.78443806101664004       0.81405929998513449       0.75774437782658077       0.60424098946407845       0.60478508710476364       0.67601352928933667       0.60876840627837181       0.58136915242226106       0.85965911316688082       0.47985495337701889       0.70460347702041326       0.57403497727718256       0.57938446265837706     
  0.88046043034599886       0.90164098754656985        1.0666831395882079       0.85215919674250140        1.1306875318597791        1.0833178805749508        1.1096359108364877        1.0046521943201336        1.0619274441459565        1.0992974694510207        1.0733006781095500       0.98571899045960709        1.0152604402931260     
  0.80658151094275898       0.83631246160231643       0.79425133510959989       0.63276344087756575       0.63626849755506143       0.70860855171763104       0.63713743846163229       0.61457801014120994       0.87071323000507816       0.49771445568906253       0.73078684805837857       0.59934281664959321       0.61186243081903169     
  0.89517682982839686       0.97551406286555775       0.96453273499039882        1.0150982249498111       0.81451498076195705        1.0481398947337688       0.97304031459755602       0.95688719282291590       0.81593290542752284        1.0557262140194288        1.0249347767829813       0.80726116608643750       0.93964596515759968     
  0.82739442497521820       0.85680420920289824       0.82999056163681828       0.65724798679329355       0.66672334591433269       0.73815420057107817       0.66524733018951709       0.64572758052345747       0.88180222094635485       0.51514674664122428       0.75615773180488999       0.62472279879020676       0.64600496061227519     
  0.83002206346634044       0.91183654073495224       0.98995445522566561       0.98255257087709069       0.97811887639701789        1.1567448640211793       0.92162553988597773        1.2434586594995487       0.82363385776595144        1.0180016998463131       0.95113968293234485       0.79047726643561556        1.0258112273357143     
  0.84982600561842803       0.87568560539265983       0.86482298867130325       0.68456792233047148       0.69607124040733181       0.76439588125095814       0.69206412385616034       0.67874499772344865       0.89302609934686861       0.53483988652627823       0.77903700094388617       0.65247775254515650       0.68208872602688364     
   1.0352320753846278        1.0032141794918166       0.95272436581183140        1.0449988754175479       0.91120487351892143       0.94581859410394609       0.93459552188769335        1.1089766214277192       0.94563064282191700       0.96506054832838772       0.82671959363562098       0.93414001392107171       0.88720742660659524     
  0.86706548974867603       0.89466602997383560       0.89039297391331429       0.71200620824911787       0.72727261276210886       0.78959539521706468       0.72233714790538894       0.70689283893933741       0.90409312705777667       0.55298616472542350       0.80516860811071445       0.67841782552112329       0.71617720508377380     
  0.83709403509578006       0.89826716736682710       0.87497239311464003       0.91312326378987096        1.0528142949946859       0.95879835578854744        1.0352012521921006        1.1223026629359090        1.0132539479635851       0.97333252380360158       0.97936028908900030        1.0310255073868286       0.93747504116863878     
  0.88720440773450393       0.91110546999347264       0.91758459716713192       0.73792507797925988       0.75901047917626352       0.81471192711308371       0.74966098304161954       0.73552201725723032       0.91428494408002536       0.57122048901918854       0.82891141298567528       0.70703266841053880       0.75110923714132127     
  0.87637981708486257        1.0981399954924496       0.96028043156444987       0.89165124622689140       0.96119444025312839       0.94688162965711253       0.96611718953871206       0.81303212381797829        1.1295089889566512        1.0045435716314066       0.97697990383047528       0.93582990394774357       0.91531853923621975     
  0.90647510551106225       0.92596030110554439       0.93724474047382822       0.76443046237738033       0.78718028173759758       0.83607377519292470       0.77919659286078857       0.76874782273463282       0.92396089671584758       0.59208843166425495       0.85325994672728078       0.74793681518339117       0.78252549472292099     
  0.88922481349934901       0.97307052271327354        1.0385481029410122       0.85616747156682149        1.1744465956472456        1.0343030597805334       0.88833268589658632        1.0617154225084204        1.0718331039205944        1.0203707615526738        1.0214150180752952        1.1133246102236780        1.0011743536851772     
  0.92361270091975844       0.93981632348696920       0.95253522851012185       0.79137576936293952       0.81729672006635290       0.86103078835954705       0.80788834496637829       0.80218564708197870       0.93448730575091410       0.61036488205069361       0.87486823846764661       0.78450768201828991       0.81386360450524853     
   1.1079762249652116        1.1584318658855886        1.1306237938183177       0.89240265313745770        1.0419278367678864       0.88827473181928984       0.90996855120094011       0.91624670894406257        1.0406032415406796       0.98014204421101103       0.91651292283400132       0.91623222088315748       0.95500446983797060     
  0.93942145044633785       0.95311257147580175       0.96524182839480976       0.82067748894314385       0.84883559607645998       0.88604832572583070       0.83893533446610158       0.83507192016234388       0.94364882472538181       0.63701319080813168       0.89681433042081116       0.82208072388240683       0.84532560288084768     
  0.88804832367203423       0.99080545132286679       0.97936122836231454       0.99156489732098319       0.89125944326718765       0.98376672808139543        1.0869802276728326       0.77950113059852921        1.0253427436635882        1.1285989564825167       0.99226277030138876        1.0070517771843455       0.92967968035712878     
  0.95459359176909331       0.96599950321042483       0.97574907992869053       0.85419296545224510       0.87957250653875274       0.90966394922219418       0.87249915991435611       0.86489146225237712       0.95381608277047525       0.66193387042132557       0.91865567409836291       0.85588469006550461       0.87689642519630284     
   1.0453532708916766        1.0726152783580765       0.95121681295780980        1.0416912744601385       0.94759256825983140       0.97597549001319672        1.1931992764676556        1.0095136877710364        1.0180923116898173       0.98422412047990349        1.0024995189678125       0.88786540872211783       0.91056628894954095     
  0.96674705696538621       0.97638624289794340       0.98479095217159185       0.88846230265066062       0.91147579190838190       0.93292116089221455       0.90452058435248506       0.89625483038403331       0.96360856133844730       0.68091529313692856       0.94165396640652999       0.89358973020126919       0.91022765985154919     
  0.83288820360710925       0.87281161159661003        1.1781091000586026        1.1983578214745148        1.0432891644616795        1.1135215232581628       0.90408710460213426        1.0477940724617454        1.0958696714682972       0.85850789153447049       0.98402150736541760       0.87649360039926738       0.91710215475489520     
  0.97860071807691851       0.98519878880264899       0.99102262440924127       0.92292278118171789       0.94084468331589777       0.95464888796378766       0.93775559430110611       0.93332847321203583       0.97257860159335763       0.71549025024727786       0.96274434987324908       0.93056239918912742       0.94137891822902098     
   1.0289063469735267       0.79041214997461251       0.91497571771367081        1.1432694192850463       0.89729672772563662        1.1526729615861513       0.91481771904825693        1.2258413636361902       0.96989485523370700       0.98392019683866538       0.80864081422275202       0.99788921870582092        1.0519560393162373     
  0.98923562156634015       0.99312949965720210       0.99582152781977140       0.95997627202593550       0.97069300813149373       0.97577721155718111       0.97024004911005657       0.96650127484359016       0.98358201578965654       0.80811892313449640       0.98265598831265200       0.96431381898553226       0.97053475549780144     
  0.86075702332091575       0.95120068329926899       0.95112980158658500       0.99071989487052270        1.0171972975847519       0.97136115303787829       0.90187480983379553        1.0288009198635431        1.2796859058990526        1.2913490951718483       0.77824557143670914       0.90860808748077615        1.1007785675480477     
   1.0000000000000000        1.0000000000000000        1.0000000000000000        1.0000000000000000        1.0000000000000000        1.0000000000000000        1.0000000000000000        1.0000000000000000        1.0000000000000000        1.0000000000000000        1.0000000000000000        1.0000000000000000        1.0000000000000000     
   1.0640648370760311        1.0478074411673082        1.2758705228912690        1.0660754191926312       0.92788969495552232        1.0653117143977597        1.0179176408457988       0.94736744123737870        1.0745061341513618       0.80231909346802122        1.0597603349308942       0.96738287143548529        1.1563670199236180     
   2.6851717678842917        13.191347046702049        1.6729983678109441        11.777083112553278        10.789047207664348        5.9921415062410954        8.9825592174373252        4.1505530936535369        8.6308017509323527        4.7217860817877213        16.668741110370743        12.864060886425817        2.9137306563482710     
   13.346061186157099       -3.2565370506561675        9.6870849150246805        15.160475530121925        11.100753694353969       -10.550886591114761        9.9203527217596292        8.9264900377559719        5.8968694027172797        4.2784934550870757        8.9400844224984777        7.2550458373861861        8.0037539624846374     
   13.729149324290319        11.571080916637648        9.0282283594209591        14.542130738858786        10.561302038250490        8.0134596337174919        8.7449914555597239        4.1490376303301000        9.7313705432381958        6.5002538477379410        10.684427868011726        16.082086818637233        6.3316641083177947     
   14.215225102924958        14.730280901312808       -3.5528874539825632        11.451361388169405       0.55011921316880796        10.079345053002667        8.4348884091674385        9.6076829223852265        8.6187961269703006        6.2870275091132779        7.6496329158815470        7.7355822091198778        5.9966207935723101     
   11.922943646505963        10.595237117620902        2.3324209716025992        6.1777082960830745        6.7979763268724609        6.7782575265881553       -4.6293888651303545        3.0591033266786196        6.9020331295470472        7.8568631891146703      -0.48045967994954808        8.2017042233788473        2.6363267683723346     
   5.8271314495395465        9.7557919988556883        5.7012777248731572        3.1243956817248701        10.501468531052288        11.996684965115831        8.4482982133080462       -8.3125182307674308        4.9471346187510523        10.403058469377214        8.0687848911041584        12.357665797244987        2.8297081679953080     
   9.6766670265364514        4.7368082413339696        2.2569842411746599       -2.1524957010943826        2.4173383024990693        7.1020723555547649        8.8347604923543912        1.2659862812527616        9.8004841944050494        3.0161560133590468        2.5022923849937184      -0.23834569662738941        7.5615135314454145     
   1.0219586519625656        4.3155948312660373        15.610366086758258       -3.8855627771846746        1.7993898982789147        9.5552626628026722        3.2080220747974848        6.0341255262531952        7.1810136872509212        19.374546992972842        10.119025140969732        6.5112387736729698        6.5993608232451137     
   1.6559442112353381E-002
           1           1           1           1           1           1           1           1           1           1           1           1           1
   1.5778411112697680E-002   8.3870602106393410E-003   3.6207345634338445E-005   6.2683225791001806        3.9155705234127645E-004   3.7440690344197202E-007
   2.7130304117702633E-004   2.4987247093155530E-004   6.1116775801396881E-005  0.78141730103114548        6.1102653556138718E-005   6.2764510632267958E-008
   5.0000000000000001E-003   4.6809234130689683     
