   0.0000000000000000        0.0000000000000000        0.0000000000000000        0.0000000000000000        0.0000000000000000        0.0000000000000000        0.0000000000000000        0.0000000000000000        0.0000000000000000        0.0000000000000000        0.0000000000000000        0.0000000000000000        0.0000000000000000     
   3.0499600812155303E-002  0.25028430105453803       0.48788135795870258        2.0942858532896777E-002   3.6937343167930084E-002   4.7842071260785476E-002   2.6750666020970485E-002   3.2799712830351317E-002  0.54786139861777738       0.17515618811352601        8.1652584295731828E-002   2.6343665695918381E-002   2.7771404780082529E-002
   1.6414906903873265        1.6221097982736614        1.5512798365723457        1.4763843250125255        1.6082969019516324        1.8209591734964850        1.5158246396020849        1.4630258169862196        1.9771031729442923        1.3058760244354719        1.4922603465954709        1.6984755604317452        1.6109381382357608     
   6.0940832538197792E-002  0.33594042118240486       0.75209012642761475        4.5580088210897443E-002   6.8624876824470243E-002   9.7226982330138878E-002   5.2465433178907561E-002   6.3886186119769581E-002  0.68743050335626232       0.23820453248313320       0.14576910554182654        5.4774597169005602E-002   6.0262342249427857E-002
   1.6464834441005565        2.0384462390931404        1.5643795276906616        1.4497614301759711        1.7318132584739858        1.5112558447563107        1.5073736121916115        1.8071555724365793        1.8237335968874635        1.6137090777538845        1.8769376558359441        1.9188437781671970        1.8327590571854226     
   8.9492680848849065E-002  0.37142406191140692       0.84456315291969564        6.6571623324965301E-002  0.10123802508150592       0.15368288204599706        8.3032862666244170E-002   9.4543036275832701E-002  0.72674256707318630       0.27183205992539999       0.18850148963107560        8.0449922110781627E-002   8.8570368493662927E-002
   1.4623354245274836        1.5884215713266285        1.4572703369366113        1.7082792050935700        1.5037503212358354        1.4982743956795352        1.7091894625027761        1.3751635637159325        1.6005607263965693        1.4680003795423289        1.6125552764297448        1.5288648922375432        1.3999368183803451     
  0.12125703494643712       0.40763883742032708       0.90185388729582994        9.0228206198325764E-002  0.13315002506831949       0.22041753403225611       0.11666975654276841       0.12583034748055588       0.77579165305973141       0.30211353956596537       0.22235917245401232       0.10870187091807748       0.12619528315194503     
   1.8091330425220320        1.6971001943079680        1.7195741024781097        1.7636006958877022        1.6158588777357670        1.4533200075975437        1.5943776454441869        1.5268989249869456        1.6959509412626792        1.4323901976919629        1.6517851145818117        1.6266884098745955        1.6782633745737496     
  0.15149369747476241       0.43905601514865134       0.93098379992151947       0.11502073024594238       0.16549479018010088       0.28644427210728168       0.14871521200547855       0.15868310213308640       0.80419855472905855       0.32735633670429976       0.25218506106857302       0.13629985605507966       0.15206163897269814     
   1.5267236341091528        1.7346185190755374        1.5926781953592648        1.3887072621541168        1.7462909009333334        1.8588956127227072        1.6807301462352950        1.8859012569902680        1.3566612902347466        1.3330687614481893        1.6096230259131885        1.4973690862076963        1.2999113397707829     
  0.18173767882836322       0.47140710883095877       0.95226411424320989       0.14123036174594700       0.19621547011832538       0.35120138338742590       0.18181676235944821       0.19143139437470480       0.83046753297184939       0.35287262540689129       0.28149059743726795       0.16964381197395723       0.18322635228570400     
   1.4217599067125641        1.8160278176542330        1.6006952851315883        1.8548738409922692        1.6845693488687181        1.6103044384546088        1.5735880619430054        1.6538646913147241        1.5240221858421896        1.3260466272279190        1.5924442931630791        1.9207422761700330        1.5473921326696063     
  0.21456178056949951       0.49665924439646697       0.96289666039835997       0.16909077232026762       0.22831119110141970       0.41141884982344873       0.21432876293715070       0.22388546038031204       0.85223122450513067       0.38067137539933282       0.30889974639844447       0.20266167553193412       0.21437347159198905     
   1.7615478227482058        1.4463674602556904        1.3784414930567241        1.6093605898367205        1.4319379404482138        1.5423231977405216        1.5784188783520663        1.6910316325800416        1.5601558494074754        1.6683402773901490        1.7331882337314954        1.6037801672746479        1.4715657289153776     
  0.24651395554940775       0.52173990250486701       0.97184812338767401       0.19762942152729523       0.25833983689506423       0.46762956041822534       0.24648930306563543       0.25505577679204333       0.87050924929138085       0.40768500292533483       0.33594338082079378       0.23212976612938638       0.24625322469328856     
   1.4358163824306791        1.7217718133120750        1.5382304445129036        1.6216033398047451        1.5639560088931097        1.4950054604416767        1.3903841695163666        1.6646291128104485        1.4544436140851424        1.5821106834956116        1.5374173683279428        1.6700742792388277        1.4761960446368529     
  0.27777976340909166       0.54796078903017098       0.97732598938635051       0.22612074914677363       0.29043515359199112       0.51833146486883019       0.27922120415662482       0.28587607324911968       0.88621613334654492       0.43441175445490804       0.36541993154669206       0.26368469038588405       0.27943360628122116     
   1.6151421480332795        1.5310824865524433        1.4242099722320121        1.6691906783064647        1.7722484856368281        1.5585716791893951        1.6695833871379895        1.5505172196985277        1.4379993752665308        1.3935740287170100        1.8637715746272543        1.6004419361924305        1.6057944821436498     
  0.30707073501326954       0.57331583683725595       0.98128502631877645       0.25545911075261052       0.32311755209978227       0.56445509107144154       0.31208864082048604       0.31684153393280146       0.89948470273284242       0.45942558986083110       0.39443014796206255       0.29580504277866954       0.31324033851633165     
   1.4909850566807492        1.6871921736778464        1.3712571927503405        1.7503514594909153        1.7222334822065402        1.5205244728850986        1.9953925210196866        1.5260595973840232        1.6758942827439633        1.5792223396274347        1.5292236297628308        1.4144899639046524        1.6723690011088621     
  0.33996501573179039       0.59725171548087685       0.98502070890047910       0.28594922769538611       0.35386689474754679       0.60835229086473885       0.34491740001418941       0.35008070588862067       0.91089513020978885       0.48304155498144835       0.42189384421175946       0.33236650041197158       0.34676655225353309     
   1.5243588032800364        1.7544617437676018        1.4824371871093611        1.6510375421134655        1.7095748336721885        1.4466093080865392        1.6530813996536613        1.8949881653928267        1.4905951769823296        1.4501696916301887        1.7154612975548233        1.5948984387351011        1.5104267861170546     
  0.37234856340735850       0.62088709148391918       0.98828909054504777       0.31924049954848865       0.38546619978569657       0.64955061754175403       0.37503782866678081       0.38354421688516627       0.92071737723767433       0.50509325495915625       0.44871759174109094       0.37100130410485122       0.37993424691714250     
   1.7233041147557775        1.5775723789782932        1.5860518547578806        1.7844243809206219        1.5894694955078266        1.3049041684527771        1.8874077872211183        1.7488556971108595        1.5538750787231213        1.6609938447406687        1.7486468079785458        1.6804519224617660        1.6506824519623073     
  0.40205702699920454       0.64253008844276560       0.99065223904804889       0.35025997797011488       0.41648373392453863       0.68943503532647243       0.40354252769784965       0.41693498922279915       0.92989034709324869       0.52667468522858785       0.47829676518346914       0.41000499460661216       0.41213033204674154     
   1.6014893537904940        1.6130006525558487        1.6384918091881744        1.4530682936909927        1.7154935286384054        1.4856081723275403        1.6818068195720632        1.7646509762449012        1.3296353448607627        1.4420671052741851        1.6109978973209806        1.9721625408043149        1.7192864396973171     
  0.43208032567244542       0.66430122317646068       0.99256712827655358       0.38636187799990945       0.44725559288896499       0.72796620909555221       0.43156942463345638       0.44846546515327368       0.93773621167752952       0.54832752740842472       0.50792790957394385       0.44796464233197036       0.43911746864961210     
   1.5361896128698476        1.4569859385516761        1.4894885608919330        1.3834712411399088        1.3612234959553067        1.5096503782089987        1.4621143738583768        1.4662696045605710        1.3127195965395984        1.6316525585233843        1.5191339500980825        1.4508930645571927        1.6700262198996660     
  0.46227115025882909       0.68503831140104521       0.99404450736576944       0.42161126017577111       0.48019699969617824       0.76147199310222558       0.46131621686190699       0.48010199718856644       0.94483262264524970       0.56927726026938552       0.53800490059589645       0.48593899751825581       0.46529434470615150     
   1.5498338288784603        1.6687592011134171        1.4559305909285720        1.5781991511898228        1.7066743999043601        1.6037135360504176        1.5973132218238495        1.5710108285666924        1.4078976424145024        1.6464693078855817        1.3281386050512130        1.2700199058791330        1.5864046153908677     
  0.49247417886276112       0.70544659020168388       0.99522673897197922       0.45500647340326494       0.51283044912012410       0.79175362373283531       0.49121583985744938       0.51185941452835704       0.95157314877645671       0.58934962307856276       0.56811227939959374       0.52410046792984688       0.49100435087335120     
   1.4251380993170615        1.5197193948976493        1.4089946736825190        1.5898894136150292        1.5710617819627328        1.8759513817910900        1.4587336750998530        1.4935696105644636        1.5284399247889089        1.7201406881804817        1.5994449366086283        1.5212511709911980        1.5364655999367509     
  0.51998307840212010       0.72497957999745066       0.99617104943898094       0.49139889665644099       0.54501667606287485       0.81884573224499491       0.52115322673472542       0.53944729570489136       0.95753240038237653       0.60965574191334848       0.59621635936559136       0.55889472335506096       0.51577341920979070     
   1.4813692721805440        1.6310802923918271        1.3743964125455630        2.0371825719368868        1.5474395037983857        1.2597767138598432        1.5555406915641241        1.6295867167047990        1.5615646287127951        1.5879382568442113        1.6548007013358099        1.5288826801582533        1.4496864021462914     
  0.54644840912834736       0.74570162921170080       0.99694681560638299       0.52785433536881465       0.57676488056247255       0.84308690586633195       0.55310032199634107       0.56803248389042726       0.96301277919628192       0.62911723346018300       0.62431521323806705       0.59159924114447970       0.54141581782347870     
   1.4276238166949800        1.5409545926432375        1.5966809037844290        1.5946005765383946        1.8293559804589559        1.5770265606558449        1.9567119379536742        1.4853189049908961        1.7941253961242873        1.8297929674663749        1.5852869179815829        1.5755935992735621        1.7201850391057270     
  0.57307718923417061       0.76564267156127974       0.99755314418461483       0.56685839929792348       0.60724898315342468       0.86575329631981490       0.58465600577364785       0.59606703420588925       0.96818147685135902       0.64807344752459939       0.65199398493944205       0.62414635604536517       0.56961219332815261     
   1.6648687053336537        1.5787728354907975        1.3794699999519686        1.5452188213175178        1.5911074266888319        1.4452820746402406        1.3330109887618280        1.4355867730598455        1.7371703682480537        1.7698822708555995        1.4925376728286965        1.5025686190127674        1.6840407498290864     
  0.60490600440686015       0.78404029227493144       0.99803660215253287       0.60562698131263693       0.63839873633320721       0.88660556213428443       0.61607966195263197       0.62403159269796848       0.97267166737607891       0.66525022140292001       0.68030919153151803       0.65442670566703620       0.59822558950026694     
   1.7080326203245828        1.3958593242901667        1.3623260752302953        1.9169859470949047        1.6585777862174038        1.4863911486760721        1.6803411089432085        1.3739117220852106        1.5542610037170081        1.5364508220273909        1.6705684543591655        1.4401026099044973        1.3647142491886592     
  0.63911662369865618       0.80189820572055837       0.99843924772981840       0.64334809631469181       0.66888055251775524       0.90395773046243444       0.64788172168678093       0.65539865517924345       0.97667696454916786       0.68218849404549986       0.70737359759366991       0.68515625144535364       0.63094244202952920     
   1.6474740669145118        1.5647967595894166        1.6229976995595086        1.5287115745663169        1.4789553818741190        1.7641054563507876        1.5982748464526193        1.7411873832628080        1.5907569400593031        1.5831231736618752        1.4404831044780957        1.5595802831493588        1.5605717037653599     
  0.67117098906256933       0.81980228418336953       0.99876687982635792       0.68205649378919242       0.70055027226986144       0.91821865826637161       0.68033329288464472       0.68835974265548727       0.98018009807599937       0.69868802331235202       0.73498951799428924       0.71480946076030027       0.66104534005396987     
   1.5602552036066115        1.5050941351125326        1.2869170394130300        1.4099783438077067        1.6251885231223158        1.3516233397565340        1.5865716570057049        1.5306958080901294        1.8035670177261440        1.8965071375731655        1.4781378525097308        1.6541473107948428        1.4936332960545255     
  0.70499328056266264       0.83769383418336296       0.99902765299001595       0.71778274380241858       0.73278209644911907       0.93211009949243739       0.71155966604458154       0.72143469982572939       0.98333654574922780       0.71582922399412352       0.76193503582293587       0.74720845256871138       0.69317374250352204     
   1.8090276048680414        1.5036721004545732        1.6792943689948012        1.6272672157809909        1.4196502238090063        1.6663531340993982        1.4607049425082548        1.5898429818453634        1.3337957694206948        1.4719031540557139        1.3407462584478769        1.6870088296292460        1.6851685593822201     
  0.73659028730543619       0.85541609970652277       0.99923893780096185       0.75313709690032649       0.76504371213169964       0.94415051907712944       0.74429826663042653       0.75381972147836174       0.98608605824842877       0.73262010834384805       0.78921473373015927       0.77839650097911139       0.73168846617246985     
   1.6390449510752425        1.2962176950266351        1.4949048314577325        1.4112895882724654        1.2834884545095124        1.6917011228953382        1.5329097623749737        1.4263037898542386        1.6947089923716367        1.7400712464801695        1.4586576617074423        1.4903465402841289        1.8627308683992092     
  0.76793638393459629       0.87338964446777034       0.99941329991163042       0.78845112856548605       0.79456611010645295       0.95456617044491343       0.77667514861313780       0.78627467190249245       0.98837769336971837       0.75010077828155919       0.81888359966302648       0.80774293882490578       0.76805242022671283     
   1.6188160949431005        1.3609442119004749        1.8937534322174172        1.7208172967294901        1.5459873704132694        1.5230043240122610        1.7422986825269327        1.7174708996096146        1.5940066316429324        1.5589146610798432        1.7412769045241092        1.5008631544821047        1.7077222353789789     
  0.79880450722984442       0.89155058990640168       0.99955166309516896       0.82405319373122954       0.82100285147224583       0.96383297650133037       0.80911733922328644       0.81824812637215993       0.99043855609466913       0.76747042739419236       0.84758849286900073       0.83738787126158210       0.80691123195678838     
   1.5298610368280658        1.7958391024090816        1.6393781507176071        1.6328962912116525        1.5806871251417853        1.4352899668191932        1.4926679971434795        1.5737760193674137        1.6884242274329571        2.0239700316344180        1.3750699940848639        1.5384172748704656        1.6431326748342945     
  0.83120510006863690       0.90963246625940530       0.99966314711031534       0.85701338507500524       0.84751415575919320       0.97232193750989393       0.84068449834783066       0.85002369027360147       0.99233559603880406       0.78596051841762071       0.87480727602225361       0.86417888528473563       0.84289218738831018     
   1.5202235218629776        1.3754395861447100        1.6863632282190186        1.4314694629643498        1.4857306293659922        1.6644009904744612        1.4020084975765239        1.5770647371455406        1.5407700495653982        1.5544831911855732        1.5371942294652947        1.7027659148697285        1.4521427759625964     
  0.86394662253136956       0.92807751082266732       0.99975586119786475       0.88458438792338190       0.87489857088394196       0.97932686410630021       0.87142702197643529       0.88135152724025378       0.99392670718675069       0.80606763851738927       0.90017685778117451       0.89016716997134138       0.87686244726521612     
   1.5715653922591901        1.6423668291691631        2.1163465316846346        1.4368216089512542        1.7776834489171121        1.5480325485025717        1.5276334162291574        1.5672281644669586        1.7551501921263346        1.4990459129898375        1.6830716986805168        1.7087541872456411        1.5261196542970106     
  0.89943127253035093       0.94719304839844354       0.99983634017219836       0.91081005010471539       0.90638061545807469       0.98578805435597250       0.90203311407783904       0.91290530384291801       0.99560264865957504       0.82246721937857559       0.92510170912648493       0.91722155732528099       0.90996725663798950     
   1.6937265800654377        1.3987447702196989        1.9340245309319373        1.3167041615915211        1.4964017097032611        2.0980725882465170        1.4307350766468701        1.8374596424940146        1.5763262843850372        1.3472872616051701        1.5174126999236150        1.4428888843369729        1.5746059431391848     
  0.92845181862857551       0.96464793011482075       0.99990101820269928       0.93897940419877668       0.93802507843429883       0.99083170049955738       0.93467577710729499       0.94310298479636145       0.99711650852636369       0.84709764220886086       0.94994909884145651       0.94409130801589758       0.94140296016563596     
   1.5711514832380449        1.5035911182768853        2.0899663730478508        1.3673324681058598        1.4058434513324656        1.7502447598239967        1.6580656240541214        1.5219633463284883        1.5888713202394169        1.6667845993791208        1.6267619135798490        1.5183023731441214        1.5919237742634833     
  0.96364250515322725       0.98188224944689217       0.99995197508049982       0.96962276321065644       0.96787447493009215       0.99539111056233442       0.96746880793165202       0.97246769573431591       0.99848123324040905       0.89128497483197522       0.97450428548933521       0.97303155936943786       0.97109643947429558     
   1.6577924164187312        1.5842400590781145        1.9889546345412403        1.5781192818285070        1.5264700796854156        1.5270470167381478        1.5320095945466607        1.4537250648450504        1.7822852677495620        2.0534290380182156        1.5606752892114084        1.8140669123821842        1.5388120955400091     
   1.0000000000000000        1.0000000000000000        1.0000000000000000        1.0000000000000000        1.0000000000000000        1.0000000000000000        1.0000000000000000        1.0000000000000000        1.0000000000000000        1.0000000000000000        1.0000000000000000        1.0000000000000000        1.0000000000000000     
   1.5582363397085282        1.8050558506557068        1.7282178908696986        1.7089196750389315        1.6022710171230645        2.2241518041433772        1.4915236008367139        1.3834536064335732        1.6394977115553842        1.6720757766687333        1.7087785036911414        1.3307267672498497        1.7609166234680731     
   37.098754361072579       -75.171367693920686       -37.532862908454682        34.756288597129661        63.169589397956301        33.216808005422159        45.254117450342854        40.610754775018187        14.904388944408320        45.658084006676795        29.324487885402263        76.030583135948874        45.794954796171410     
   46.538547560892617        43.957860477547428       -43.952141751954819        46.126716310629483        42.146399380792502        23.742091090698793        71.825010431914151        46.777421722559247       -14.561540618213389        69.330773488260007        44.790011296042280        75.505768879037021        54.592415522626432     
   41.788743006735643        86.547424840339531       -55.161969527576531        57.060429453888887        62.484447520198962        31.819773035328272        49.647851771569293        44.798165846944578        15.137108448323890        53.180751043657295        43.695184283681037        62.027353077560896        54.386565907980540     
   62.120703232311257        91.532612153102008       -38.491803596531021        63.000728864050124        59.934326423067873        50.187514021643224        65.990285492352157        40.456727928908123        1.6915494520702241        33.505476541655923        48.783001975214226        53.401185143664172        46.987725023457010     
   42.587219085354398        67.618105040168288       -36.816846549042104        73.651743293805154        46.261674938048550        58.338643053222775        61.457646419903625        65.678517203511646       -1.6411926183470609        47.179490743752858        48.441735480069120        52.345946601853882        32.494102224590819     
   35.814483524537508        56.768481920590617       -39.682605075048215        61.334208491875017        40.168859283595303        65.834775050231002        48.051057238902544        61.525518805628742        9.9287782163982339        59.819376207002307        75.634368310299578        57.496371521149776        36.369612939650359     
   64.468061805607817        43.023314798150587       -6.7718212018481339        52.397855142008183        50.057642473425140        60.161589460376945        37.459049552687809        40.405326362135106        20.459158484106084        37.385806359497153        54.512182193518363        45.210487475341026        57.282809489951639     
   63.146412841591534        16.302175007265852        72.270903256002924        39.189201283972885        40.591230805169047        57.518181526155054        37.310800894654918        49.955393193254821        84.827439925660158        33.923107491393239        42.620244869325475        43.412933044227842        70.359798705881374     
   48.499630208655020     
           1           1           1           1           1           1           1           1           1           1           1           1           1
   6.9053657147850469        1.1182382307581642       -8.9863996719072678E-002   41.505035832938312       0.63653505191826720        5.7852965356751818E-004
  0.13035692914146918       0.13899187754655670        7.7817630588025807E-002   1.1803768152564413        7.7766318598768092E-002   5.9298054445694027E-005
   1.5632499841534458E-002   51.921624840994255     
