   0.0000000000000000        0.0000000000000000        0.0000000000000000        0.0000000000000000        0.0000000000000000        0.0000000000000000        0.0000000000000000        0.0000000000000000        0.0000000000000000        0.0000000000000000        0.0000000000000000        0.0000000000000000        0.0000000000000000     
   2.8722376241954180E-002  0.33812965146094792        6.2694374096183572E-002   3.2434428381469441E-002   3.0752693404555727E-002   3.3717690719294605E-002   9.8400564506702665E-003   2.5235589812746130E-002  0.40288096698437137       0.21027135748812711       0.12421893779214838        1.8668988027853946E-002   3.4790801896712846E-002
   1.4236604202449521        1.4771598848859633        2.2956109938170282        1.3770643798579756        1.4819051055616477        1.7556817603784940        2.1718232797769863        1.4089921773840148        1.6377600533356536        1.6148352509335862        1.7446424594726198        1.6172321392872937        1.8450278657403927     
   6.0254234509273100E-002  0.57386000481081023       0.12708108941387880        6.5464237762961730E-002   6.1721068882261955E-002   6.9010537637859165E-002   1.5374926517448512E-002   5.1562813461218576E-002  0.53921739273829661       0.25723361275888240       0.17369669044569103        3.7464192622763196E-002   6.6016091350645872E-002
   1.6316847095543914        1.2659780971430334        1.5516513368277647        1.6638051116000339        1.5823832796625661        1.6797355245816776        1.5394816388756665        1.4492744679801284        1.7929849954470594        1.7317155651197833        1.3685229204894664        1.6307347789832978        1.8417198813751130     
   9.3093096856779425E-002  0.72454380683813813       0.19439108080569761        9.9893717732541382E-002   9.8593077586945826E-002  0.10610580305789417        2.1896935160407738E-002   8.0341789968397526E-002  0.59623880248982641       0.29466692449165621       0.21585480784773442        5.6086403608567884E-002   9.6629661695657607E-002
   1.5932709494946435        1.6601502369136949        1.8497226467404404        1.4160591111678240        1.5288499007255989        2.0037851793123211        1.9075842696396574        1.4072230065965055        1.6215349843382478        1.7763758434003343        1.7576277213634761        1.6013542278338257        1.8725399474014923     
  0.12586902786637882       0.81417808079228704       0.26293430748797630       0.13274864774119549       0.13461977794209473       0.13681175614908239        2.9223805551331111E-002  0.10947467578199860       0.64752790030264307       0.31594580726652366       0.24784791658077904        7.8841667716671587E-002  0.12487948626606331     
   1.5266754842396097        1.6518612087750397        1.3413959751165418        1.3698981767238114        1.4358967615049982        1.4949169868779892        1.8167499479101072        1.7398556784098544        1.8571721751273751        1.7253177166859843        1.8169679627217723        1.8076208929585063        1.4439830693732634     
  0.15673213805152167       0.87246549799256767       0.32702059809413209       0.16255570679375578       0.17016728098631334       0.16750484125538131        3.6671003125040721E-002  0.13735930729025900       0.68788200360562324       0.33787866231279345       0.27144529065570389       0.10449130240424602       0.15630713052785589     
   1.4716134676330110        1.5270306955779664        1.5765682074801977        1.3682552964861829        1.5930229388976014        1.5703427641369252        1.7634745237327436        1.7124565441554289        1.6571775389729169        1.4632926699687121        1.4030529720309848        1.5630775999047835        1.3594070497008717     
  0.19226992400228843       0.90361919415136749       0.38666818192059044       0.19467811096584783       0.19946886836011832       0.19614153892396285        4.4033422194709161E-002  0.16345732761093226       0.71944392128517654       0.35629068836409178       0.29842228336267657       0.13135822254781415       0.19126671877323134     
   1.6189579182123972        1.7160704180126289        1.3982172734920837        1.5636438919669435        1.6531468627969934        1.5320840071023696        1.4603152816846954        1.3919308920382105        1.4446516297374639        1.4360733509605590        1.5475266383015780        1.5628114609612331        1.3318687347894076     
  0.22599518955283818       0.93005923920360944       0.44628251329997592       0.22340518558919822       0.23299319642491281       0.22533023194500701        5.2604956853878559E-002  0.18780525068139292       0.74977635816905119       0.37385062959463378       0.32562773834835912       0.15865134591900901       0.22610407953852821     
   1.6424356359764107        1.7811387197171966        1.5228517665685104        1.3853942402672170        1.6950630645369507        1.5390752063948443        1.5077040309506566        1.5778982530009253        1.8480786449735191        1.6205921114809299        1.5490519356921246        1.5523899820505289        1.7308022423894274     
  0.25906465968610581       0.94409309699470212       0.50444689490938721       0.25644513342715775       0.25697495737760440       0.25667856122155375        6.1845487035518489E-002  0.21093156645194674       0.77454559833371051       0.38993397483031123       0.35023160716497664       0.18810709053575217       0.25914449554410635     
   1.8034138540779243        1.3818403257761704        1.6420925619846249        1.4893636779513368        1.4676452966972653        1.3412760178761729        1.4499030327041693        1.4508591230442860        1.5788286907508378        1.4665690008122947        1.4554368851749182        1.3401873420067889        1.2759997614491154     
  0.29020925348945337       0.95728902384663439       0.55479334459745933       0.29379124250940380       0.27883252950932985       0.29055888469053259        7.1860125973572997E-002  0.23308903553065397       0.79455162086702502       0.40474486289249983       0.37298155957081708       0.22015908582720825       0.29235509813542260     
   1.6805735169477667        1.5392279008283216        1.7339942773725159        1.3640080683692228        1.4336946487264015        1.6419046809716391        1.1701120323658314        1.4833919288193218        1.5163327722720084        1.5067417794069182        1.6749799296596974        1.4966464145011888        1.4890906770456875     
  0.31736701452907018       0.96498001595913063       0.60665392598150891       0.33473242573070228       0.30352223360076819       0.32461569638097626        8.2611244188085423E-002  0.25683622008234180       0.81360596094495818       0.41895362084873788       0.39740885582125929       0.25389310820792199       0.32616837668792975     
   1.3704269719697566        1.2448546331993786        1.8106353357365021        1.6168101095382286        1.4084402238092597        1.4747172464503522        1.5771338312519045        1.7555064306241028        1.3709143386838480        1.5267613382847793        2.0059755415937945        1.7196594354505985        1.6287136431645342     
  0.35086892313765999       0.97262742353644882       0.65024950157360717       0.38046030630806099       0.33182550680475059       0.35708145625430676        9.4097562896064704E-002  0.28111398004909538       0.83046613257573132       0.43258630152816496       0.42209177768969947       0.28987129517703158       0.35940016282678361     
   1.6325462343692252        1.4760138934482145        1.3768983803233303        1.5965479986910518        1.5412382885179725        1.4798013608547806        1.4734089885860198        1.5752076196592326        1.4918003739625654        1.5533392397521972        1.6524599420909456        1.6177461950036984        1.2813628625758171     
  0.38437879954665233       0.97793220903026223       0.68370303283528810       0.41796981006750711       0.36021931024317477       0.38877705119748834       0.10628890904469385       0.30746935180770324       0.84662092470921035       0.44725363231732318       0.44698491907808824       0.32639886869583740       0.38747938209879434     
   1.6041261731403713        1.5489756761857456        1.2521981110675662        1.3677472621779021        1.3871104916673720        1.3406489914301012        1.4318617059672194        1.6521044397761027        1.3671119638912010        1.5985604279028633        1.4497246555751451        1.3258667467417358        1.3488736357698248     
  0.41631676578825150       0.98198914675165150       0.72003289441885998       0.45307524852528464       0.39350147135589530       0.42139316594672482       0.12165699701347103       0.33984128928352836       0.86071795413233121       0.46061348408806613       0.47245713832397951       0.36175101341745114       0.41696204973825401     
   1.4674799864783228        1.2527666643779172        1.4666306484512461        1.3739554759999160        1.4376690914757975        1.5846104784139778        1.6260314670208462        1.5766174993507605        1.5743211577286673        1.5998051458259397        1.3732576203577493        1.8256666491200111        1.2843258055841242     
  0.45577415377515895       0.98524932392724951       0.75051907577501797       0.48592407139253307       0.42456683245512772       0.45212709530202883       0.13664201639983245       0.37465093443633762       0.87478571183437448       0.47485111805088698       0.50137470006754159       0.39760803741745715       0.44586391739835690     
   1.7044992113183848        1.5710190117908389        1.4262545440890024        1.5776403884468879        1.7840023260618756        1.7427214861485218        1.4825399103948405        1.5380787010330006        1.4514689210141301        1.5064754697520693        1.3436752038347377        1.4478096393185653        1.5354402271253105     
  0.48634455396435206       0.98772601924000181       0.77675322977813321       0.52571806650025477       0.45479726763838685       0.48264896213757097       0.15309181217761167       0.41249457698711306       0.88714443871864102       0.48946446584034770       0.53259110439782775       0.43800783034902563       0.47397658024409489     
   1.7589806415987164        1.3467585968900444        1.3094534372684317        1.5253060378153882        1.6136683980410256        1.3886038194601869        1.3899267708727665        1.5131780703985513        1.4712498223278403        1.5673174990051526        1.8327526989532554        2.0193334727990351        1.9470153232225513     
  0.51830934393706019       0.98992347321713392       0.80809387017827228       0.56119067266286748       0.48764039112953805       0.50752282232052526       0.17124471331317628       0.46159799602667190       0.89748397081236320       0.50490561492452457       0.56281199022945050       0.47082131036198249       0.50107067699799734     
   1.3625665730516969        1.3542431590958226        1.6964109269478627        1.6460164300484832        1.6271124350550374        1.2989746032733331        1.3144519618189838        1.2742121159158157        1.3950023243887653        1.6209198179925417        1.3849418917415981        1.5081518405015886        1.4896067375997086     
  0.54795495526530369       0.99174249724408758       0.83557094209473048       0.59449427693876278       0.51763946891552737       0.53332726677210318       0.18979110607045532       0.53940399104664405       0.90761211624301097       0.51676645683799094       0.59140157504218993       0.50498368103125157       0.53086964398735259     
   1.4739464264061226        1.3616527996706980        1.3227104834597299        1.3569278476420055        1.3254666149144227        1.4016158974657666        1.2837693047683827        1.6694072373163562        1.4471225698403911        1.4632979553567715        1.3834496874990985        1.4339721911408867        1.6584433037185398     
  0.57565899623008043       0.99309296161735727       0.86113694324470191       0.62793155233573850       0.54988462272829730       0.56210013240506740       0.20950997380811084       0.60850761697126388       0.91639434065495262       0.52592339114762987       0.62265319183405965       0.54120212764084508       0.56432193493775340     
   1.3000791173875237        1.4255064961237940        1.8961797442487258        1.4575182987430517        1.4695514277105974        1.5221879718209224        1.3040412029961981        1.6682476802205468        1.6273576613401348        1.3449989824808330        1.3684733513332317        1.5542688320828291        1.6510816423104622     
  0.60401891054415191       0.99421097688241122       0.88076968582468884       0.65976163287529233       0.58018700854681104       0.59114011246714493       0.23212744436485219       0.65122311914735742       0.92420865399640728       0.53651585664055557       0.65381698796169141       0.57538958139781604       0.59541869301985284     
   1.4983685239127174        1.3595613682649013        1.3160231711345625        1.5888705746394263        1.2257886679299668        1.5709557221322299        1.2474481372878228        1.7715258965934886        1.2798421842295948        1.4103790100593652        1.6940511431240866        1.4480320872271322        1.5570106699926123     
  0.63485384218672614       0.99518011820666230       0.90141820757457303       0.69309264266745541       0.60866028433291863       0.61940102412800535       0.25580005386620569       0.68340358570836790       0.93075013906848503       0.54962337219597346       0.68443957940613931       0.60764554994853270       0.62394933227222804     
   1.6303891496235414        1.5031552864254099        1.6949295071869095        1.3338890211452668        1.3433590257939323        1.4022242690985645        1.3828047750454711        1.4866105517190307        1.4473729047922805        1.4353818419698319        1.5855028275900531        1.5885750059295203        1.5910645458773354     
  0.66894703332833672       0.99603783746207575       0.91608284916492666       0.72440962776941820       0.64022719041770948       0.64712246768119441       0.28546402631449835       0.70842825905587536       0.93691480893868229       0.56263416417911361       0.71157381816117282       0.64073456401791584       0.65201516380341928     
   1.5477573426269138        1.4539619801982731        1.3317449771833734        1.5263078303960402        1.6358198789210070        1.2766635576557972        1.6358943207340995        1.3666366103592784        1.3947826281797115        1.4967678041897257        1.3579916142877484        1.4179708298255391        1.8213673204451031     
  0.69877998179244627       0.99674173371657060       0.93110258312426442       0.75900462124706869       0.67405812234927742       0.67472908609129756       0.31381262360151829       0.73302980406570517       0.94329305376688166       0.57827930632845292       0.73942175052417658       0.67443377286810580       0.67116327716360202     
   1.8345449168236270        1.4163148849050582        1.6074158264234741        1.5766596568751658        1.5426725775678696        1.4582113435464805        1.3563127641870250        1.4643082663511056        1.3606645540231486        1.4055115827956306        1.5196549501088945        1.4135990109030137        1.3409954817202105     
  0.72957810162713321       0.99731075336202468       0.94568678716718158       0.78341737937240152       0.70804338027515590       0.70496864164885886       0.34768507679507504       0.75687397200625062       0.94972374667206083       0.59405379832815997       0.76509750589732928       0.70792689272686515       0.70131504404612244     
   1.3288748675444455        1.4822213951542023        1.3832025143088797        1.6059649168984953        1.5314525903551208        1.3740169180511870        1.6277083148492879        1.4781745695953135        1.4048433718179016        1.8661294925304828        1.5613434977855627        1.4883045464612568        1.3047766580261986     
  0.76151303187596364       0.99784517310457521       0.95634176071097876       0.81133578697901765       0.74130404335876054       0.73745080426801690       0.37754432847866681       0.78049421615413217       0.95569354623174974       0.60979517431189589       0.79034002064735764       0.74235075367496817       0.73289956661076872     
   1.4241621967820259        1.6302539878878439        1.4038412346241151        1.5834688800380732        1.5872194124023318        1.3849685396336067        1.3073087561362848        1.4325089385295737        1.4275883758802819        1.4780332832858607        1.5817639973964290        1.4581016368360737        1.6352738590587430     
  0.79301389219456242       0.99822402972441771       0.96541848073719816       0.83615967555476611       0.77449442694587556       0.76927692175040163       0.42245889769108486       0.80445316150829194       0.96146304638378011       0.62329474578510480       0.81519823789302570       0.77614127059407012       0.76676583187689518     
   1.6347948046603265        1.5346825294678599        1.5609132604255500        1.5666285458913196        1.7837039108813189        1.5517924103487439        1.5993208994390533        1.4461685064638135        1.4092188071789864        1.3465285485008107        1.2781347292786673        1.3111038500125776        1.4759239700365547     
  0.82028775611103222       0.99855779795230737       0.97373887319758823       0.85927962572296779       0.80789961250260811       0.80078367576431675       0.46380260904579257       0.82912093503377038       0.96719291187853584       0.64498549935850380       0.84077609990002355       0.80979312622448463       0.80583028400622259     
   1.4469061691201530        1.5697205197482496        1.3756795637566155        1.7519553548936384        1.2600098443272245        1.3348886248060645        1.4354119693916034        1.3981085746791737        1.5878213940198060        1.5433042845131155        1.3383167153229110        1.3735505388813172        1.6233681763566206     
  0.84281885110199406       0.99884258189935393       0.98095170046127855       0.88261010403106033       0.83704566965860627       0.82897384148873554       0.50830556059187315       0.85503781405638535       0.97172594147678137       0.66503216813852506       0.86580702379332519       0.84594813754951526       0.84256210332204240     
   1.3672273359780223        1.4370202603859890        1.3386283306261491        1.4925334362913578        1.3980458215740521        1.3388364098670431        1.5406151643099790        1.6073200840635298        1.5578672609885009        1.7599381983075819        1.3290627207228258        1.3069454809958365        1.4259682816661743     
  0.86785069418521832       0.99911366470077090       0.98685688521448378       0.90587204366242569       0.87492895668978998       0.86232414344472852       0.56328963575955460       0.88370870243268129       0.97527734479936690       0.68676987975037396       0.89002210451297092       0.87841500106725312       0.87635907380870948     
   1.5480650558775513        1.8064259288682387        1.8291761551246353        1.4927374077357771        1.5727427343991012        1.4595467941487184        1.8156201964416587        1.9309936387952487        1.1666566387781798        1.4698409337874856        1.4294816499623650        1.6295140507443173        1.4220537532121567     
  0.89479121381097160       0.99937368422461337       0.99158287751126950       0.92960666506981637       0.90523932467743007       0.89708210510943720       0.61763111571257745       0.90910589965415900       0.97902011201022587       0.71185719049667551       0.91612985604719910       0.91139027447553522       0.90765297875157069     
   1.3213058728627560        1.8252096952024461        1.2689375434509804        1.7374751190086020        1.4937563606785027        1.6215620216246351        1.4507011869254092        1.4499812543717827        1.4707079960767491        1.2929657407393229        1.7989958541441389        1.5834015242608739        1.3026409082876538     
  0.92568757654836031       0.99958120159544039       0.99489214692883821       0.95456928646357764       0.93686322537406230       0.93038174331669954       0.68875508894107051       0.94108454749000103       0.98304499915768251       0.74336415775847597       0.94302757321152342       0.94191191110263106       0.93799787224935727     
   1.2906392874300596        1.6639811349693669        1.4935614466895977        1.8609643376021980        2.0016320384703064        1.6884301539529454        1.5317662884349852        1.3942471575773034        1.4237800155802787        1.3440035019680310        1.3676261808034826        1.4623014301727850        1.5286428088728301     
  0.96103241766733061       0.99979067768346919       0.99754097062836222       0.97741795086689198       0.96791961229777546       0.96410146976303224       0.85412251090596347       0.97063286917752123       0.99020788615795219       0.85348406328631843       0.97137101724897723       0.97100727497163408       0.96913967434122861     
   1.5362623540163012        2.0189064685315841        1.3689256664637564        1.4983310323765635        1.5715241566621969        1.8760290857898301        2.3468685524572797        1.3470976305126194        1.9453401627599651        1.7694637789637915        1.4554688514685192        1.1873626818132339        1.4465128429779393     
   1.0000000000000000        1.0000000000000000        1.0000000000000000        1.0000000000000000        1.0000000000000000        1.0000000000000000        1.0000000000000000        1.0000000000000000        1.0000000000000000        1.0000000000000000        1.0000000000000000        1.0000000000000000        1.0000000000000000     
   1.3426883129331644        1.6225098312419275        1.6430745674381904        1.6345910494341716        1.4260056201471181        1.7575718482124363        1.2506985507560084        1.3910678232626079        1.8906388297630579        1.1164344994379594        1.5050212549650435        1.5755034996153836        1.4657799651992109     
   69.175375871054527       -13.134184328833534        56.965210698751477        54.969612477438190        64.429011967990732        55.271518718763197        101.45498655631570        62.386230302493260        0.0000000000000000        57.574092169414286        32.936563496102401        48.536156574007265        23.491841135704931     
   30.522381087660822       -10.607524792179891        41.123488816509187        57.520765440152381        40.460022302925125        44.298190130905965        51.633296463538827        35.367441571846257        19.517203671655594        27.196061101475888        25.882695715298993        26.651041240156164        24.733815368058526     
   44.368777821871333      -0.55701089337923992        31.367762341419443        65.897832976049088        71.556742710369122        21.096450232527339        33.341401915417286        41.824151454191068        26.963760681514533        45.364404313785244        51.904092859598222        43.136645326037176        38.699396908162598     
   21.144639663617852        16.501393678291105        49.599073478787503        57.865893944036394        34.156311167360158        71.293030229041662        18.374546403045773        31.209283021343314      -0.13063985686407431        41.025759157995367        37.085321303225946        42.531280922602114        33.036249436565328     
   23.822812569209532       0.94486896646722363        18.217789612065449        41.155653878992986        33.964347706896582        53.960433830122923        13.000107139198017        23.683441121233344        22.324124990231137        47.189213990776793        54.210595273024495        83.303399057016833        48.974741179509600     
   53.202725825242410        2.7763401480405436        39.487573382880242        36.413548341388108        29.173444943699646        39.278160351968125        16.007728329372078        40.631294143652653        19.118197353740811        48.419591175265275        30.750149252469551        53.341756746191962        38.585591555344052     
   31.790674348439541        8.2567883755344518        34.509754000917766        24.565266983985723        27.511644619643640        24.810098603900354       -11.864205836214351        64.990677419003362        42.702243026729924        37.594636723405991        52.453510265894614        29.509715621612756        61.885357735765453     
   46.787348100444660        61.346303008169301        49.981680937998838        19.539168949145999        31.261964168551923        24.908784489796115       -27.271014877442170        39.736662038943663        86.435860226309899        39.816407807935789        38.887494298939657        32.134751129723156        45.388372930002689     
   10.179862141960866     
           1           1           1           1           1           1           1           1           1           1           1           1           1
   3.9812168343743419       0.58526577754051723        2.3804796263993254E-002   40.203526679979660       0.18946484237177658        1.9463764244585872E-004
  0.10472487935686819        9.8038896584640045E-002   2.5008394842080117E-002  0.87157222950244040        2.4997629484744124E-002   2.1622561013971790E-005
   1.1265641622566212E-002   34.018162998493807     
