 scale variations:
          -1           3           3
   3.0281199432844703        2.5994713079480483        3.3972794402231354        3.0316579190614510        2.6081556994657658        3.3863917108457255        2.9822794646144963        2.5546593001285358        3.3602163376107659     
 pdf variations:
 NNPDF31_nnlo_hessian_pdfas         103
   3.0281199432844703        3.0273883398694403        3.0457240728064283        3.0312666892437061        2.9039309973397014        3.0487355874897948        3.0975666091981799        3.0352376770984106        3.0904528098023509        2.9521958512017550        3.0972279009080830        3.0432838747765065        2.9817795180566420        3.0159488626505531        2.9950936694479817        3.0132336897766141        3.0156037312076549        3.0418350355596298        3.0327179320026723        3.0230173859997231        3.0294193444887423        3.0243470693023511        3.0343000412146157        2.9991744432955070        3.0588172505997067        3.0158804439203677        3.0212481172471781        3.0603064463163743        3.0179680011344221        3.0072974190737067        3.0501074183182451        3.0031222511253657        2.9869269724926686        3.1112704308390513        3.0031980546944133        3.0839347467583238        3.0326637478312382        3.0393000619875812        2.9583267947407390        3.0166885239180696        3.0271676720260645        3.0260467739510486        3.0244360871250149        3.0394980108645093        3.0199304909220719        3.0530901503523133        3.0350078862907051        3.0274400314914076        3.0507560899826096        3.0284364390042415        3.0436761292927113        3.0373992178555160        3.0195825774861236        3.0415653162208138        3.0357267453166727        3.0626075239254456        3.0729985083530504        3.0289869265002136        3.0318634247448135        3.0521968981683827        3.0237733098375092        3.0069742135923958        3.0603453356483827        3.0529144672675868        3.0304680849202206        3.0301496926868219        3.0181728709042366        3.0158189168218645        3.0280201205256265        3.0335405015486065        3.0205427289501143        3.0487664425658036        3.0392308945234863        3.0143298162265846        3.0156634266739060        3.0204923820585829        3.0198084574197166        3.0347739487859084        3.0300776808758720        3.0253099936959820        3.0275523212792308        3.0363721452258372        3.0351803817027494        3.0289349488330291        3.0201972823880263        3.0278915788232439        3.0259406911108409        3.0210082277820498        3.0316284640537985        3.0294127788543381        3.0211267380195035        3.0390077637934998        3.0286833606426407        3.0304704953553760        3.0225236333237624        3.0132418077696324        3.0209583626781504        3.0257984747873401        3.0160649242919866        3.0269056898278968        3.0377638774137363        2.8172071247600763        3.2593319551618851     
 NNPDF31_nnlo_as_0108                                                                                           1
   2.9300584937185010     
 NNPDF31_nnlo_as_0110                                                                                           1
   2.9837732534709320     
 NNPDF31_nnlo_as_0112                                                                                           1
   3.0395836338138458     
 NNPDF31_nnlo_as_0114                                                                                           1
   3.0702876112801123     
 NNPDF31_nnlo_as_0117                                                                                           1
   3.1606185906858331     
 NNPDF31_nnlo_as_0119                                                                                           1
   3.2032441603869350     
 NNPDF31_nnlo_as_0122                                                                                           1
   3.3006105262866647     
 NNPDF31_nnlo_as_0124                                                                                           1
   3.3239301372523218     
 NNPDF31_nlo_hessian_pdfas         103
   2.9388689741917977        2.9631924178375377        2.9047891669425909        2.9487172448700405        2.8113393436592533        2.9202985120472453        2.9833576531758297        2.9184040710735126        2.9629417047421103        2.9140153803928110        3.0453728163544378        2.9467955385978311        2.8875347842582419        2.9471433590875558        2.9051109637315418        2.9621394559021854        2.9257297135830496        2.9231306780649104        2.9219262329987807        2.9141887384374905        2.9252482182325186        2.9556929884222440        2.9393934797074683        2.9404484467367888        2.9587775732135637        2.9239284788118232        2.9337887033633794        2.9287537347753552        2.9408085285223438        2.9658249401760362        2.8977615248735313        2.9273235245218223        2.9429640684955793        2.9569898661951983        2.9258756691476551        2.9529264027919866        2.8864205564061147        3.0167250166322837        2.8686387054865388        2.9259733344856098        2.8946627305641761        2.9581760369771839        2.9407697432567281        2.9379601807507076        2.9657167341795057        2.9642586564205606        2.9434921955358084        2.9350726323367633        2.9409209318838392        2.9422695997725814        2.9348312402732075        2.9357947798531825        2.9290800038101659        2.9625712144930691        2.9347307829418248        2.9504007723697652        2.9616040205979672        2.9321030542405926        2.9159562327643753        2.9363989802370178        2.9061772845830647        2.9265716952919290        2.9655567865337820        2.9149171728587984        2.9039636012197469        2.9543472602021748        2.9641758930742292        2.9572418007880548        2.9633773261676217        2.9377294695928100        2.9415782780021384        2.9331189644889823        2.9378022845831810        2.9414934882012869        2.9519681217689815        2.9504475860539414        2.9622159111298618        2.9352345583167971        2.9370845010407831        2.9401479371156469        2.9397786166374931        2.9294692008315675        2.9384156006252584        2.9407834818261311        2.9496721393839587        2.9428773216542434        2.9312899032168582        2.9515808100528691        2.9267922523750767        2.9495519692683017        2.9504197946138571        2.9305321624098410        2.9315579796202891        2.9338188211271423        2.9377588248025779        2.9432059125008165        2.9446019387837392        2.9409741075607525        2.9338298832613749        2.9593640509437118        2.9296235862057767        2.9254276888631114        2.9930655530745605     
 CT14nnlo          57
   3.0618969463883765        3.1099915926918293        3.1101769329896563        3.0327636946445122        3.1117365791110094        3.0568792113214931        3.0953397886065037        3.0757268020754149        3.0136604661317583        2.8995254608651497        3.1915859577290120        3.0518993729781934        3.0308130743222303        3.0063383820324194        3.0630581769097494        3.0604324754701633        3.0737337080823655        3.1239683353858179        2.9988134641016373        3.0773059684628339        3.0593684997294477        3.0970652070660454        3.0411842811827152        3.0979238317060380        3.0215092933890912        3.0203055087599928        3.0966582133973519        3.0756605861459425        3.0379181266201392        3.0373479911347863        3.0759481780684781        3.0719244526137799        3.0468522612045592        3.0681446848738267        3.0543234314366896        3.0033529047816523        3.1137946695439678        3.1202433611046123        2.9977159312112831        2.8298895297211111        3.2552133991803798        3.0239677102599076        3.0862270013892346        3.1382123459437596        2.9708582626296716        3.0210841508223067        3.1435229185298259        3.1493033414613647        3.0601383628467542        3.0206067788100404        3.1186236994734835        3.0042377353247542        2.9419311829454506        3.0420313553399878        3.1026131093417888        3.4584088091435827        2.7773996526475830     
 CT14nnlo_as_0116                                                                                               1
   3.0442155120996461     
 CT14nnlo_as_0120                                                                                               1
   3.0690505621849473     
 CT14nlo          57
   3.0765727229785194        2.9508501383090704        2.9885575213655038        3.0821760133449083        3.1234816420748399        3.1353735066672659        3.0327679514931267        3.1566331557386773        3.0528537862177982        3.0651561258049393        3.1337645944704255        2.9229730023388165        3.1779044497584104        3.0615749215424026        3.1463345664735249        2.8496843317899616        3.3034869726777840        3.0919858257846018        3.0556211678475815        3.0944256358379278        3.0594020609617480        3.0882502398440863        3.0786333882907742        3.0575491528417906        3.0738971067174248        3.0157151125639863        3.1350324342585409        3.0722926994907436        3.0753858243264078        3.0738937738732006        3.0767927599871072        3.0753490322177490        3.0778335458734363        3.0903604462335754        3.0445190064243670        3.1382162113875944        3.0075502075100187        3.0370815703898484        3.1203227191030489        3.0488904309775569        3.0625217656619554        2.9735441139173009        3.1205214753728736        3.1968648039751133        2.9787183843610574        3.1125929101995280        3.0399770287666916        3.2128786165630281        3.0711877565221726        3.1467123519500486        3.0521403413958930        3.0988393544855208        3.0989280723079853        2.9869688391176887        3.0155173619310203        3.4748603768970923        2.8042518553255413     
 CT14nlo_as_0116                                                                                                1
   3.0571294854305124     
 CT14nlo_as_0120                                                                                                1
   3.0856088080859054     
 CT14lo                                                                                                         1
   2.6449655615064516     
 MMHT2014nlo68clas118          51
   3.3182745316793838        3.3240736628693539        3.3122055514808970        3.3220800830300443        3.3157270863434776        3.3070450180234707        3.3285368140033178        3.3124017358966724        3.3247861095847884        3.3384310742395673        3.2986696546043364        3.3015111919693427        3.3550496230883113        3.3331498484850375        3.2908954234852135        3.3754848549775858        3.2858239462770626        3.2635094224619019        3.3799856613276522        3.1469874441096901        3.4684538125689808        3.2681801566810931        3.3824998066348617        3.2896748112075800        3.3355948749888706        3.3249182193125684        3.2935560016141285        3.2677725534959281        3.3110839809325663        3.3463151552226118        3.2815120051757600        3.3891980764323515        3.2407123722486046        3.2978430729399721        3.3384058552802918        3.3213791092192988        3.3204948859815668        3.2930248700558300        3.3239448886040233        3.3063595566387325        3.3297417881242271        3.5883908937328606        3.1031746408555994        3.1606453626561559        3.4973553321166477        3.3456959631605492        3.2554901946373729        3.2891210970087745        3.3559369472181984        3.3078106543845136        3.3121254949309749     
 MMHT2014nnlo68cl          51
   3.4379269871887419        3.4441707772922983        3.4297237138089578        3.4390562670700824        3.4367192461887837        3.4415140280937742        3.4364295019676185        3.4278329494118496        3.4477895655320738        3.4611805492640761        3.4154517778369220        3.4836783829120743        3.4185585639926233        3.4229657393211488        3.4558953582815408        3.4903097529302873        3.3803359414620764        3.2289093509891398        3.5561001845007150        3.5446561378629315        3.2971324922614258        3.3810577017657906        3.4761767558412964        3.4401761055944009        3.4311626180488752        3.4389961125105861        3.4341764950393245        3.4003523918510830        3.4130566417114743        3.4069051555390115        3.5126338938083448        3.4785066350773088        3.3514368365449667        3.4342914926130050        3.4467793437384517        3.4559392898139203        3.4333581931183290        3.4294654198115779        3.4633472840119639        3.4245441207559946        3.4454710324248650        3.3037454083366078        3.6916607866974589        3.4102089982059218        3.5577988242617384        3.5744680524130823        3.3426217668177562        3.4197469135487091        3.4458923910825714        3.3793099554804731        3.4944249534643581     
 MMHT2014lo68cl                                                                                                 1
   3.2823174685296528     
 ABMP16als118_5_nnlo          30
   3.2969121807182633        3.2968501591008263        3.2964542141907875        3.2944293836923011        3.2969467795957352        3.3105394149748522        3.3111366617176063        3.2754738028016916        3.3059140101370197        3.2708513917601598        3.3166944431126684        3.3075052336771016        3.3550044334643667        3.3042983469219398        3.3185974265515918        3.3264360516299858        3.3038953861416873        3.2965930628757052        3.2867033164732211        3.2883021437385263        3.3219023976411437        3.3488615482834097        3.2884606782158494        3.3425375585487496        3.3294587919228125        3.3243365385436978        3.2901849163394123        3.2999578429159619        3.2522970053515454        3.2473967412488305     
 PDF4LHC15_nlo_100_pdfas         103
   3.1338918938615850        3.1573506193634628        3.1593192176855820        2.9115522259240372        3.2139071792093739        3.1303248676558244        3.1811978574195701        3.1506800946963294        3.2628185779754508        3.1399090955991245        3.0966796659487970        3.2524573400883661        3.1125221874134366        3.0776984217458421        3.1669155211405791        3.1181875402088952        3.1666794532942442        3.1318270415880849        3.1297788513394100        3.1447287705450639        3.1836211650454889        3.1028948210770135        3.1143009627667362        3.2019966823137147        3.0908044471052065        3.0631621996647098        3.1008763426159840        3.1730784912130918        3.0823444215354932        3.1242408899811265        3.1487868037008440        3.1212547013078522        3.1441740246643164        3.1194084189488231        3.1241933313678603        3.1587845927767639        3.1325865434544853        3.0707678182135449        3.1209095367654234        3.1450345527499759        3.1366698884537647        3.1575668404548543        3.1036116799107227        3.1296484150515065        3.1539929467391445        3.1009539084833175        3.1331595882305114        3.1658159892935824        3.1180989892818416        3.1491134125943434        3.1202345505703635        3.1527855849321065        3.1336084186845583        3.1202035330294970        3.1372397805973611        3.1338798860831250        3.1212436977753040        3.1166537621049146        3.1280197827990959        3.1372242014930878        3.1318393944219052        3.1388248595813311        3.1288707292254743        3.1482291648130496        3.1283755223651166        3.1434622249177697        3.1430209756234815        3.1412912159452389        3.1394647093661199        3.1318059621892154        3.1291976255241876        3.1292611664911232        3.1280824088204469        3.1336767476882628        3.1384552469793152        3.1288513474607464        3.1360064324015111        3.1351899998208568        3.1336077041242625        3.1355427603250696        3.1341896638132387        3.1401149186192523        3.1318064552424527        3.1321504084308263        3.1381979786456418        3.1347871296595162        3.1400551264372050        3.1362585477777696        3.1317702058466423        3.1346547495622787        3.1343502963032326        3.1318700412779177        3.1351981906042563        3.1349440529393311        3.1338826411065441        3.1337211149031181        3.1345845761698672        3.1364330265521878        3.1361382689118615        3.1336098029949739        3.1326718443517030        3.1079907870562198        3.1284432713507688     
 PDF4LHC15_nnlo_100_pdfas         103
   3.1979878053618065        3.2551983044167931        3.2118088820146582        3.1516198855420172        3.0920792362556413        3.0507159887198694        3.1128550845014371        3.1804881136018914        3.2112899209363914        3.1483199748370367        3.2654985913637660        3.0229974149839909        3.1350572768741984        3.1346498893248715        3.1928538647144626        3.2487943240517398        3.1525319911633454        3.2291667143805962        3.1892929422786840        3.1596619337052578        3.2057798907041328        3.2181117643916068        3.1698993711212382        3.2074561295361201        3.2377295076692159        3.2138451432440829        3.2046985117271873        3.1803259736222644        3.1793062365724900        3.2050992855985081        3.2159689692104134        3.1440272275838774        3.2133517528210720        3.2002962975591993        3.1567204277462078        3.2254432023938584        3.2007750439216140        3.2007965250359622        3.1884491903588694        3.2583538857477827        3.2669299666224285        3.1728939364693560        3.2248789137320739        3.1847181695140256        3.2115436399350461        3.1747756733136625        3.2068913263349521        3.1989369110638513        3.2290608115006694        3.1720204424361569        3.1835249068129952        3.2100279782163348        3.2210802977062447        3.2054171138077927        3.1961095336144991        3.1913432486676427        3.2020963759932664        3.2005243062791950        3.1894076226464385        3.2081084174385790        3.2001819393661868        3.2012799587095588        3.1918630938355030        3.1964918811304175        3.2171086362489523        3.1979343260483581        3.1895868917162611        3.1840864026406392        3.1970982776872212        3.1993887582532472        3.2025500909574203        3.1998527888623083        3.2071094965582576        3.2049263797629490        3.2076686544888817        3.1998127505746927        3.2025943465008724        3.1965742135688235        3.1988798287517972        3.1942200466768824        3.2033417247300533        3.1982105911081273        3.2007673378151544        3.1964262384433413        3.1990809070592228        3.1958689599441192        3.1991684224587260        3.1930690746450279        3.1977530908047918        3.1973274807204972        3.1989806225737634        3.1956070198282691        3.1953948246621446        3.1962640005772931        3.1976489265063339        3.1983749542740556        3.1958930531024055        3.1982044637037377        3.1987351148469663        3.1965828511620100        3.2006850963372648        3.1594412666346772        3.1762443794323509     
 PDF4LHC15_nlo_30_pdfas          33
   3.1337957336035829        3.1578273911354513        3.2732379447528128        3.1235297771965183        3.1740807209160007        3.1263676597258403        3.2517173855326771        3.1033320883207289        3.1232853487891572        3.0624972848705094        3.1348340042239755        3.3569121761503529        3.0840198587512564        3.1237296927260276        3.1898738024086200        3.1045842992649160        3.1208921723959926        3.1186869260499597        3.0045968581587394        3.1386731993699271        3.1184647024160439        3.1437114195075249        3.1319537231301360        3.1278006396138909        3.1540381270958968        3.1473862322975767        3.1146167058192296        3.1420002110599388        3.1371637011922853        3.1974686700396759        3.1267975827693877        3.1079907870562198        3.1284432713507688     
 PDF4LHC15_nnlo_30_pdfas          33
   3.1979059812359871        3.3397266220626114        3.1271004192475402        3.1985112940167624        3.3604612111815708        3.1640140630537323        3.2027067200565082        3.2028954084917900        3.3700426133371542        3.2073909032772838        3.2648770716883040        3.1434113994212045        3.1978223712930527        3.2033428886802162        3.2111731369023389        3.2336614610216579        3.2219919249554030        3.1849504320587778        3.2041519126368780        3.2338934373164783        3.1287580364944167        3.1634186309619152        3.1675678543654477        3.1835770800073155        3.1678067662531575        3.2525327465765979        3.1855887285713234        3.1720015313295091        3.1568686233577652        3.2210347895400755        3.1641348732859069        3.1594412666346772        3.1762443794323509     
 HERAPDF20_NLO_EIG          29
   3.4441708936290203        3.4468688870171857        3.4414914587481742        3.4478877350487038        3.4404529253579552        3.4430526353316386        3.4452764130064280        3.4339924695348523        3.4541331946390779        3.3361612408926624        3.5532773649620264        3.4954047995032105        3.3910049066966654        3.4558031812482781        3.4323831396017712        3.3722446731070392        3.5239681945071428        3.3327187881434632        3.5524794144480420        3.5377372138374641        3.3518216764863826        3.4889418955620246        3.3970965314031107        3.3892728406549613        3.5093393363744707        3.4829792812811338        3.4075784416753514        3.3704499838007198        3.5234164826778782     
 HERAPDF20_NLO_VAR          14
   3.4441708936290203        3.2533830033906153        3.6984239022588135        3.3285921285950297        3.7138767141245603        3.4530112779469975        3.4422102432312536        3.4391715050288307        3.4509013458746334        3.4126482150151531        3.4778721733390627        3.4378859823175998        3.4712849251100963        3.7362720349713912     
 HERAPDF20_NNLO_EIG          29
   3.5133532994301184        3.5200013134372443        3.5128018644758461        3.5202252623111274        3.5125513675249973        3.5174189139294412        3.5153657986045213        3.5091218157429078        3.5232146016322909        3.4993032240317254        3.5331002794161388        3.3968693876229028        3.6375636645237726        3.5441696253732915        3.4890260744595567        3.5129514927264229        3.5291811238656252        3.6039240686874172        3.4302717226927175        3.6071964127964624        3.4241216997661228        3.4920901537755333        3.5367754704120173        3.5700834971523370        3.4643461644399616        3.5524468055475311        3.4818015690795270        3.4878871695015494        3.5488563691904451     
 HERAPDF20_NNLO_VAR          14
   3.5133532994301184        3.3119301908885839        3.9703196180188329        3.3034500794874435        3.6912855755277239        3.5245119070386557        3.5119001455208383        3.5061829980502552        3.5295620027891683        3.4602288469201081        3.5850942491366680        3.4749659155556611        3.5298267038995177        3.5835861023527467     
 CT14qed_inc_proton          31
   3.0526355535033041        3.0520316466699104        3.0514324102740420        3.0508248666129809        3.0502218016820049        3.0496229550283980        3.0490260030293208        3.0484232332566878        3.0478123937758368        3.0472170544981441        3.0466139858856440        3.0460102683716039        3.0454107890856186        3.0448011069226708        3.0441994845263456        3.0436091247079822        3.0430069355159164        3.0424033736999423        3.0417946992627667        3.0411946374832697        3.0405919215099990        3.0399936619088392        3.0393934796021287        3.0387839036520790        3.0381884764258396        3.0375900324558232        3.0369891445469936        3.0363870732284175        3.0357776872449276        3.0351787513063617        3.0345783034879155     
 LUXqed17_plus_PDF4LHC15_nnlo_100         108
   3.1845589235054814        3.2408060939783434        3.1981385582558084        3.1383563884466437        3.0786423253814128        3.0374860533058960        3.1001621319506638        3.1676265818727707        3.1978628989709112        3.1351083272627789        3.2518258690392994        3.0106374352787064        3.1221193048704019        3.1217045130753838        3.1793550946873821        3.2340486642421884        3.1400856493396083        3.2153162013335268        3.1756428957832519        3.1468616392791260        3.1929120067484993        3.2042700786446821        3.1564669104567229        3.1942297255101337        3.2237916038185581        3.1997319420814692        3.1906446287957606        3.1676377426243421        3.1662413371076923        3.1913676977896328        3.2021332567028549        3.1315137551215968        3.1996250443819534        3.1866463839186876        3.1434235717230949        3.2117415230618511        3.1873570445185968        3.1873895915170936        3.1748903308236178        3.2444091958591428        3.2532843987288684        3.1593906615843830        3.2111899849111247        3.1716792234811289        3.1979904345241850        3.1614185206991889        3.1936097721857619        3.1853832625790051        3.2156248902808580        3.1586794732862580        3.1702211468827115        3.1965021014793735        3.2075253447210534        3.1919838469952451        3.1827856796235157        3.1779579481640767        3.1884557367392867        3.1871533822314220        3.1761617640754976        3.1947196458404239        3.1868936271652326        3.1878573197622426        3.1784261788392549        3.1830057487758912        3.2036305076173406        3.1844755124889721        3.1761865168920798        3.1706477040558316        3.1836834400288576        3.1859271305202266        3.1890654881103062        3.1864876327994405        3.1935039036743671        3.1914351669007264        3.1941433325135224        3.1863701618007685        3.1892817041464792        3.1831816742931225        3.1855368869925793        3.1808325187634141        3.1897528090268592        3.1848567567872319        3.1873675180151588        3.1829955203456803        3.1855284510858954        3.1825159746638900        3.1858514228683363        3.1796463068436838        3.1842830112394158        3.1837875706111141        3.1855165613880523        3.1821300898141804        3.1818878642222814        3.1827753660975007        3.1841042162081856        3.1849607113627156        3.1825115824890329        3.1847808286390284        3.1852477068022647        3.1831769329527653        3.1872248577684146        3.1845510891386373        3.1845074986938058        3.1845669864109416        3.1845685146013820        3.1845827107542068        3.1845622891645462        3.1845249817112466     
 NNPDF30_nlo_nf_5_pdfas         103
   2.9683720169656360        2.8933177612345307        2.7453244727093873        2.6392328086805024        2.8604413079746003        2.7632364641714005        3.0728523380753492        3.1941232368076986        2.9249082006300973        3.0338631069127571        3.2407940054855353        4.5108933661659574        2.9122210670438440        2.7253477052852024        3.0756938271481955        3.0115096611122776        3.0573615484623047        2.8040829256108362        2.8194030331744231        2.7617347813127959        2.6627018864433758        3.1690349840787650        3.6363606541630995        3.1699912972265465        2.7051198803447525        3.0902491135080976        2.9830822116909306        2.5625844399372095        3.1583814736182130        2.7269001306424827        2.7020146086316723        2.5963500016476080        4.0704660185113077        2.6408119371523302        3.0271066305230936        2.8125181918286182        2.7863954676307316        2.5969792608419024        3.4286390777490907        2.9418409133314012        2.7891351578325878        3.0409113803400656        2.5924666617628773        2.9680598661617554        2.9997788967869807        2.9473726168976744        2.6932250322787943        3.0765954372134194        2.8774260932804543        2.2679220749996696        2.7660914947207744        3.0467357545935747        3.0626210041886472        3.1748474263939124        3.3223890006454817        2.9676865201029785        3.0360052037346170        2.4487164811980842        3.1301292556310072        2.3934072180446679        3.2309644574562051        3.0252117707793640        2.4354479908242617        3.2674283137716342        3.1461850933494291        2.7901347166587587        3.1436814395769996        3.7906064428010704        2.6667987090201333        2.9420989102318877        3.0450783355275766        3.2730814415861231        3.5878093509295419        3.7020408465971384        3.0612529525277647        2.6338700171134519        4.2412641898255101        3.3055084406658342        3.1366323763246928        3.1704583384919998        2.6515925429971179        3.1177917946004396        2.8398793938382130        2.7169002906770454        2.9301254824803591        2.7172490902773423        3.0512238626024204        2.9695186837480896        2.8558001884545439        3.2614032624910654        2.9466671260643480        2.8769899547121947        3.1916551309662990        2.9658110532942636        2.8965667306420189        2.2335580529855674        3.1258919255037116        2.8687987883833941        2.5322780492304990        2.7151441465291390        2.1058002898611852        2.9548087554157387        2.9658370490704278     
 NNPDF30_nnlo_nf_5_pdfas                                                                                        1
   3.0416973973851271     
 NNPDF31_lo_as_0118                                                                                             1
  0.92224874786149480     
 NNPDF31_lo_as_0130                                                                                             1
   1.5720593242147267     
 NNPDF30_lo_as_0118                                                                                             1
   2.7041598053154723     
 NNPDF30_lo_as_0130                                                                                             1
   3.0768838912157146     
