   0.0000000000000000        0.0000000000000000        0.0000000000000000        0.0000000000000000        0.0000000000000000        0.0000000000000000        0.0000000000000000        0.0000000000000000        0.0000000000000000        0.0000000000000000        0.0000000000000000        0.0000000000000000        0.0000000000000000     
  0.11303882180521170       0.20584953921307814       0.69842679900609339        3.4332769036412067E-002   3.5973292885042654E-002   5.4906457795636798E-002   3.2254002567760232E-002   2.7324792067103202E-002  0.54145115739070537       0.11409203941232600       0.11757004303487510        2.2068886723900207E-002   2.8699306220318830E-002
   1.0913957601970190       0.95910357326372253        1.1863792923510672        1.1343587224875269        1.1942689007622462        1.1701651917517575        1.3653528700824287        1.2848363805842624       0.97034696393458664        1.5286473253069173        1.4636090840421436        1.6569803567276846        1.3364627968145191     
  0.14767043605299263       0.31815131673037522       0.79580055285706641        7.0810453722837521E-002   6.9213831192631678E-002  0.11934310237293530        6.2086342768942093E-002   5.6819255007724473E-002  0.73772214290090743       0.15543044161004663       0.18417724917655054        4.2004619271456912E-002   5.5752339120468196E-002
   1.2320526912048166        1.6309618069899696        1.1222190907233964        1.2960364098736930        1.1312286993540506        1.3680991018135615        1.1617938420024898        1.4765959577071355        1.8738470366924218        1.5232758081427524        1.3753208881300492        1.4747645374320277        1.0619460310862998     
  0.16661758085461134       0.36712028336482472       0.87599379927619403       0.10937241799925904       0.10002263738826048       0.19223063301302640        9.2550845030494683E-002   8.6581477399664264E-002  0.80287628101535680       0.17975944686582263       0.22409280114753893        6.5554051523725107E-002   8.4845461645888492E-002
   1.1692659946577879        1.3188561320017129        1.2810607051846361        1.3518813097979236        1.4071892145995915        1.1305547465418688        1.3939538960026152        1.2678915762799678        1.5529234517917501        1.2999670432961974        1.2104768482630563        1.4502178462475155        1.3387229891973942     
  0.19130790781918966       0.40080651571312564       0.91363950297411789       0.14993644854659680       0.12872772405243818       0.26314211999615267       0.12367141067332185       0.11609394664419208       0.83674032240358653       0.20302436342099936       0.25238061177093896        9.0325341977098128E-002  0.11834122271999566     
   1.3587322757235551        1.2548605838226250        1.3958512213657615        1.1637841835642078        1.2395467400982803        1.1267880170587370        1.1361152421234872        1.0777521131737293        1.2774720644443309        1.1660273322533437        1.0724702384171541        1.1584554653391181        1.4823877469068953     
  0.21353889502443679       0.43388412938767351       0.93335173347118949       0.19325732619447156       0.16070861459487459       0.32644992486710522       0.15603030393481171       0.14539470354330861       0.85891512177961316       0.22447751087265971       0.27978085445687034       0.12026546291503877       0.15259182708727753     
   1.4005741682993558        1.3362595434787692        1.2815964253371470        1.2885963711652291        1.1179763190845518        1.1083949752657276        1.2350152878064820        1.1401516762197768        1.0763088946932247        1.3417877430004024        1.2587012108138302        1.5521811739344500        1.2073848193211831     
  0.23696462686603870       0.46251001627111132       0.94944121204440313       0.23520624096518913       0.19463983964512466       0.38843593668088550       0.18981993397770167       0.17510462040485750       0.88045589111031408       0.24469164698590931       0.30379252666498979       0.14811864609268402       0.18701128255309460     
   1.2330781236145116        1.4498695336848368        1.2568646935191206        1.2193869560302149        1.1156389488776035        1.2361498169581970        1.1167795937730942        1.2323091593562394        1.6702394214199674        1.1684109465296246        1.1153413309518545        1.4694247783602785        1.2844456367791453     
  0.25946937130810094       0.49160849351703506       0.96031110028174016       0.27601115592072650       0.23048366438264134       0.44375769597977005       0.22445544998688535       0.20681770097114577       0.89566477390347921       0.26669962431714206       0.32821888723641290       0.18106661139591057       0.22239026944816412     
   1.2733342637265188        1.1107843927764516        1.2685736425329603        1.3825198055652186        1.2899838835530666        1.1916322874948588        1.4309147509930191        1.2745788931963113        1.1835909626831873        1.3203956248615620        1.1745695231650077        1.1603248541607158        1.1703778508364926     
  0.28330686805417932       0.52029970328914898       0.96822344218307999       0.31584525186648416       0.26054384203642678       0.49906891780269008       0.25763443409076298       0.23845310010579363       0.90783608294964324       0.28939818587847443       0.35205372768609872       0.21187550560436469       0.25803702973670167     
   1.2449972297965732        1.2927798931213177        1.3331809219920392        1.0753826051788484        1.0869739569807233        1.1014727849112158        1.5760361963297533        1.0793977433438644        1.4430012722295245        1.2193970842207196        1.1675798597334996        1.2042010013981705        1.1177162722076985     
  0.30756976296823541       0.54541846942104155       0.97434355020684604       0.35959356537706505       0.29156004326178447       0.54508297689452556       0.28791275544512124       0.26853330104741763       0.91880021910763754       0.31284248417599497       0.37557725759710919       0.24759071087693238       0.29283578134634347     
   1.2825319156695960        1.1629409172289247        1.4555925915567252        1.1311672363809417        1.2521160045086166        1.1624519087682721        1.3292577228134399        1.3344624920706341        1.2614896504741286        1.3202814338146800        1.3348293261858275        1.0962348375758146        1.3776115125967170     
  0.33262267044472893       0.56794999952211167       0.97947673425204351       0.40308454431302837       0.32471080025370797       0.58957244625529992       0.31784356731745472       0.29945209686386248       0.92860672519875032       0.33497042672127647       0.39934277769199700       0.28532914170166479       0.32536431331354565     
   1.1210176948341986        1.2975025714843595        1.3150833555749326        1.1976185651541491        1.4587444690154869        1.2791486289127469        1.2086756193959420        1.2370863597283932        1.2763105324145152        1.1976529124005111        1.4893340291808841        1.0729241123161641        1.2025577980156761     
  0.35921819201139382       0.59255218898555218       0.98322333095449954       0.44307140953369889       0.35804281239920471       0.62827975744469644       0.34566152811571471       0.33041303642091424       0.93693144389931426       0.36129801383346200       0.42499885850371544       0.31912264612733188       0.35483597853283511     
   1.2542449956102275        1.2458716028413905        1.0517775295780294        1.1493401417553586        1.2524086362178350        1.0575588050109843        1.1395147071514440        1.1330092316367717        1.4043536112998460        1.2278327613486735        1.3288779243532802        1.2866071786943707        1.1932870568821154     
  0.38535203788831901       0.61107272008279789       0.98630787998466607       0.48042568338202851       0.39226792305916802       0.66573528612487232       0.37416658535189362       0.36139055257376795       0.94433237136523918       0.38930864803890913       0.45177861602103275       0.35575410284515535       0.38505501017869048     
   1.3896903279737418        1.2996454205533761        1.2629354849573735        1.1232572777650864        1.3329650046136705        1.1631001266606149        1.1766261400721354        1.0967341641665889        1.1785950762598203        1.1623602864497184        1.0815515296469322        1.1861691871460551        1.3724289949610957     
  0.40981801755197433       0.63493935153519343       0.98878857761465422       0.51610289028367595       0.42496583882440131       0.69719209179623887       0.40731858125124337       0.39279690037521658       0.95076963487073995       0.41833592097568312       0.47800685081692035       0.39476004272366261       0.41133344732555871     
   1.1584784178518128        1.1362544381955115        1.2264248211412392        1.2278755060242748        1.1527107373322723        1.1454520036348588        1.4733935743557025        1.4029034173950692        1.1981937579006097        1.4436216629002616        1.2282996208167902        1.1794385867700399        1.0492696189375286     
  0.43302956845190593       0.65579166542034750       0.99066753906170957       0.55147905827730082       0.45695567571642548       0.72806468228309140       0.44002128864598394       0.42697263127931784       0.95642325319405097       0.44600669289060629       0.50701955848384073       0.43254903102547471       0.43700517287369484     
   1.0652910017782367        1.0385801844149087        1.1228004192210941        1.2083688344966543        1.1472034967483726        1.2301479204262766        1.4079793354304468        1.2102445245691207        1.2593665016311060        1.5173282032123394        1.2186545962014954        1.2684549462905756        1.2069881832710727     
  0.45657608024551577       0.67727424671195480       0.99235034015132528       0.58533710015997498       0.48865152837930692       0.75884694087704152       0.47214661929475954       0.46228188091549521       0.96097781886465072       0.47455148815732451       0.53646357397745814       0.46983664363815153       0.46222281025871620     
   1.1229140706337841        1.2230905110732937        1.4587457036929896        1.3294374042546511        1.1631270450985363        1.2047017350934315        1.0698300905954301        1.3541519730986129        1.2025469417569639        1.2227845575901783        1.5135679554055876        1.2298105630707452        1.2643886650176870     
  0.48149674924181785       0.69927460666444985       0.99367034328727855       0.62165421327126102       0.52059603265233767       0.78660214708711496       0.50558810187638981       0.49468071606777170       0.96509628414108928       0.50395210309123528       0.56752878473261614       0.50570729063587905       0.48770430472944837     
   1.3506457966959131        1.0954024076384699        1.0809456046452719        1.2703514756315393        1.4162169977011922        1.3760843613981666        1.2723773457873102        1.3836678135996763        1.2841051449062653        1.1680127631789625        1.3594908132791874        1.1007748211120378        1.3303549477172756     
  0.50379793042953336       0.72098059054795716       0.99471073411285726       0.65503875623902397       0.55333815010435039       0.81480711773783665       0.53898579477752495       0.52454435955793655       0.96900830220090706       0.53476648394102688       0.59929293966713604       0.54014978270436387       0.51288414780821567     
   1.2552100371484276        1.3391171284426684        1.0760347727659170        1.6286777873311269        1.4446733975124557        1.3361296765981059        1.2211219795005297        1.1917848304689302        1.1240485987200513        1.1639260088102998        1.3293672290740828        1.2524235173668492        1.2953703545020989     
  0.52479222476939746       0.74258653837412514       0.99558573808471085       0.68517004276770910       0.58533388159316058       0.83516961817089763       0.57121235051554542       0.55465854476991716       0.97246614569555256       0.56559060832501018       0.62777802090958124       0.57215754833364896       0.53765132463811471     
   1.2125843992579681        1.3336729622118935        1.0817751187092148        1.1915681487561287        1.1637486802425778        1.1607286137418851        1.1869747882649291        1.3619696427684409        1.2391591248746787        1.1846146397448793        1.1955204601776885        1.2597860475775233        1.2484551778943018     
  0.54722170742708687       0.76255462874420388       0.99634628494694621       0.71456683703164570       0.61589226569731359       0.85507123584261446       0.60063179584123383       0.58373338760642246       0.97558625001432875       0.59653782428260449       0.65239168131714964       0.60276743820679424       0.56441118677100754     
   1.1776994553532611        1.3492745481247455        1.2154522696225845        1.2247301768780388        1.1577154186559664        1.1905985935759289        1.2676968656833183        1.2409319768032641        1.0741080347692695        1.3495270584375612        1.1997187255805275        1.0934935639959431        1.1670809184656767     
  0.57270547503475189       0.78099550954117647       0.99701541528103588       0.74129811530567213       0.64548260511224964       0.87261810463471423       0.62785036550378148       0.61635834563779435       0.97833891467862688       0.62581270602037398       0.67658599089561000       0.63066499730856951       0.59222993328219853     
   1.1775069751626119        1.0599074538144906        1.1981615554032845        1.1714592990992221        1.3788889705939247        1.1182614305473209        1.1547338239491738        1.2266675633248019        1.0171497806142598        1.2887829621390843        1.0099193650644946        1.1830942218837439        1.2155498639174069     
  0.59761678530007956       0.79832747953309025       0.99755169214879147       0.76395711449480541       0.67567648200430563       0.88970853055816634       0.65442551124399750       0.64597090565406623       0.98092552060928484       0.65227553924512971       0.69888865115123333       0.65805722550478152       0.62182097410447645     
   1.3147775756066018        1.4145173890543090        1.3823923853641151        1.0156079411866332        1.1933608615706350        1.1991796400037398        1.0224612148529688        1.1782164993265163        1.0663197189552072        1.1164733200806707        1.0117362321548042        1.1482109800112816        1.1773812683637763     
  0.62525716497190131       0.81747021177394519       0.99800140489262645       0.78607336650913928       0.70616597506835688       0.90528483928533288       0.68316035902994920       0.67585115910741667       0.98344796627365427       0.67693474021688871       0.72624650942119762       0.68685377183229179       0.65487640622261134     
   1.2318119701681172        1.2932329611487505        1.1334495451662807        1.2362019150481427        1.2738442673742221        1.2390929492709450        1.2208900206820998        1.2614028017584835        1.0245316158040281        1.1878622435065507        1.2576704838749282        1.1732985705541241        1.5318786986030701     
  0.65058479072334874       0.83615972606706124       0.99838239596542599       0.80882016039482973       0.73479456727377090       0.92007407776020267       0.71605789846940626       0.70513989286506840       0.98576229145475225       0.69915632925955229       0.75341317230630422       0.71808626366893202       0.68892084558203903     
   1.2069791964405503        1.1466913345008121        1.1861604452294974        1.1667037097251456        1.2475614118902172        1.1205304976444805        1.3546084008546999        1.2498463971192268        1.2664907580108862        1.3844495833695321        1.3257763877684374        1.1832401139310524        1.1345872021043568     
  0.67738970861902892       0.85555589311168934       0.99870872271400735       0.83354679907253437       0.76403176009664420       0.93315092576981462       0.74827611136908223       0.73836847256365690       0.98792944262610949       0.72012006200669054       0.78155636423004682       0.75184928866902612       0.72615654060283197     
   1.2678830440466722        1.2427208498719480        1.2745464486737901        1.5039374533033802        1.2669130394887533        1.3320005822937964        1.1824984809237804        1.2940596575629424        1.3604482271515794        1.3944857797212853        1.2539054343680542        1.0973439664351474        1.0545521030593212     
  0.70600540692402247       0.87398405340976604       0.99896710830047042       0.85645760803903026       0.79131060745649007       0.94469871586495857       0.78116052166873007       0.77380343711815303       0.98982577975143782       0.73985381470009426       0.80935586544431204       0.78614173560097145       0.76805575195195908     
   1.1029558955086425        1.2186959769322041        1.2421645209223053        1.3935308403449973        1.2223336990112823        1.4179246087480597        1.2025918371906081        1.1670202198987834        1.1566871058005326        1.1294818316844277        1.2993651377965545        1.2628240287094270        1.1978717048779175     
  0.73551220890357527       0.89177021524529898       0.99917386791028373       0.88076507652962499       0.81681906606603338       0.95533933398676363       0.81337587047925974       0.80591808753708494       0.99147892243295599       0.75867674390404194       0.83786881666350410       0.81818983784859056       0.80601382866284210     
   1.2213639653945656        1.1844722680664634        1.1472640372143794        1.2494626233847446        1.1339852688465581        1.3470143153698901        1.1581558592916146        1.2498217885955711        1.2535074958873014        1.1799243623931535        1.0993450295450939        1.2920031700652597        1.2007904645916487     
  0.76794392528502364       0.90842747450788286       0.99936173924711169       0.90405515471377029       0.84286184313781654       0.96498004563469442       0.84446859487413117       0.83870336913769650       0.99290240520791018       0.77840156909666258       0.86458470773759644       0.84930268975099188       0.84252259738646029     
   1.4344738615124111        1.1693652593577677        1.2389701246001310        1.2348967737424899        1.1952078753604576        1.2557344616044579        1.2987119277511723        1.3640288557460543        1.1082626265969389       0.98916060579592180        1.1337944169137193        1.2976800366335433        1.4920504848604170     
  0.80198590687176541       0.92476087250854100       0.99952300665220606       0.92595762732264841       0.87099392122108354       0.97315192293948383       0.87446920724433697       0.87571482005498269       0.99430092924654834       0.79892654648135009       0.89070837032309402       0.88266600453174437       0.87769400748786197     
   1.3858303871405391        1.2444917310638923        1.3551171825822246        1.2762711876190549        1.1664648354882619        1.2363107019720330        1.1239060225056303        1.3528627639578716        1.3322870009313961        1.1407743084872710        1.3222482384019931        1.2410269430965792        1.2742267891205465     
  0.83748758677217117       0.94313166747467503       0.99965508935053227       0.94756121299691454       0.90203448504937234       0.98072059695412506       0.90550573400554468       0.90776831163472582       0.99557846472043765       0.81970209545723327       0.91713858594413278       0.91327388385382946       0.91098896585825517     
   1.2387347740245984        1.3498225720402446        1.3113183204983228        1.2389592591780982        1.2932252230583550        1.3832197036177432        1.0307673235281980        1.2803312158617051        1.1192738010872580        1.2673656993718974        1.3495112800100546        1.0358272866542502        1.2824962885907851     
  0.87276269829676900       0.96245200952918863       0.99977571697601164       0.96775880747984133       0.93539419519656575       0.98756269531540319       0.93845467699479712       0.93774327876803021       0.99682103944759659       0.84404623795596700       0.94248529524249014       0.94373506204107915       0.94155284689270335     
   1.2535241542930651        1.1635031786445520        1.2240283021091127        1.2153538888947386        1.1655910724443059        1.4175241725294341        1.5068403851672965        1.0324728377552377        1.2113434949672568        1.1153474805514523        1.2019261442095794        1.2615513872317738        1.1847937895906298     
  0.93043507329009223       0.98115856362363640       0.99988471602320050       0.98459184514292208       0.96662401823027400       0.99390989204725755       0.96919989354442337       0.96707082604656158       0.99826035128905410       0.87713053391028517       0.96985943151898479       0.97130401867836214       0.97058805859347830     
   1.4171811675430053        1.2969947707211900        1.2910393206676520        1.3007346143864384        1.2976697973418401        1.4057526190990670        1.2267025049567033        1.1802757317426251        1.1773862379598485        1.0635214742530665        1.2356494505351696        1.2981205260882034        1.1574752755213928     
   1.0000000000000000        1.0000000000000000        1.0000000000000000        1.0000000000000000        1.0000000000000000        1.0000000000000000        1.0000000000000000        1.0000000000000000        1.0000000000000000        1.0000000000000000        1.0000000000000000        1.0000000000000000        1.0000000000000000     
   1.1622439516442522        1.2401055520756346        1.3787484469135636        1.2590805072020483        1.4731450731781897        1.6760653870289581        1.2583884223725224        1.2051265452983935        1.4600771693441879        1.1257497124717679        1.2698540618550613        1.2985776322411320        1.2499424544378637     
   33.583156742687066       -45.783066166562804       -15.767648949128796        34.092335582919127        49.495128159877169        27.155503818275967        47.776263827402182        41.503393594854913        35.972431785277514        31.520463356013167        49.590756564272304        47.030330600687726        57.158566060996982     
   47.120124709182427       -16.699845689184613       -15.762309695197626        52.311045393302273        32.314631270355520        23.856829397244951        45.258818816886254        32.418706129879027        35.972431785277514        62.522359131973374        52.827366212292041        70.323664574672605        50.581818796456886     
   49.508263249961587        65.193429784777081       -41.203604327496805        45.407367132249931        51.808620120389364        63.506765263195149        49.425796644555227        47.883146162936434        30.507083096719331        41.361456841191384        45.604490249350263        62.454753380132104        45.555801714857594     
   67.052941221230057        68.479347628806252       -12.724084078937819        64.446253565689474        54.621651238540281        59.867968857656521        44.935443546453669        53.652761722467176        22.515419348406486        50.749656365520856        50.173121442491542        56.239878943162637        31.583077737998646     
   48.940802372949108        57.539779200837543       -4.7499057382289038        58.452783541614579        65.636058944407011        57.688529973919131        54.223337105102637        60.109570777571690        14.570744782946660        56.756675281369830        67.025782810744460        62.156378261297021        42.040393158474764     
   52.260622094053993        59.940416336383983       -7.6405057093657920        52.468491174930051        52.445407084626517        64.957160240046747        63.696085061733356        50.302376743634014        16.001986603877210        51.349912867233741        53.129576848549569        46.649114137585009        64.786720779728881     
   65.889881789924246        46.476900296528676       -9.9038206903997601        53.836618132301574        50.378716880688785        56.880075908465138        48.274700305800785        54.408300505070436        29.222358702589155        40.107558506386752        55.336621864537115        37.078084192346850        49.780312076424075     
   33.554771790816787        31.207660227387841        54.693527391801311        41.358792649314559        40.092973170079183        35.760525137327022        56.762829895194344        54.080663482963274        53.027460316935716        51.012612174924989        37.278318071185552        42.062857546855952        37.805208696374727     
   1.5172597006511257     
           1           1           1           1           1           1           1           1           1           1           1           1           1
  0.26231974566342936        5.6387962264981779E-002   2.8709705271110647E-004   38.917886806653861        7.9317459128649785E-003   8.6909589699612249E-006
   4.7106921222878090E-003   5.7637971008909650E-003   6.8928215025656722E-004   1.2157929149341458        6.8865312691865116E-004   7.9883574612179206E-007
   1.0313854489238574E-002   55.686549496754544     
