   0.0000000000000000        0.0000000000000000        0.0000000000000000        0.0000000000000000        0.0000000000000000        0.0000000000000000        0.0000000000000000        0.0000000000000000        0.0000000000000000        0.0000000000000000        0.0000000000000000        0.0000000000000000        0.0000000000000000     
   4.1050316289672248E-002  0.15047804596399267        8.0881532644345167E-003   6.9500884501352070E-002   2.9584253297414827E-002   1.8173389458040201E-002   2.6901770235592846E-002   2.5982388353177111E-002  0.31386634385825890       0.28555780974685191       0.16993335568363971        2.6327454531569261E-002   2.9888102560652729E-002
   1.0758888586133115        1.3221093978171330        1.0750005688423059        1.2318354528694277        1.1466200451602058        1.0905749144972123        1.1084843257312009        1.0478428656308552        1.1892139251041554        1.3254309883627318        1.2216611840091458        1.1963519799243780        1.1792928209678164     
   5.7956009695263849E-002  0.20975185222942652        1.6857516225998542E-002  0.12659075294670336        6.0381120703201147E-002   3.8141218975150978E-002   5.7222446431807635E-002   5.3979737022707627E-002  0.43437716972131180       0.34071470727774505       0.23252406837865816        5.4926303581004893E-002   6.2425816496966359E-002
   1.4682217473194532        1.3893549640166092        1.1265061046513460        1.3516062775780204       0.99089597515754935        1.1128875328856254        1.0037077295687264        1.0259150395563446        1.2928637202428042        1.1415911408348454        1.4605313144760490        1.2096843850118919        1.2728441324709556     
   7.2904160735648968E-002  0.25549788495927206        3.0053740980029137E-002  0.16933909223572147        8.7090771314964247E-002   5.8429791637293005E-002   8.7326300046297683E-002   8.1993744927574733E-002  0.51795580384773998       0.38614600143306560       0.26803644701681195        8.3769611005134831E-002   9.2570973749692309E-002
   1.5606301902917603        1.1018662653899365       0.95165587288484432        1.1218326410585533        1.0153278641361836        1.3093278764626599        1.3697795053125654        1.3161887348093280        1.2431037020987343        1.1751889103100590        1.3974268851950318        1.3675315100857717        1.0479656288286747     
   9.2191057271594198E-002  0.30130811800358992        4.5791463809955038E-002  0.20467403343094348       0.11411727267212511        7.7519648279678680E-002  0.11643327761438595       0.10907979546611721       0.56088661297573983       0.41683707718623009       0.29422536820524470       0.11178057981947409       0.12394373170797154     
   1.4920473292591951        1.0207326335921956       0.97475842904673671        1.2208245040338455       0.95485060015078493       0.97051754175343752        1.1322145045455003        1.0602050648506594        1.1360985625099949        1.2686164285143524        1.1655634134943345        1.1581538231205286        1.1511143593863311     
  0.13731586233299248       0.33855306511071093        6.6358072925608025E-002  0.24183568288670887       0.14321749982795959        9.8883521021510531E-002  0.15237987110267351       0.13754898676620519       0.60959883844098317       0.44410130351247362       0.32046016913881653       0.14001767194890774       0.15713707925240053     
   1.4428148706092789        1.0978428660474264        1.1756241022974712        1.2821694252277303        1.1767749557511533        1.0421840209299957       0.93778421458597971        1.4496306162371275        1.6557156062918235        1.1144656543060454        1.1599894012032175        1.2971749810402267        1.2417070848431795     
  0.22194279345610379       0.37780848991764215        9.3434939702601083E-002  0.26287228159572551       0.17518400846743276       0.12230126733660106       0.18429713753337473       0.16354278723923843       0.64037187909792137       0.46836352100107836       0.33950850491477075       0.16867311877385882       0.18575060072651162     
   1.2301834693824918        1.3629284611925239        1.1540654476136347        1.0480406543065290        1.2411599686753247        1.2428133145842897        1.0481125828982161        1.1389859836174243        1.1588933166336663        1.0989468660711750        1.1581507877121147        1.2223645502239595        1.2020752459356165     
  0.30860591067317195       0.41682241600044417       0.12175714271989127       0.29003352888981521       0.20791427497231282       0.14693341866973622       0.21836964407137577       0.19006731286868078       0.66210292306183094       0.49253214605633355       0.36325501148912037       0.20212770924367235       0.21333453763260152     
   1.2244407466244804        1.0988749456718638        1.1195036998481529        1.1729577723385272        1.2407218329966556        1.1062333646222098       0.97914647622996442        1.0677469287286943        1.0400894028336614        1.0640874051718174       0.96530034304926926        1.1836096042067898       0.98401261179144495     
  0.37245834254659899       0.45595666143293606       0.15905455804950405       0.32122875217549890       0.24201156915070729       0.17446009501418630       0.25268857147309542       0.21904344632674766       0.69005433571049579       0.52103103730181122       0.38995853995851337       0.23812636167855350       0.23911866868284859     
   1.2304795835245856        1.1353506862599838        1.1643061597752300        1.1640184021565090        1.0167039982982040        1.1115098763563842        1.2132625150875849        1.0134530165070368        1.1788135876636587        1.1581546488125958        1.0003821830688902        1.2099949546861977        1.1418173188568235     
  0.43249747894913726       0.49367526685168517       0.19909950883998914       0.34979496415907380       0.27531818109060840       0.20348444562732959       0.28754957922910485       0.25155383159998912       0.71091071546654494       0.54130408292236809       0.41860900571440068       0.27502013068329817       0.26461025519579956     
   1.0278390295748918        1.2237857558444960        1.1134317083098877        1.2248502152095724        1.0827117259472512        1.3282766419257908        1.2729987337161344       0.97623471727810696       0.98858919140839319        1.1779824756529331        1.1991476948886026        1.5001340874191156       0.97263443535324323     
  0.48942767153366995       0.52662924197888472       0.23811694600593630       0.37372269464373331       0.30854024515723560       0.23330935717427714       0.31851842563943095       0.28678796843861781       0.73015572750665891       0.56067645039689384       0.44380677935557267       0.30663946228554623       0.29096973250655145     
   1.3680942435066268        1.0813089932238833       0.95224999042632130        1.0180581458197737        1.2558090228968224        1.0127524130949495        1.1023940784310626        1.2690495094885312        1.0183835990216887        1.0657997200337905        1.0789561019074452        1.1732436553619401        1.0636821729522843     
  0.53858588101088301       0.55732219056089960       0.27855612487476822       0.39559006792501977       0.34245454327756775       0.26441014659812606       0.35059203009361439       0.32235380846090383       0.74914508595507734       0.57669207028375835       0.47068264016364325       0.33938175720489100       0.31891400278012655     
   1.1354263123635617        1.1770759297739328        1.1778281749765074       0.96632393043741016        1.2410707503415062        1.3580103217222521        1.1197008285982668        1.1298929952350680        1.2410505200752608       0.99947484133335784        1.1837830014506550        1.1065149880512641        1.0926761194890795     
  0.58174438590856581       0.59362615893722215       0.31921716687500001       0.41804587258976594       0.37419949018162307       0.29867330799249553       0.38230468903385395       0.35875962453082061       0.76676678866551606       0.59553864931496647       0.49724744713046704       0.37631286803780861       0.35157242776194542     
   1.1452049348511966        1.0632564150215955        1.0724768275835199        1.0583268921444975       0.93960022293200895        1.0718276256460941        1.2696559097630449        1.1121436385596239        1.1790180376167172        1.0462013849102156       0.98593736228020212        1.2062556812426257        1.1159497761395092     
  0.61960726401947386       0.62766960310015907       0.36351771426263940       0.44270180140744281       0.40435337214787120       0.33608605992702856       0.41768583845448026       0.39278628575678620       0.78418146397252719       0.61525758879363468       0.52208256181530110       0.41105219414350802       0.39102149835076283     
   1.1920877603793334        1.2642753853027640       0.97958110356627592        1.2637780009160144        1.1798787605379017        1.3210408101722675        1.5502158718799324        1.0736050695171195        1.1067827821235359        1.0413478989463860        1.1906287444171058        1.2825129251809666        1.2640695501657071     
  0.65313386235150273       0.65894865347912701       0.41498906974349092       0.46717912870002082       0.43503756377795771       0.37287947050876680       0.45075421426060713       0.42532558301698553       0.80102633693562397       0.63445537303446964       0.54928353827839527       0.43522477235173918       0.42701800297421727     
   1.1225934538387197        1.3966221943310617        1.3505068658292763        1.1907839608516035        1.1374208292420609        1.2445759335756919        1.2118254097156782        1.2417897440933841        1.0001578390973376        1.1394951870038690        1.2905768219586315        1.1357336954815729        1.1651323576598251     
  0.68429228866354530       0.68739883064094043       0.47565278997896770       0.49050558281514234       0.46603361767990875       0.41018833889848916       0.48257888642044744       0.45693914853059880       0.81682250533862955       0.65302609227175623       0.57667221519182188       0.46076525048049921       0.46242874204785289     
   1.0256688499164330       0.96985252508344388        1.2608610604201800        1.0273461524971210        1.1326722441710939        1.1632185595446900        1.2810764962003414        1.0269970666658574        1.0711300110530328        1.1286579561952315        1.0698212787059902        1.1535823787209871        1.0829386609183984     
  0.71338634498555487       0.71277949495012549       0.54899669576309762       0.51431274659043524       0.49908167316159430       0.44952930476309155       0.51509687100038237       0.48744379401957583       0.83215100138431985       0.67117154759708630       0.60150485208881388       0.48650757426705465       0.49428417180903383     
   1.0196336274059641        1.0071569130719082        1.1370019960448150        1.0858308727245798       0.99016935356235913        1.2511334388132402        1.2282157842110122        1.0270150584322530        1.1130807053024463        1.1837231258048804       0.97845228090799785        1.0829993618279696        1.4354777117777011     
  0.73996806858526509       0.73722067466326435       0.61752059128761616       0.53889581378995344       0.52718452833236518       0.48727387967788205       0.54698140524497374       0.52142369623147145       0.84561781973306671       0.68651105630997500       0.62865269106779842       0.51490000017920423       0.52439372787717442     
   1.0369046208946036       0.96385530173903355        1.5271368415932063        1.1984024688710890        1.2662820529358163        1.0579750633559875        1.1818032201903259        1.3003089568956838        1.0821500376177247        1.0604931898598398        1.1796661609663295       0.93233306402561522        1.0804031012018374     
  0.76415275594847265       0.76496453779607521       0.67856086720850528       0.56257952986959348       0.55334428591774620       0.52364694979325976       0.57780783399275693       0.55811924801368495       0.85863672229470067       0.70088134975907002       0.65364233780794634       0.54513813672635769       0.55199145749160472     
   1.0114478815965817        1.1083574161379586        1.0226497046172021       0.92558348682044134        1.0529711328676918        1.1059527868667558        1.0848954808149278        1.3029230296171772        1.1155999047747618        1.1091828500654617        1.2341860228306558        1.1071009348733105        1.0773151175286677     
  0.78725784175611790       0.78947387214148712       0.72927223042936329       0.58648416595134278       0.57986612932425818       0.56393244456685621       0.60887379531694685       0.59302923252973805       0.87170718198343633       0.71578639721479931       0.67570279271122402       0.57366367677044083       0.58315274594951583     
  0.97102545532238427        1.0611279728225043        1.2406237642756641        1.1916974468053705        1.3121216449387754        1.1080107553714820        1.2031791137699199       0.99323796243812024        1.1166685135031591        1.1601646431090971        1.3042429890186482        1.0607505198166858        1.2073091020501407     
  0.80917575689935650       0.81587655081264066       0.77249373295865276       0.60860812951965781       0.60900433038758128       0.60523254838076723       0.64103493193784433       0.62590333942657517       0.88330383927615730       0.73074474616203544       0.69636737361146683       0.60254881897931756       0.61845979766506365     
  0.89396316660194530        1.0931031169546546        1.0755185846042856       0.97772063569636891        1.2199233017315652        1.2418806315032695        1.1099722641180458        1.0556176027912432        1.1684047470324064       0.99939195552761240       0.93640084208569307        1.0501805482412825        1.2021228516304971     
  0.82839403902393471       0.83929834171764683       0.81339845838594849       0.63763963002365076       0.63867381992722372       0.64522583021804614       0.67294192281517773       0.66000184916509641       0.89376214230720030       0.74641513709685126       0.71823479679199553       0.63117540248368609       0.65746512773138066     
  0.99469292608739679        1.1590725341950994        1.1699400579254733        1.4641062284952158        1.1343941887121505        1.1444197615657981        1.1911426804447482        1.3804825441057653        1.0280384147903925        1.1090664215528039        1.1197181109589986        1.1255756836929136        1.2474748665631521     
  0.84730589728466188       0.86239808890919101       0.84752882343392766       0.66435550038985025       0.66675546913386385       0.68586093161083705       0.70162797754410944       0.69372324424968090       0.90347983545060351       0.75895311575843749       0.74577735203614370       0.66113778755919161       0.69352993864891843     
  0.96248219590003758        1.1999081057809564        1.0208839757172543        1.0747514860501128        1.3756343735756296        1.2242110687600369        1.1202047063713125        1.3655863712113749        1.0507384348916311        1.0724894219754597        1.1438642893897828        1.1131150578136932        1.1983151404378662     
  0.86512841827943210       0.88277102386538808       0.88608730165806993       0.69392013632368554       0.69773801357717868       0.72278497979152689       0.72786000383175209       0.72878110034630372       0.91333555574298597       0.77092964655120977       0.77246665981466966       0.68819210109045537       0.72720680044435948     
   1.2149920058308492        1.0876719280473337        1.5039775389107906        1.2232384213871608        1.1497617644129334        1.2319663540393946        1.1125507388191502        1.0170655786355292       0.96504498816334083        1.2942666591475946        1.0419227113296858        1.0817991922586188        1.0922439399789243     
  0.88351348215934600       0.89965025474653337       0.91466058634913316       0.72300115039539659       0.73652315284924097       0.76406341005896750       0.75872220707263527       0.76039941850403880       0.92269891962181438       0.78333159690991128       0.79548529356888886       0.71834589996234210       0.76010008020075381     
  0.95680816337396413        1.1817748236393129        1.0402512744263301        1.2190638771177045        1.2917011184780700        1.1355176075105236        1.0796826801808044        1.4429876263094863        1.2035591499536482        1.0337652899213141        1.0433497958507734        1.0231856983884382        1.2113550197490084     
  0.90145377593148701       0.91483544621816071       0.93355163521524376       0.75589293816309311       0.77265832255999400       0.79627619175359177       0.79399612277823084       0.78865913900605833       0.93206249344084491       0.79708272167794736       0.81759858644255845       0.75965966179520250       0.78931704216242549     
   1.2778073175288267        1.1416776102594162        1.2732202714496870        1.1094100320965972        1.1768279867399649       0.96980878835044426        1.1796494541052369        1.2543798213722253        1.0672641407523284        1.3186073326074672        1.1802452166548232        1.0200398269124009        1.0380074174814251     
  0.91757489055453112       0.92808464436432825       0.95267306393769657       0.78810581673482571       0.80826384007745378       0.82887769103258124       0.83001799790374764       0.81897884868611015       0.94156334673266795       0.81280974282873231       0.84016727657838952       0.79649948197846610       0.81886558562264011     
   1.0862712500597094        1.1706035990758445        1.2753596672546759        1.2046167041023133        1.0934709033597785        1.0553239443331537        1.1442118419070384        1.1704105633566035        1.0341033692843327        1.2000212336933613        1.1297002317181817        1.1285768950395978        1.0419235805651319     
  0.93390175550508625       0.94047864538838732       0.96384998308914160       0.81542725263997151       0.84266824594049317       0.85974729264611727       0.86370073784769485       0.84553911845470353       0.95122547301568783       0.82780210046882885       0.86594858860702817       0.83156021099922128       0.84855022197418006     
   1.0241446537751591        1.1005117390895933       0.98662371177377406        1.0383417418278249        1.1254828400110128        1.1179460448201881        1.0968221782554353       0.98263008780709571        1.3396767289641631        1.1854464790744466        1.0504549772655334        1.2070478995538467        1.2879257491956511     
  0.94812688922700505       0.95494663508850641       0.97627849409132861       0.84345672164053331       0.87376899294295007       0.89164970213361239       0.89234862453453478       0.87140345740730440       0.96117060237033403       0.84261427814443235       0.89178626355803314       0.86690602858326637       0.87857738366671345     
   1.1415829298402189        1.1829637845501919        1.2946737269037882        1.2629670473528944        1.1341162119458243        1.0330032665709799        1.0052566774178011       0.97612283049097048        1.2797788646687394        1.2375626710539187        1.2673309791299774        1.0484441932863626        1.0572114459057855     
  0.96445494402847631       0.96805344766756585       0.98545881250685374       0.87160822308963437       0.90474781009700089       0.92144447888609848       0.91858597680977094       0.89758704889456564       0.97095431617192740       0.85912156641347703       0.91721517380506046       0.90127360412595259       0.91016029095085171     
   1.2157944255627355        1.1307652667367367        1.3258481024712836        1.0575702273539569        1.2732567886109167        1.1353134464966150        1.0564780812797379       0.95548725921671707        1.4038678840388013        1.3751264093366802        1.2717403249905399        1.0194327989910990        1.1355875311579875     
  0.97639688258250312       0.98052374418310351       0.99178019020092301       0.90504261055259827       0.93574500907347347       0.94969650252918869       0.94446025012994528       0.92771513936763572       0.98047429084569837       0.87296115409935859       0.94324288072495532       0.93512549479468021       0.94194455226529605     
  0.90180641749589063        1.0731375243576917        1.0922653523054480        1.0890237527621449        1.1705333898563028        1.1628236972871988        1.0247132751039658        1.3702249429013940        1.1403273008120645       0.89785783600524294        1.1394926527026767        1.1211068778221833        1.2652571187978434     
  0.98880152543547251       0.99069005162653456       0.99621600660661824       0.94960250035875204       0.96561745633712803       0.97594772749036929       0.97046779936817706       0.96325063216725304       0.99029134934029350       0.93137938845756174       0.97053702788330687       0.96865614009697831       0.97219741059290488     
   1.1800631968767228        1.1786808417749124        1.1410937305854822        1.2286077348372699        1.1704007249724198        1.1096667514537963        1.0226516103444465        1.0752396129034982        1.1660830726019475        1.7743323525310013        1.2081454098529718        1.2004215028552392        1.0858030313827054     
   1.0000000000000000        1.0000000000000000        1.0000000000000000        1.0000000000000000        1.0000000000000000        1.0000000000000000        1.0000000000000000        1.0000000000000000        1.0000000000000000        1.0000000000000000        1.0000000000000000        1.0000000000000000        1.0000000000000000     
   1.4028096111123571        1.2370082798326092        1.1153917808774330        1.1152722136840008        1.0944421677376306        1.1947687943364744        1.3982409869716665        1.3141909714888014        1.0835664456339495       0.96038475524340705        1.0661987208875221        1.0592470001015495        1.1157790372122145     
   10.325428556014138        17.779313683352317        30.332787705083309        23.296580556219876        19.923012056295150        11.854079804472118        11.511744435179651        33.513434195579386        13.610709223178050        17.993235115918800        16.697357490704899        20.779383288624647        20.548727436638345     
   8.0228611016583322        14.868963263676276        12.040986541357270        21.949674816898796        18.823097918049999        20.488626564094844        23.721147565604678        10.045575576626316        14.472541388433690        40.065595069099864        17.675687826690027        16.175685156062869        18.632506325658184     
   6.8884778340918142        26.562322872462104        8.1654472277100343        30.419289150174400        14.071214412630306        18.824663816744234        16.482749489795705        15.961049358871490        16.785110102012496        22.216925033501639        31.893896706852928        23.639827482462881        22.740711400939222     
   15.235052904026119        21.855322686405877        4.2687211604749589        17.678008323759759        24.917486868026220        21.163980530645645        14.308756775561612        18.920364621034167        13.884226375112451        19.136141952590393        22.869482322178495        14.375863303550538        23.685987777462287     
   12.337121584571303        18.891011107586532        5.8448468679274264        14.531220929696255        14.580105746763008        22.312295871558042        18.105181567552986        26.620962221919925        8.6452289599462251        26.230723572885303        14.520159114517206        22.107976551161173        14.908821122929911     
   25.549254475575772        22.001144719581049        1.9046252600295266        14.688178270229276        10.558597222078101        18.380261200116131        24.153371799539354        13.174625663668083        13.594498081585314        17.704749098556654        12.754378262912017        16.436229177188974        13.837755608166260     
   18.128750046703139        34.763088379213556        12.290703739093251        20.212796950411736        21.382555362423155        26.945017783935675        6.1017224290471290        16.956221216099401        15.685374083353528        16.808096058057345        10.872068858604965        20.596445245573726        12.252102683328177     
   27.897390041550295        11.095561588092227        27.970095972891933        6.8773835101784382        17.800349129145946        14.442801122071740        22.367031152703326        16.921679115050733        28.024845694998053        6.3142082021673263        20.404703621480991        19.022387214834971        16.887130585578653     
  0.38415345614809149     
           1           1           1           1           1           1           1           1           1           1           1           1           1
   9.4832159719238349E-002   4.1508519502500230E-002  -1.0082278633852140E-003   19.035001437360624        5.6899793622794733E-003   9.2053725849286019E-006
   1.6936475916297603E-003   1.7268357327965788E-003   7.2055894268865180E-004  0.53862491674964874        7.2017339689517043E-004   9.9408389568448951E-007
   1.4543378734492700E-002   20.854178129846680     
