   0.0000000000000000        0.0000000000000000        0.0000000000000000        0.0000000000000000        0.0000000000000000        0.0000000000000000        0.0000000000000000        0.0000000000000000        0.0000000000000000        0.0000000000000000        0.0000000000000000        0.0000000000000000        0.0000000000000000     
   3.5479898256277856E-002  0.27612633259649882       0.45840301077260476        2.3727817062963744E-002   3.2588954174582845E-002   6.7593073077227206E-003   3.1865495066612057E-002   2.9967491226854392E-002  0.34590719823271082        8.2459312407643828E-002  0.10543380307285416        2.8801007025913317E-002   3.0864970756386591E-002
   1.4111472037819801        1.5664835173867311        1.1099687895933894        1.3771053383870688        1.2079073995270986        1.7023498768918190        1.5451319138859163        1.3391855477842580        1.0949811958465023        1.0519335386148936        1.3369313902364652        1.7938346246057562        1.4354515719839906     
   6.1460108092539434E-002  0.32725970550099015       0.73840087499548546        4.6294286806984726E-002   6.8878277894489165E-002   1.2936953070766479E-002   6.1366888241014099E-002   6.2392785925636893E-002  0.58586653628015850       0.12603459243600110       0.17764956518879946        5.4487363152795655E-002   5.8530858853600515E-002
   1.2398979328997524        1.3707608613309012        1.7026354796765639        1.3473728190682996        1.3264691212911277        1.6144539523815342        1.4122355751238234        1.4506149354439339        2.0249288394726732        1.9157126716054458        1.5684756857093596        1.6768135926026715        1.2510710872339197     
   8.6559243246198236E-002  0.37393128591017144       0.87294320640932832        6.7576478014532787E-002  0.10108627952383177        2.0137750490894980E-002   9.2592101812357622E-002   9.8760238093427072E-002  0.68658728800845126       0.14523522270905087       0.21324280456590369        7.6902805160180096E-002   8.6101079226724428E-002
   1.3757808884945097        1.5089451695285783        2.0422094555078880        1.5518261784752454        1.4590912296457974        1.5263777286386213        1.3633538640446925        1.5555867533343506        1.7928583252956687        1.4024602546074261        1.1175626152291409        1.3041058096549911        1.2381756161353785     
  0.11868900350732300       0.40184419195194437       0.89391935641686548        8.9670764713515511E-002  0.12916470523050877        2.6409726021719860E-002  0.12240494791549558       0.12963093131838904       0.71232360491445623       0.16106233861864294       0.24343361515075937       0.10820445979958287       0.11603514329343266     
   1.4086959558857406        1.2353200872604064        1.1759910695319937        1.2757276798260160        1.4755190436233188        1.3150842155716536        1.1771606866607638        1.4172129105880791        1.1692061259919184        1.3732467517480893        1.2817267425289620        1.3781902238864658        1.2266063910051335     
  0.14794940755754307       0.43823434105203513       0.92483396198324752       0.11744508371189780       0.15837941502890621        3.3195724116118264E-002  0.15385736396741514       0.15869063560394939       0.75213238894665291       0.17517705858333563       0.27266634260985506       0.14004474492997748       0.14658534620634994     
   1.2929504484318193        1.3120409529671708        1.3694677511251565        1.5458870833383604        1.5710736797350793        1.3624779649701932        1.4898010163332966        1.2946863380257159        1.4674658481688201        1.2844018947513223        1.4704549364924255        1.2157931006198999        1.3589655535073331     
  0.18168328357984673       0.46928874234299395       0.94286379418429622       0.14067046174526779       0.18899875070246192        4.2506395812617712E-002  0.18613028398924777       0.18973008965293070       0.78058327925659410       0.19057482938403275       0.29736821996678314       0.17328324792623584       0.17389569528498855     
   1.3817659497789754        1.5569552541403568        1.2908561744438678        1.1735073911448946        1.4230498143993513        1.4421394269610226        1.3492207989448071        1.1540231303867643        1.1881411272240743        1.3486222002951522        1.3384301878119265        1.3366108406824444        1.2713435313233399     
  0.21388503479116044       0.49412439689386134       0.95468805501819964       0.16449583714532218       0.21549654487728187        5.2477315055186685E-002  0.21778513033125810       0.22338707725664991       0.80173593358763218       0.20511937243188796       0.32175839581136412       0.20447035930891772       0.20698832625278407     
   1.1915427018205662        1.4489004222132933        1.2177239114614824        1.4387920471796678        1.2757598137764443        1.2156346923048980        1.1194955582327870        1.3053962726154285        1.3835035578092405        1.4208723078219032        1.2916201587694713        1.4762454660416278        1.4423882809773632     
  0.24276374541435319       0.51549868479628125       0.96329802327446368       0.19316715362420764       0.24837988733004751        6.3065259092301471E-002  0.25005329886252831       0.25392297216105530       0.81829654164408205       0.21665367182298145       0.35232798692909473       0.23950202958052075       0.24603389598117889     
   1.2899557866381852        1.2361863111446210        1.2329774525185848        1.3980955582103005        1.3729558992884159        1.5954118321160691        1.2420998846109039        1.3758629174059032        1.1881345983986018        1.2722541449254299        1.4434496108373236        1.3332871176333299        1.3826621861938704     
  0.27630361139646820       0.53699894381907887       0.96981905627642051       0.22087609360065624       0.27940061007170630        7.4768136096927562E-002  0.27852121350689857       0.28048766564099636       0.83668271570687136       0.22785724629063997       0.37863093420206906       0.27698568124397571       0.27775498512989044     
   1.4123556773230503        1.4794151480369697        1.2344024141173275        1.2595928986705283        1.2675592964666402        1.1207135178361487        1.4060314444118331        1.3546512002558102        1.3384835004720506        1.1084447235743895        1.2958648194656828        1.4919070332733959        1.2771763333269679     
  0.30657648548660332       0.56044651520630528       0.97507340009118837       0.24796106678637933       0.31339012081436163        8.8912926714797030E-002  0.31170480229519787       0.30920860607932693       0.85137272233201189       0.23941464748523356       0.40525533676247766       0.31274846692878117       0.30917570843199049     
   1.4569862798067765        1.0928790413005116        1.3181727356348423        1.1315592297258064        1.1876004391577308        1.2969602493816468        1.2491068284072253        1.2753890171876483        1.2105710157912779        1.1170607564089838        1.3971429451893385        1.4854430464442181        1.2877373223956023     
  0.34182951179795179       0.58216274638783971       0.97962653733596927       0.27407692638530506       0.34552270028750409       0.10395576273209395       0.34385833765923773       0.33910880565948504       0.86554971929938052       0.25141889070909629       0.43093733698436615       0.34672163782580556       0.34325031595942546     
   1.4329999741136055        1.2176417299952824        1.1993981899758990        1.5276062216211506        1.4680902420760444        1.1997012525638404        1.1757094244844177        1.2863023806772476        1.1454735543537440        1.3860116093544579        1.2978903136834479        1.3812178357766403        1.4199480213578906     
  0.37885562052452604       0.60293523678064875       0.98358959874328578       0.30579862489556842       0.37574602224188286       0.12106184380699545       0.37747199903035666       0.37219133706217949       0.87996432762128907       0.26484367442170814       0.45444741802771960       0.38567101487011879       0.37769843704406381     
   1.7481211171849134        1.4201430313183958        1.2213974040029361        1.2353247725626111        1.6487126098760110        1.3836601704906220        1.2993505199728608        1.2810898360368563        1.4040349394946259        1.3345805983660950        1.3646256164546990        1.4902175847653485        1.4544605211933079     
  0.41154387559712485       0.62481040799223908       0.98664044074715296       0.34344273335837283       0.40768226303169375       0.14140990823898530       0.41086771383804732       0.40708353726434349       0.89444645126813849       0.27880315375306269       0.48155226523891070       0.42085871692068716       0.40957779980737102     
   1.2132391233614934        1.3247771101051602        1.3614956322136698        1.4674684121241248        1.4496715834334895        1.3352210086159537        1.3654406349492885        1.3622490249898893        1.5173586964284433        1.4452116773601691        1.2914353159492991        1.1826194273294213        1.5516764318817136     
  0.43868438073444793       0.64454329596746374       0.98872149305983625       0.38461502420958477       0.44022852031176213       0.16234934703483461       0.44544027693947347       0.44607052270843522       0.90258675210405503       0.29270642567628152       0.50748857588169360       0.45544438239757862       0.44171416781973738     
   1.2356842186210550        1.3218110812548307        1.2588921341406438        1.2499872231418756        1.3856373049897923        1.1660838532444122        1.5554524855534779        1.6225082165670088        1.2918618789602796        1.5163984563046509        1.1857969756305491        1.2675268973173788        1.2783517641453679     
  0.47192079051683000       0.66334634993265307       0.99104123346724693       0.42119313361946115       0.46947120702673995       0.18240619085762952       0.47838460361197882       0.47481304097614729       0.91283318933049906       0.30494518534478882       0.53876315844450062       0.49257048618644156       0.47684136710711272     
   1.4319348350821834        1.2699566388068684        1.2658073171283648        1.5430552868195906        1.4077376083319606        1.2438420454671508        1.3323470004951428        1.5943501797333683        1.5354849517416360        1.2148923246915462        1.4522506357166736        1.2606965146920672        1.3917227261661727     
  0.50310055798881625       0.68346871004069565       0.99243795989723627       0.46014460239697735       0.50175368947035492       0.20849788750908640       0.51017725694860172       0.50875942232238347       0.92237651884689331       0.32143286846374808       0.56777371332037530       0.52727799436518163       0.50452595573411008     
   1.3536610647671787        1.3266380009493288        1.2057138622730377        1.2431948968165263        1.1122606768204142        1.5632229759840879        1.6391044367286982        1.3225505443366468        1.2608931506651206        1.4990008183315475        1.1206416894830498        1.4909798490654513        1.2832889300278478     
  0.53022959198804887       0.70446496105565781       0.99376891439592074       0.49689327609677142       0.52974017279085661       0.23945113568155146       0.54313023405463323       0.53774974985213719       0.93081191036221089       0.33615674745074076       0.59401066140157222       0.55912129652467513       0.53235721775354183     
   1.1987282141861044        1.4253655995311212        1.3195010423051978        1.3867404179423197        1.1795288096235208        1.3264784708111987        1.3445284901990404        1.3103344103178720        1.2184358215742372        1.3473065591065974        1.1693658901242256        1.1322304688088578        1.2703829179892423     
  0.56100315060082329       0.72309443234313753       0.99492656080940256       0.53475792677163236       0.56086792029692822       0.27081901678344672       0.57426811650793785       0.57429557247536356       0.93834926401140495       0.34949686845390593       0.62486965615495071       0.59005940061111961       0.56050894889367675     
   1.3735535382024131        1.2860400782470063        1.2819684928501136        1.1366438067426072        1.3643817807614449        1.2662770724823484        1.4714728034617843        1.5728948197735286        1.3959966256158944        1.2266918890593017        1.3489001563787824        1.2316246455329369        1.3450157896578478     
  0.59450403145815134       0.74048923946720246       0.99573026033981193       0.57442661901388914       0.59212172451452794       0.30680303818176652       0.60384835116482394       0.60855753878689445       0.94448668114211431       0.36398985728541056       0.65539797641062880       0.61918346395130786       0.58805232700189336     
   1.4054233213837666        1.1757497204877083        1.2225122173111427        1.2688273409888118        1.3746013729554929        1.1144501018751145        1.3114224363565421        1.3453084093990537        1.3051092982933694        1.4129830977249669        1.3492225440366794        1.2566294720304096        1.2818886303834027     
  0.62371071021615854       0.75909011692877615       0.99645838717334034       0.61508051717871781       0.62452127201258945       0.34916186107638170       0.63954049576358118       0.64161813777108712       0.95000790337737995       0.37978284405470619       0.68038846260746999       0.64781852070502666       0.62293314532193589     
   1.4687448914530543        1.7032521751037628        1.2820275925417643        1.2701947036566608        1.5798867962441021        1.3133544649260624        1.6280093411351377        1.2717523007632214        1.1926249180433972        1.3429599605126088        1.1477060390472595        1.0829657956220398        1.6950253266022703     
  0.65390526709025010       0.77825355550940634       0.99710846531624497       0.65249101205559290       0.65660104742076997       0.39345922899791458       0.67292284168031558       0.67270228968451939       0.95552936836504099       0.39615940408105638       0.70368626043648486       0.67709536919756796       0.65897099633234379     
   1.1554660541800128        1.1159230108082230        1.3496813693439784        1.3191228021847590        1.3445660064002192        1.4513571770409190        1.2798127132143327        1.3895103621448883        1.2525071136870658        1.3411778524321185        1.3094461813284384        1.2564441158175585        1.3334696649308964     
  0.68653927250781288       0.79523812232728330       0.99771013003807030       0.68713683846112261       0.68890564035123070       0.44072379999433392       0.70437982247656916       0.70431967137420870       0.96072683649678658       0.41674990838676085       0.72745760853172459       0.70700710198632921       0.69299591494187163     
   1.2423540993095108        1.1428050082445951        1.3477721968806822        1.1790352547067127        1.1843258215535033        1.3325241219674102        1.6599171544319855        1.5027012511725619        1.3153441987243475        1.4452321399810220        1.2559442082964782        1.4890508731498524        1.1668180300828286     
  0.71450607337842209       0.81457754190112230       0.99815634367285988       0.72202481270456298       0.72139234986372136       0.48890855361561542       0.73444809246072651       0.73734621271364786       0.96581877867454757       0.43641292370236573       0.75667585418685057       0.73724020954289060       0.73388027726154992     
   1.2364607854362186        1.2579604865589393        1.4135743094004540        1.4180103162643780        1.3765385102474559        1.3576496317142928        1.2872389359383614        1.4618354475613622        1.3726884547265210        1.1846351099539663        1.4467229031727324        1.4113843722024140        1.3446868213739573     
  0.74846614272865963       0.83257766776222264       0.99853186372115066       0.75824358255264235       0.75220876599139597       0.54013681352316723       0.76520393371638584       0.77090693047926961       0.97081492721794993       0.45776897802243549       0.78205700102370501       0.77435187609915368       0.77222117192326767     
   1.4374905703972587        1.1398837381491189        1.3178805020161324        1.5747107050967775        1.5335101007429210        1.3308829195403438        1.1579098143002324        1.3470088335509565        1.3755325286991478        1.3992167837499703        1.3721523876838582        1.3293949515693135        1.4688825458426709     
  0.78032647656897347       0.85028384306818761       0.99884682737166752       0.79191263292956737       0.78321635286307190       0.59646802425370848       0.79518284309014786       0.79778253821993750       0.97514857447060344       0.48595864608648842       0.80671229999108662       0.80523178174943766       0.80115588102472013     
   1.2498551612886737        1.3531170853709487        1.4050653932032691        1.4272332407353183        1.3046601422921953        1.3413769238889719        1.5950796860044367        1.2575018391382524        1.3348796821668736        1.3717700702209887        1.3489376651418628        1.3571105634257365        1.3326759929753205     
  0.81206157377075228       0.86904474328385983       0.99909931414080555       0.82536945557265406       0.81512235555916124       0.65757606432191129       0.82310235455494263       0.82527431022279263       0.97931488510896891       0.51634654144235559       0.83090097074674407       0.83882313834050171       0.83083448137416083     
   1.3624939414255808        1.3915170014429064        1.4249329926280994        1.2418976540910434        1.4480743998917487        1.3375564600220176        1.2385054108915536        1.1086566809030514        1.5631513720114980        1.4478229604413542        1.3275251863819064        1.2874534288280033        1.3193967669480942     
  0.84336964894627398       0.89201207434737040       0.99932750681678495       0.85530628359197225       0.84967562953630527       0.72108506625970237       0.85130182029662715       0.85594159983952145       0.98292391065430085       0.54932145316263259       0.85658091832061711       0.86798395811228812       0.86598190084435278     
   1.3148282988495592        1.2754858663171644        1.2901250196112950        1.3262864487524579        1.3935963053682372        1.2847631801116262        1.4334976447985541        1.5273219081724032        1.2278128036748528        1.3083043752257539        1.3436228786519140        1.5018382802209784        1.5058831988630168     
  0.87305505888625934       0.91174024143354238       0.99949984948639259       0.88615411138832612       0.87521926828633412       0.78446406349740383       0.88101174523383519       0.88420402903513728       0.98605952875328728       0.57260260557507270       0.88449852564572595       0.89389113754168015       0.89481369583394188     
   1.2307338061804327        1.4419310030506911        1.1787510472728429        1.4376414270203810        1.1417895081372917        1.3045670410943380        1.2710962431228343        1.4955490260245445        1.2704182253069010        1.2241777358308856        1.5410542712468422        1.3762916904328646        1.2549904261362992     
  0.90316412052639905       0.93139215865751035       0.99962377205490360       0.91791275741636713       0.90664691305916900       0.84380092623067715       0.91293061166888667       0.91163136289514757       0.98939168439101344       0.61859391750448289       0.91409383413920153       0.92155359924171631       0.92689421537886418     
   1.5116045879957691        1.4646421637616371        1.5511869313991948        1.4245167310909999        1.2757925830668251        1.2665407400735498        1.3106982248821135        1.1756311311569323        1.2562577922796518        1.5913536542329074        1.5834183030321007        1.2566555497233038        1.3458167944488435     
  0.93268145523427570       0.95324703981976666       0.99974408225937794       0.94737551666313602       0.93445690375695223       0.88688345813916636       0.94362819643743956       0.93910846110261093       0.99214526370784917       0.68288748870658933       0.94294213815424088       0.94761338256939742       0.95418943421456959     
   1.4024199568356699        1.3816308648756734        1.6779995975228028        1.3235378366965151        1.3975731749394498        1.1924571756733462        1.3209623579198790        1.3110004280611931        1.3165982583259164        1.4538186448986878        1.5234373375853918        1.2617226001779929        1.4969411384938400     
  0.96538790098377669       0.97613108071508803       0.99987065093432637       0.97290271148212959       0.96282149738544143       0.94401925588543378       0.97280022219565487       0.96800217590392224       0.99545096299770919       0.76332233193962051       0.97140446280416626       0.97335181606103738       0.97604495566597460     
   1.4314948103212932        1.6072758272949441        1.7192532443167565        1.2422703987245836        1.1246603748167792        1.2080525371923581        1.2146347164189328        1.0836089109340081        1.4894427954456066        1.3413544085610973        1.5346047693913554        1.2811960442499819        1.2098817040744057     
   1.0000000000000000        1.0000000000000000        1.0000000000000000        1.0000000000000000        1.0000000000000000        1.0000000000000000        1.0000000000000000        1.0000000000000000        1.0000000000000000        1.0000000000000000        1.0000000000000000        1.0000000000000000        1.0000000000000000     
   1.3795278147654417        1.5278523145974925        1.5175548706855773        1.5749936446611736        1.2727841964154258        1.9277795458974922        1.1314540451835506        1.1867455481605604        1.6039603595001641        1.2629049621481232        1.4473821858005735        1.2847187826701736        1.3351945207882059     
   33.117112888590860        19.435428984783520       -18.416116450536396        43.485626072805218        48.568633775381805        46.894596193418650        40.593180103455239        43.714633534210094        23.904354366088711        35.982432445383502        50.140643347029027        38.300918868426649        42.915724903608570     
   31.802671426710873        273.83484380845806       -1.5921669675181711        46.195149152818594        44.632706340407793        46.338631458947518        47.176997331246220        73.437723582322036        23.904354366088711        32.099960339124465        23.256318049786294        40.926802518362607        33.515328955649800     
   31.916406153860859        42.664514457221330       -14.777695554802426        59.416999193328905        47.068715652478872        48.364395617317896        34.873738949739810        34.670149547076207        14.203854290946644        43.071945786907861        42.307264256909647        26.402380333975291        41.975722130622565     
   46.840171193828560        40.080011601320663       -15.197291295252288        43.452367057145864        34.169298530067628        34.918364014326094        38.671919254785514        31.662572914154179        306.00416171104217        62.194927842240254        58.968814731686699        40.317983209213324        35.785145692139544     
   52.844965731777606        59.880447143100739       0.62641773590804739        39.974435661818788        41.114886126385848        49.638304817734358        36.423870829131126        34.939891408976209        6.2997841977257121        48.639555770341488        38.931669133042220        43.410651658854519        33.865895861170991     
   59.787963320504794        46.196142200002178        10.563608125530562        55.731561651080661        52.769832339085610        37.414093215186639        39.483828579093590        53.209137239293348        28.626891902303612        30.080355949662604        70.553177058023735        53.385898972758802        50.247730427298805     
   47.745765658363474        56.130613089646047       -4.0512145908013562        54.794824383575424        44.618137739869844        55.938231111530605        37.900382945034011        51.970208882149208        41.065658137508905        16.919923964484592        48.736941522804635        41.646972980469897        50.716961279794297     
   27.591584928375138        31.342157591778591        60.082462142762459        30.310728329854530        53.485851958292031        50.447630775533078        75.881099651096122        32.039696229406360        68.047841185165183       -6845.3970425613234        21.846076361545411        47.751233143716760        64.077494162294983     
   5.1016879992433068     
           1           1           1           1           1           1           1           1           1           1           1           1           1
  0.88217201156902492       0.19372251723373787        6.9810709044640209E-003   42.353319629455846        6.8998209963562485E-002   1.6635254752047103E-005
   1.4203738697242143E-002   2.1531398078028233E-002   9.8021401492422826E-003   1.3658271389985464        9.8002915668739272E-003   1.9666980977964138E-006
   5.0000000000000001E-003   49.068871495523240     
