 scale variations:
          -1           3           3
   8.6788605668162013        6.0107225134487789        13.237967272116265        8.7198436490150648        6.0391061858152995        13.300479245512102        8.4983178108463804        5.8856839326819514        12.962583300182850     
 pdf variations:
 NNPDF31_nnlo_hessian_pdfas         103
   8.6788605668162013        8.6721731519538867        8.6695646416136114        8.6663970811741819        8.7331923640224769        8.6759885727217156        8.6421123769009096        8.6730892937126072        8.6384064473431827        8.7094593491675916        8.6344015999987658        8.6016336610699398        8.6971429175572403        8.6200978813832752        8.7055717783682116        8.7353401310236674        8.7507432380800232        8.6353379899438139        8.6498768072166587        8.6439684743279059        8.6761282670336382        8.7120390328155075        8.6977825501023673        8.6369626894665661        8.7201565199742852        8.6965168936680115        8.7008146696018116        8.6995676077181034        8.6741691330484709        8.6744039438213107        8.6169778615413417        8.6971538905376189        8.6583532983731200        8.7227631464550921        8.7150599847465102        8.6644398810017424        8.6867590360821811        8.6949991033198604        8.6760818240542861        8.6475352835648192        8.6879881301820276        8.6737646925475023        8.6592665317940067        8.6521422671536588        8.7038882409654335        8.6806569601827324        8.6870155496293897        8.6791431897550630        8.6691814805680103        8.6890789737993472        8.6876788927199140        8.6807897619338341        8.6807893482557645        8.6771996586672824        8.6657218650468852        8.6615404881419504        8.6848591259679928        8.6969484303313820        8.6844569655679749        8.6784562686413160        8.6822688028139599        8.6634427448280142        8.6849662484200607        8.6799954272548927        8.6755159672685256        8.6909826477183518        8.6734687691943435        8.6786049012921040        8.6789093582867523        8.6754152699106601        8.6787940698046295        8.6668466422845540        8.6729758843770686        8.6833868156504241        8.6774620715582671        8.6745663642169930        8.6802832521757285        8.6733980386141400        8.6772673564568077        8.6757899848235702        8.6782408155836510        8.6821688427526187        8.6813660873967393        8.6808034320982514        8.6900781856875078        8.6818106749752175        8.6829184620668833        8.6800215058048362        8.6840979572078165        8.6790905038473216        8.6752146078194290        8.6801338281053635        8.6779375814702586        8.6833349761677958        8.6854264270830974        8.6782729886124113        8.6732895659511584        8.6764182122755624        8.6791138134762331        8.6795999647379052        8.6750686802692982        8.1875135466118518        9.2424277321931463     
 NNPDF31_nnlo_as_0108                                                                                           1
   9.4597636617768863     
 NNPDF31_nnlo_as_0110                                                                                           1
   9.3742302633709986     
 NNPDF31_nnlo_as_0112                                                                                           1
   9.3482736080396514     
 NNPDF31_nnlo_as_0114                                                                                           1
   9.3176010566128920     
 NNPDF31_nnlo_as_0117                                                                                           1
   9.2847227079901735     
 NNPDF31_nnlo_as_0119                                                                                           1
   9.2474755302125100     
 NNPDF31_nnlo_as_0122                                                                                           1
   9.2010509800135694     
 NNPDF31_nnlo_as_0124                                                                                           1
   9.1329944676176460     
 NNPDF31_nlo_hessian_pdfas         103
   9.1981967703159562        9.1858295397378704        9.2218532324939453        9.1840145103209618        9.2530839232919480        9.2038527494749953        9.1485610565816824        9.2322470670655346        9.2261597888681397        9.2357030615480156        9.1360546751274754        9.1628365085133741        9.2135136369859048        9.2626151741293175        9.2090485106779152        9.1367087452561311        9.2812493477211557        9.1589658869799706        9.2396015286706152        9.2054499213524270        9.1619178121616844        9.2501573824674654        9.1932394567806526        9.1565295039546548        9.2241081746598130        9.1836345557042414        9.2154379186267779        9.1886235608465174        9.1833258040074597        9.1762725511963392        9.1381738865130533        9.2547808054156011        9.2003954231212788        9.2597569672843587        9.1992455654498553        9.2558315468530719        9.2105610001165470        9.2004705906282087        9.1992414566328549        9.2000411367513344        9.2056045257828156        9.2002500452563414        9.1731631605495316        9.2119326416840135        9.1966952946006675        9.2055277326372273        9.2263524335179845        9.2101605126043982        9.2003227674125636        9.1831536550297521        9.2023823160906773        9.2041665794224592        9.1762444300884471        9.1946217826378405        9.1785219151128281        9.1806466602669534        9.1899975753252523        9.1939752950522511        9.1980248932970419        9.2068563700497137        9.1960882654290366        9.2064125369838141        9.2126351250788989        9.2189607947206920        9.1962131360543715        9.1992461158738053        9.2109926973384173        9.1902982458697444        9.1954008545328474        9.1975752239758695        9.2054256097966007        9.1977393113021630        9.1912557283062863        9.1964402751482748        9.2038387282594201        9.2003726770468734        9.1949433547755319        9.2057681086749010        9.2040115038934349        9.2032423474339726        9.1937774777523682        9.2080528475260497        9.1942966916772288        9.1972865818548737        9.1917082260692951        9.2012246912975133        9.1950401474986254        9.1975414222498628        9.2004609978678200        9.1966350970770261        9.1970747566824897        9.1920378035204067        9.1981644800359703        9.1937493129007812        9.2045556700240869        9.1983585617114816        9.2032828240804214        9.1998465962079603        9.1996226514990305        9.1974238604321155        9.1910499439347610        9.1967765258167997        9.1614575630471666     
 CT14nnlo          57
   8.6730284470281269        8.5752407473698327        8.6133166489472242        8.6772020852663552        8.6481103622524849        8.6533973671274094        8.4706251840537057        8.5548777909184235        8.6364383251504755        8.7655998651787410        8.5848078890376627        8.7046879312520868        8.5810637342985618        8.6675337253695623        8.7253536771020688        8.7084715126840688        8.5316274223217050        8.5992139199306266        8.7452139035166319        8.7862053157169484        8.5645275655171957        8.7107460935319434        8.6492371556699386        8.6638288977727385        8.6803816924621948        8.7579372827754280        8.6014049799742409        8.6837228520233065        8.6513986587996481        8.7163122309469205        8.6415350144966450        8.7037732346915853        8.6195129788435629        8.9265299883376770        8.4301037647800641        8.7680346236617090        8.5905326775347515        8.6675514917688528        8.6751795888482857        8.9253410650908496        8.4394454579049007        8.8343265551316055        8.6217951187044939        8.7691355586867630        8.5365036310662585        8.6992605093085711        8.5823233753196799        8.7396843010771370        8.6239049558923533        8.6314184791615656        8.7865438066448576        8.5885397350522137        8.8157328587950090        8.7990879650853753        8.7883516465249478        8.5409633003437992        8.8999226563130307     
 CT14nnlo_as_0116                                                                                               1
   8.5941885433575465     
 CT14nnlo_as_0120                                                                                               1
   8.7595701601505578     
 CT14nlo          57
   8.4898587253365534        8.5890724748448637        8.3564534085433451        8.3868678766685747        8.4758162920393634        8.5765924151389399        8.4647846152596529        8.6133201693872881        8.4548312112019293        8.4721392973846594        8.4427591841076843        8.5040068733969481        8.4964960759557684        8.3286323223469605        8.5518124094887575        8.7266942900613138        8.2386246279619346        8.5977457666163506        8.3707116378230761        8.5539264219353157        8.4166686635919508        8.5151491931441896        8.4295358253520085        8.6325651682032216        8.3413370258093877        8.6382345329605918        8.3565629831282457        8.3827834484948536        8.6221710155140663        8.5045920671589990        8.4849815136338567        8.5128334055078803        8.4595907569078701        8.4290074281475444        8.6233249309859374        8.4715436383836611        8.5183354017669650        8.4815122065492723        8.4642461899762580        8.4011177119470215        8.5212536881236129        8.4219806829188730        8.5858786729615932        8.4857287173404892        8.5438058766074043        8.4043402077025036        8.4821471438976399        8.4038083944794568        8.3583116288698225        8.2701926985149647        8.5379292803183180        8.4358233221003367        8.3962385393495236        8.2816370160395820        8.4944027681359131        8.3762505094085373        8.6625744902487263     
 CT14nlo_as_0116                                                                                                1
   8.4384909512675730     
 CT14nlo_as_0120                                                                                                1
   8.5396496797588117     
 CT14lo                                                                                                         1
   7.6348666319299676     
 MMHT2014nlo68clas118          51
   8.3497141235087877        8.3454355500823869        8.3545127294166868        8.3096802321472811        8.3765327112078563        8.3632525302843757        8.3374784510584181        8.3253803178651644        8.3768277871401899        8.3537464857457238        8.3456003830512202        8.3560205208617511        8.3363551742317270        8.3461028463715650        8.3567972629878575        8.3350705295880640        8.3580592523525805        8.3570609093330486        8.3421931520639312        8.3661994827721493        8.3353355588930533        8.3524357008004593        8.3474037714634584        8.3617642497644482        8.3431164207806869        8.3432507649256245        8.3472246117488726        8.3697299703338768        8.3455708082303470        8.3408953415834972        8.3604730395286673        8.3589848357266270        8.3392329526617086        8.3750589395208301        8.3269956328886607        8.3552265276301245        8.3459852194379298        8.3397476471778464        8.3645421269587139        8.3390628563937454        8.3610924990340134        8.1714402259456431        8.4984389281235853        8.4796896242315167        8.2372122540168711        8.3052388723145096        8.4584274806175568        8.4230426510550647        8.2073021429063360        8.4113590627368993        8.3211625073365294     
 MMHT2014nnlo68cl          51
   8.6439214994718867        8.6314278581242476        8.6598403848092751        8.6755210087842283        8.6127387412760115        8.5957390171130381        8.6635305268423668        8.6205759396531114        8.6671862109506872        8.6445569044812025        8.6433249060287682        8.6262240240243298        8.6516305167844525        8.6455915633775415        8.6419101699150946        8.6351290520366266        8.6536666107832154        8.6874343817131585        8.6196680657880425        8.6403977994287740        8.6490075496084327        8.6396156471028380        8.6467788600311639        8.6713570276461116        8.6174604870958298        8.6453712084702516        8.6406027300235717        8.6593835646501045        8.6363040066450107        8.6381301037790656        8.6589598507688699        8.6479974866266858        8.6379675398696882        8.6349864403556680        8.6660637307890340        8.6366367009560605        8.6486027544540445        8.6410591921059403        8.6497958215419750        8.6312783998941747        8.6532002216602475        8.7258099395331445        8.4552559970562520        8.6579553185946239        8.5752310728808645        8.4751077724178643        8.7482705522823068        8.7505847656185693        8.5954556565905023        8.6072014807246866        8.6444255740063038     
 MMHT2014lo68cl                                                                                                 1
   7.4335827538783033     
 ABMP16als118_5_nnlo          30
   8.4603105220760746        8.4600462605935167        8.4633909838263044        8.4511052526637567        8.4604611600887250        8.4656940350092427        8.4309005679616984        8.4867891408092078        8.4736146053686596        8.4596230974291338        8.4530776186222329        8.4661645905866365        8.4415082750690651        8.4563275829087274        8.4752425776321623        8.4684484734231411        8.4511525288900486        8.4679427590252185        8.4852861282934118        8.4843326129039198        8.4580763800089702        8.4404333484007985        8.4508466665342930        8.4597340896475330        8.4498398367953538        8.4572781815843037        8.4937002894981504        8.4810542998808600        8.4713883434823085        8.4079671376218101     
 PDF4LHC15_nlo_100_pdfas         103
   8.6097911701763330        8.5441563698271281        8.5966973802880169        8.6796002019693077        8.5608680092833715        8.6333971429960350        8.5996826660244654        8.5607721043755838        8.4600864160436089        8.6759530152867690        8.7085439367626361        8.5038150119190430        8.5750848649368798        8.6136694695797189        8.4528483855695953        8.6449808064844742        8.5263974947262398        8.5756265663710636        8.6924451042480033        8.5318106770189157        8.6122141978066189        8.6594106959052475        8.6465008611147365        8.6085379385159797        8.6011252922915400        8.6872854524538461        8.6313303059243687        8.5797317997514231        8.5583684810518914        8.6196924706112501        8.6275116323808110        8.5990062179339617        8.6469014882083428        8.6059627317863061        8.6439346548476728        8.6160479402716579        8.6009248800247864        8.6284693566781421        8.5784487491694232        8.6219149598041938        8.6223092205739018        8.6220339497455836        8.5876885854042460        8.5966099584434819        8.6193595328554338        8.6025881817859258        8.6240744972144849        8.6062995916136078        8.6072367482814336        8.6098134095752883        8.6019109177245490        8.6117743328736136        8.6033813353901341        8.6123173159815245        8.5956552240101995        8.6114097204242910        8.6102640845247649        8.6149653923529996        8.6158599159011473        8.6067142957182590        8.6027950832954776        8.6179237950668082        8.6063205641529947        8.6122256484456763        8.6060653501739299        8.6179176145781966        8.6161599415864334        8.6099546827714644        8.6171172882025253        8.6090427674891785        8.6090169442373323        8.6079545145417065        8.6096718816805158        8.6046269889150437        8.5989582202611476        8.6120411685234846        8.6134661735274030        8.6089194733660683        8.6081767252644639        8.6154396749803102        8.6114921187479929        8.6132998666417606        8.6073531981382452        8.6133004171418079        8.6100394555416102        8.6100476614659698        8.6173682407713486        8.6112497203725216        8.6071423416321622        8.6127448511912110        8.6107453516761350        8.6089681531997915        8.6100541215817739        8.6094212166240531        8.6099951254572495        8.6144556325253063        8.6094391894358573        8.6104894601067290        8.6109037590841364        8.6105005270266712        8.6071196576626985        8.6148084830695080        8.5991649384131570     
 PDF4LHC15_nnlo_100_pdfas         103
   8.7957966700098229        8.7568399251123079        8.8096777685779575        8.7569118121619702        8.8214986817776957        8.8625600997750542        8.8229882854385977        8.8082583921465201        8.7787446416704178        8.7945172566970999        8.7031270714101527        8.9560900151266463        8.8717671544876868        8.7753429656558755        8.8099015476584306        8.8644785594333122        8.8846581726949392        8.7147569158553733        8.8190981982041876        8.7488243845711597        8.8527738008985253        8.8241945962896331        8.7174551305904782        8.7985034815483836        8.7421553702413686        8.7684673839128333        8.7719001918088857        8.8043484798966567        8.8270171929112600        8.7696598955464111        8.7634412392403416        8.8158761148164420        8.7541987097756007        8.7976434879200571        8.7737096186940811        8.8372550595139856        8.8072083838548885        8.8192208465634518        8.8017884906822914        8.7687948513537588        8.7870564366599453        8.7998669883747276        8.8189520949418032        8.7747570181527674        8.7884744254960641        8.7735218027067958        8.7714137918129254        8.8090850094534137        8.7946725286998095        8.7917991194445602        8.7829274379861264        8.8027270075863839        8.7996322480671356        8.7974088208676449        8.7973078910862359        8.7933206674372268        8.7986534606127300        8.7924396189245062        8.7942208124772598        8.7977727593095469        8.7920319014150294        8.7965366729991317        8.7958897547980541        8.7978208293521121        8.7965604808799469        8.7985210264975198        8.7897722831367844        8.7945000833010116        8.7974767812042618        8.7951970272239937        8.7869890919864666        8.8040970452566505        8.7985469099258768        8.7883171715483375        8.7924208998613551        8.7996823983841264        8.7964659333714756        8.7971476797408545        8.7957018183050160        8.7950377030629330        8.8055617836995665        8.7928778166461541        8.7963836804323190        8.7891478991779302        8.7964900202006344        8.7916869245683760        8.7991636777449109        8.7897754021241372        8.7944278058133136        8.7954877862986702        8.7942571173291189        8.7974900736303709        8.7966337213142296        8.7925876311494520        8.7944482221682030        8.7990810002486217        8.7905876653951935        8.7962200086528632        8.7969365145493637        8.7936870985906399        8.7926200987718452        8.7877582456326220        8.7978039026891910     
 PDF4LHC15_nlo_30_pdfas          33
   8.6103898120272593        8.6300564011896661        8.4018113641271448        8.5964628008750914        8.4761378388040853        8.6285090020915085        8.5858328943396440        8.6180984688176601        8.6631862831563531        8.6141740353897411        8.6469436216358684        8.5246505509724280        8.6321575122416583        8.6279870487433357        8.4505288235468523        8.6261673019964729        8.5863109524762020        8.6296780494715186        8.6264853021145154        8.6378495548953378        8.6758933075367324        8.5968859350674638        8.5845488809262012        8.6160335416238851        8.5736902988577910        8.6120019797458696        8.6235734252423928        8.6486758527987302        8.7096310654189484        8.6011952144199650        8.6130324749500282        8.6148084830695080        8.5991649384131570     
 PDF4LHC15_nnlo_30_pdfas          33
   8.7963791525713990        8.6321460624660062        8.9620992694046588        8.7717011054502372        8.7989079403577257        8.7303831402443901        8.7929789251923740        8.7839546537030149        8.7669109679297019        8.7491116103828954        8.7800086002847220        8.9108772450613429        8.8112022826809966        8.8187262516466003        8.7896504709371008        8.7782036729176660        8.7751064459138082        8.8192212001577630        8.7880334694215048        8.7947057838205289        8.8185589471928996        8.7777933398155117        8.8506800737662044        8.8038349575984434        8.8292098944363833        8.8161601173241380        8.8121729197517542        8.8010168340466723        8.8397734055793382        8.8111900967371053        8.8304848828473919        8.7877582456326220        8.7978039026891910     
 HERAPDF20_NLO_EIG          29
   8.4588942716400624        8.4639590074792874        8.4538494302629452        8.4571414928910045        8.4606199836229550        8.4765951144288643        8.4412386696785777        8.4751819618758280        8.4423087030366961        8.4756669625702692        8.4422120456030054        8.4356620249614984        8.4856522399772931        8.4382894890126394        8.4796878169847041        8.4577833479196531        8.4465875383429498        8.4672630561966482        8.4573663338504090        8.4483703204773448        8.4647285331694988        8.4505492254001719        8.4616563501529036        8.4005076291387137        8.4867128066127684        8.4573075724667373        8.4684536327259679        8.5502544808174576        8.3751306657678946     
 HERAPDF20_NLO_VAR          14
   8.4588942716400624        8.6566170374697684        8.2119191007550096        8.7702287746825967        8.4490803313679610        8.4903405433233754        8.4963475725728053        8.4535768626837786        8.4680479966863924        8.4342029973656345        8.4824249130969847        8.3835724246691612        8.5337780147790685        8.2614369049227960     
 HERAPDF20_NNLO_EIG          29
   8.9173488471688387        8.9255482477879688        8.9086443822593999        8.9035246337214673        8.9306711748599472        8.9282489993866534        8.9059323918360782        8.9280075792933840        8.9055767154796239        8.9128789939440285        8.9216054827824429        8.9423712107103253        8.8920489973779411        8.8990903320051604        8.9345272294656102        8.9045489396345765        8.9122349827118956        8.9329824220402099        8.9005529266467533        8.8924069219827331        8.9423172871694341        8.9229503975524782        8.9032633427754941        8.9367738240441774        8.8973529167917622        8.8758420154565094        8.9430160436104273        8.9251527002542073        8.9182014996474450     
 HERAPDF20_NNLO_VAR          14
   8.9173488471688387        9.1601583269355373        8.6094683742144191        9.2775096009846436        8.8829617118775701        8.9594699176478052        8.7919360807209017        8.9030155219722396        8.9401363816758668        8.8567830801936829        8.9213326604279732        8.8689309299653232        8.9881782893815476        8.8483565317351420     
 CT14qed_inc_proton          31
   8.4395273397835311        8.4368227937875329        8.4341312516608333        8.4314207691443901        8.4287264214987108        8.4260148140415545        8.4232946309419194        8.4206026701114141        8.4178990009670862        8.4151867765316659        8.4124964208916637        8.4097823062942361        8.4070681351540859        8.4043719949853752        8.4016580730437109        8.3989811348603585        8.3962666706421238        8.3935576671841297        8.3908690278570415        8.3881567837092668        8.3854415547612753        8.3827514202298818        8.3800529288419856        8.3773423698949063        8.3746567913509029        8.3719392601448632        8.3692311539420174        8.3665392929152169        8.3638306950193080        8.3611564091648578        8.3584447898604566     
 LUXqed17_plus_PDF4LHC15_nnlo_100         108
   8.7231669325457215        8.6832808221096531        8.7362055229425071        8.6851574930044819        8.7485190243652138        8.7895719874834928        8.7515391113954841        8.7366360674049908        8.7063079433158990        8.7221179389140424        8.6314064886643642        8.8835783235162022        8.7988495863243319        8.7041531698575803        8.7364799863011307        8.7887368050694477        8.8123792209628551        8.6424265538422453        8.7463931741493646        8.6776125134820035        8.7811549097039734        8.7501119432323176        8.6451414626379783        8.7261905746070294        8.6691120031547531        8.6956915336693346        8.6983317876129949        8.7325118923827691        8.7548557092662662        8.6964852397829233        8.6899348171659696        8.7445918284671436        8.6816455975083855        8.7248266651446205        8.7009269959609998        8.7640263936403180        8.7345459321123471        8.7466335083880189        8.7290271361721530        8.6960413492304447        8.7143576661279223        8.7269043915750792        8.7461640958146241        8.7031147049110587        8.7158634213422559        8.7010128721852240        8.6993185305896557        8.7360076676815979        8.7223296736676925        8.7189735203012031        8.7105620182880763        8.7299853449807134        8.7269027244160604        8.7248628400131594        8.7247338005788677        8.7208039944872233        8.7255433589942779        8.7197132926774081        8.7220750397151381        8.7253306597312772        8.7195107079725833        8.7239598206393136        8.7231364247425915        8.7250747404169502        8.7240769227572645        8.7258271507271825        8.7171356663913073        8.7217109633121250        8.7248750986813572        8.7223397579117563        8.7143724350707554        8.7315837170811008        8.7258001313600069        8.7155492137925741        8.7198045675523339        8.7269831304579331        8.7241315420314187        8.7245827727815257        8.7233133332311699        8.7223984820784306        8.7326435701198868        8.7204866669746153        8.7238684932538568        8.7165240180958250        8.7237918930901248        8.7192390936821909        8.7268066032074056        8.7170469498613592        8.7216907788149083        8.7227054909468205        8.7215778373105639        8.7247099334143527        8.7238857468793896        8.7199998178033713        8.7216138768152014        8.7264490893404023        8.7180826426835925        8.7235620531199096        8.7242942600563165        8.7211651698088559        8.7200481684632205        8.7230986048528454        8.7227191697230602        8.7232378966711952        8.7232497533855522        8.7233743984490353        8.7231970312255349        8.7228687138588246     
 NNPDF30_nlo_nf_5_pdfas         103
   8.9815865517850781        8.6533169302364836        9.0202479446662718        9.4832559207196976        9.1810702095546493        8.4831110277448811        8.8035540100439693        9.0712271736264967        9.1352354555164137        9.2347838933123398        8.6576757939911175        8.1588974542951558        9.1867825704760495        9.2141607183612422        8.8759145407100739        9.0763434362458852        8.9586755347094496        8.7630601758544788        8.8255116503697568        8.9562315945803395        9.5238369636801465        9.4316348693463308        9.0697224872116404        9.3968964661713592        9.1630740169300786        8.9754188727082909        9.0909855109336917        8.9503435099941395        8.7529397344369340        9.1354647630841423        9.5698073958079117        9.2139320184906417        8.5778885974795411        8.8732773251317862        8.9574836466047714        9.5143942281678839        8.8719930187421188        9.1503643220190565        8.5654581095412805        9.0157730478899172        8.9659027534158486        9.0625621627097797        8.7860688160033291        8.9411799952705735        9.0354912548759270        8.9745728337447872        8.9385794512517194        8.7350138842807166        8.9191277748273627        9.2617201094923889        9.0509918249804642        9.0723076661084114        8.8573195918335905        8.7357531319517161        8.9686327301235877        8.8322235606250068        8.8407685151529627        9.1801808091193866        8.9355657957036119        9.2983274237643574        9.2407584739896524        8.9829876404602516        9.1537155508882293        8.6403365186475618        8.8379830068756053        9.1131704636020441        8.9708334664767371        9.1603100593581868        9.0330300650575506        8.5062885461995243        8.7153811305621147        8.8006965414776150        8.6631263521382778        8.3744997782517139        9.1083058491353395        8.8365454304779831        8.6643822832040520        8.8803398269147156        9.1261983464455074        8.7916978449769747        9.1543408032308715        9.1013875161740412        9.0286749644027946        9.1696627351169546        9.0008324933490922        8.8670860925913750        8.8629431179564353        8.9365799299455375        9.1025386242391644        9.2034021478699479        8.9697639245062835        9.2646977832627080        9.0372405178082573        9.0391531914560055        8.9156742845899011        8.7556083527546136        8.8320024900989580        9.0156933049407204        9.0249917830061648        9.2219886135567268        9.1190362360889647        9.0106575301993654        8.9530349498333681     
 NNPDF30_nnlo_nf_5_pdfas                                                                                        1
   9.0369870608405627     
 NNPDF31_lo_as_0118                                                                                             1
   9.7828226871157060     
 NNPDF31_lo_as_0130                                                                                             1
   9.3153945429105196     
 NNPDF30_lo_as_0118                                                                                             1
   9.1081311440050872     
 NNPDF30_lo_as_0130                                                                                             1
   8.5870036130351206     
