   0.0000000000000000        0.0000000000000000        0.0000000000000000        0.0000000000000000        0.0000000000000000        0.0000000000000000        0.0000000000000000        0.0000000000000000        0.0000000000000000        0.0000000000000000        0.0000000000000000        0.0000000000000000        0.0000000000000000     
   8.5396965790238838E-002  0.25520541068958857       0.55612751975948660        1.7750168860393246E-002   3.0451827172160280E-002   4.4931593982386157E-002   3.0624250163544371E-002   3.0024928354910069E-002  0.56825957122173854       0.21984019792810588       0.10921003518754550        2.4025193692788837E-002   2.7117666845898329E-002
  0.86329171178568276        1.2799347808716028        1.2512836254539321        1.1518903177818709        1.2749179506112731        1.6478586673803430        1.2429265411759831        1.0454126034104891        1.0262681227555994       0.89644799320555213       0.99691925226704037        1.1334717773901637        1.3085186667667803     
  0.13743256327853495       0.35675956811017367       0.75156853273570190        3.6133456820958948E-002   6.4628200730591057E-002   9.6249718129183939E-002   6.5062895611910768E-002   6.0943463422148958E-002  0.74320175767994234       0.34176520999792970       0.17698669826883576        4.9490870273113954E-002   5.1271440016417640E-002
   1.6631636864916626        1.4306716023550741        1.2462323281420284        1.2832929840316776        1.3011602349261298        1.1563960829913815        1.2193060821082287        1.2542000186222804        1.5483467269849354        1.2063513614313484        1.2609093434408321        1.3093198769369312        1.1934546617813806     
  0.15673301534440173       0.39790571276324943       0.83938078839200625        5.5758589864914929E-002  0.10020686327891005       0.16013155647751851       0.10352350275939505        9.2498728159305793E-002  0.79465183025664177       0.38619420201279431       0.21566972861895636        7.8272121298722019E-002   8.2664367580654624E-002
   1.2392480934065047        1.4635019296192178        1.0039569121143086        1.1313507924140855        1.1572971967536592        1.2582085471674707        1.2860324023326708       0.98758250226403788        1.1983470770096734        1.2725342356739919        1.3682420499421146        1.3891409450781027        1.0759816037856766     
  0.17543783137789157       0.42742619144910554       0.88864679220678711        7.5340837708961508E-002  0.13484976858993222       0.21995698097761932       0.13501509336286080       0.12613237116199155       0.82629303711428348       0.41237016946123423       0.24875183927096023       0.10976968736855677       0.11602745805964261     
   1.0157803514300048        1.0737827900712513        1.3236498097405047        1.1202959617836676        1.1196913133095097        1.0959577631347128        1.0849770441144131        1.1604331182982446        1.2903264879524299        1.0556640150237098        1.4347112326173073        1.0969014181183299        1.2105929188490128     
  0.19927604449627925       0.45696770879721860       0.91675691765588607        9.5426756036658789E-002  0.16823797971813928       0.27811269741833800       0.16683173427640124       0.15985596022722665       0.84967770395694941       0.44175103800406279       0.27833024599399148       0.14089241769010219       0.14844717307254818     
   1.4548620063513422        1.3952782995067468        1.1735431651823072        1.1340920090775652        1.1527326275559320        1.1847944919762514        1.2893991442091888        1.3986810276577573        1.1471101745806620       0.98021833479377718        1.2775467621760934        1.4088641091895726        1.0360172890030210     
  0.22356219531927071       0.48358143831845934       0.93546171378530218       0.11748242847381042       0.20165375447917633       0.33648586271412301       0.20103861184605387       0.18958792380312417       0.86996585777034874       0.46927574659743515       0.30385285983808147       0.17507584347499344       0.18201656125606039     
   1.3589010200279550        1.1395270158007909        1.0513546301688543        1.1894689918472638        1.4746532727258050        1.2195464105758296        1.2565086468929019        1.1925477155700255        1.2208232543005690        1.5048636850652297        1.2071775905302147        1.2864449386664674        1.3307336917737622     
  0.24896062217618814       0.50880185914098519       0.95120003836955314       0.13955671315791102       0.23501722887377927       0.39405208735272046       0.23203861518770696       0.22068399113618925       0.88671479612992887       0.49484839213278292       0.32924127146688975       0.21115388125515833       0.21354264275673443     
   1.1302475896448152        1.1657784013107140        1.0898513609351743        1.2164353969105244        1.1024050472323579        1.1137701144241263        1.3057208165787546        1.2534541358236524       0.94817294476314828        1.2079220736110075        1.1496327739107450        1.0484273477654535        1.2032361569725283     
  0.27376095771320569       0.53270057705531604       0.96057071573490060       0.16132638998538829       0.26764646526904362       0.44899347338889223       0.26147428676203788       0.25113730255754901       0.90051040973420959       0.51938403023354762       0.35299783910504873       0.24719793302502149       0.24297694307189616     
   1.2712717846865191        1.1354693218023622        1.0364566018435240        1.1509370186295220        1.1423772313259484        1.1043756953702384        1.3777109269802312        1.1523084495602940        1.4470459997351921        1.0724367047416983        1.0780778496727870        1.1700929764112376        1.0719371806372451     
  0.29829565033669919       0.55641529882709362       0.96918296543519755       0.18386086881482011       0.30234130441977625       0.49865927453386255       0.29137654559324278       0.27860974056288573       0.91256737325722193       0.54239684975174263       0.37913208940812354       0.28239113779927738       0.27423753386812749     
   1.0406097596314074        1.3569986890841397        1.3118946211104581        1.1407483228888142        1.1888883671888439        1.1016023357253839        1.2093631687509485        1.1685239235325260        1.1572245666121423        1.5507821629650067        1.2968847234097678        1.0847056534816957        1.2972856818730678     
  0.32032634472342042       0.58203774864615265       0.97508836137188093       0.20810474256162975       0.33671502716718343       0.54289615594810159       0.32095356311507250       0.30693979668111293       0.92259062077338927       0.56433437293843058       0.40604131200850396       0.32186682013885443       0.30526842672211019     
   1.1786680610644342        1.0395935521532458        1.0057091988693425        1.2957555638413296        1.0201331663914521        1.2780973696184945        1.1560296876041611        1.1377223168120971        1.2433544186037262        1.2395082234140529        1.2400683171439637        1.1683578565351602        1.1510945848579299     
  0.34173955457530286       0.60466003350225739       0.98026351754823982       0.23448416311795553       0.36898478763560377       0.58598310535025599       0.35146768523828065       0.33475512616988568       0.93176940217076876       0.58470663871473527       0.43163610299242111       0.36370147600846520       0.33930858644411838     
   1.1065505190836649        1.0440450925635318        1.2441648460769290        1.3864034304690220        1.0723300680479873        1.1097799322887238        1.1801267366363892        1.1365649162648999        1.2321219025103329        1.1620399493607692        1.3343668460290616        1.3656380567396322        1.1529048997388889     
  0.36610008854503528       0.62522022019441803       0.98407300167366452       0.26131614291370558       0.40085934955044528       0.62693500129631041       0.38114427802457934       0.36656814497008944       0.94009931307963690       0.60328295531832932       0.45772649323484360       0.40091997474515517       0.37269688685382030     
   1.1857124728399357        1.1221771993674403        1.1889820741862063        1.2408778066382247        1.1764156841567193        1.0258915887052098        1.3470045514588562        1.3991092661826152        1.1382238165009222        1.1838885061939863        1.1448742416740036        1.0772035310900836        1.0205905485065410     
  0.39002450504428438       0.64575622960049450       0.98722930101775075       0.28892367979529276       0.43312995781438768       0.66556554381569366       0.40873237829210673       0.39826182223687950       0.94707337622190801       0.62054259390422906       0.48376647328105110       0.43456300062471959       0.40477607317887354     
   1.0613783708949494        1.0992321977793160        1.1864578406945196        1.1723449519485871        1.3274589497166722        1.1519855357762099        1.2078346437761920        1.1911140715418065        1.0358120484566298        1.0003014423070904        1.3485238495266094        1.2674895970123992        1.1965504753528271     
  0.41711695660480630       0.66726542763930807       0.98954587281732209       0.31644869949287652       0.46629849409623886       0.70103693689974866       0.43711436630980688       0.43066602329675852       0.95339082586711799       0.63619074230839856       0.51147569067886034       0.46683441225655481       0.43576121547733604     
   1.5435075924842780        1.2313713055803297        1.0599035145929196        1.3637422183058228        1.1376443094366118        1.1579235651043911        1.2371467751414644        1.1165838915627655        1.0936537793021426        1.2095423046665998        1.2393984405087894        1.1433900459951747        1.2221170664240117     
  0.43721825992901886       0.68821531298719230       0.99143842918648128       0.34316752263213912       0.49807168646709798       0.73453092996682157       0.47026120545680572       0.46107760855238711       0.95829974778071791       0.65180492273064683       0.54034634451281172       0.49826327735259002       0.46248082886289055     
   1.1413340657545301        1.1157642953197733        1.1289108319057768        1.1091341517326085        1.2729238274827841        1.0588547567795858        1.0398718590023788        1.0872024027354261        1.2560461172022541        1.1939135288114693        1.1714140313360726        1.1682636084770912        1.3037277537789635     
  0.46065997617123811       0.70826471593097617       0.99310336841179014       0.37190986215819943       0.52906632557319289       0.76586307819387400       0.50435226508306219       0.49255466312782892       0.96274984066950675       0.66548535822438448       0.56787416856665041       0.52754697561414399       0.49109138660747903     
   1.1741026523987017        1.1887768438960338        1.3736498834524877       0.98230640325017904        1.0354669192529051        1.0884473551438676        1.0370374740643171        1.1549612184361042        1.1237462509652096       0.99634974949315169        1.1286576425466504        1.1289631948692898        1.1099283725118259     
  0.47973754192619217       0.72804962660211769       0.99431312981086861       0.40123452175618057       0.55861889755842453       0.79695604191525182       0.53572017828768415       0.52492379204816619       0.96686840356299597       0.67869076436552422       0.59634887228014721       0.56033920453938380       0.51528766414947613     
   1.1189623349923639        1.0070335215728470        1.1010635916876237        1.0707793254287430        1.3185441967148093        1.3193656257430006        1.0393285022368253        1.3244503768046256        1.0986745247571124        1.2510334183298888        1.3175837279019207        1.1256127111148559        1.1778327924132337     
  0.50706133204163306       0.74780720904653819       0.99528269147978699       0.43920355897650709       0.58702893187613636       0.82178517903053316       0.56567188303647209       0.55637208288388540       0.97065658601587657       0.69207764666492444       0.62498263347603344       0.59263883774869408       0.54576751529294643     
   1.2667094251435826        1.2747937544649102        1.1332987398285805        1.5089621790388772        1.1066049012986836        1.0139054931930027        1.0953403633890726        1.1208764626396086        1.0191730401396386        1.1187548049422023        1.1469484174783948        1.1178894431885928        1.2135883053290277     
  0.53095456132698360       0.76752285964094702       0.99607285610348728       0.47594495085640592       0.61555466888009613       0.84343759477756264       0.59656429436592073       0.58766987181430064       0.97418793014645499       0.70585035478138769       0.65354070702549960       0.62317040903449605       0.57320069933699458     
  0.98950193685298515        1.1286133025928602        1.1360410253838906        1.1489359418036116        1.0146379971776025        1.2586334655471383        1.1263823415650489        1.1913005286900007        1.0777208108008796        1.1795430791374228        1.0144807442498605        1.1438159698348482        1.2508779673377093     
  0.55910138058556169       0.78523396343025154       0.99675826385740873       0.51377845664544874       0.64360653584156469       0.86310918545247239       0.62704671413605539       0.62070930293645366       0.97733938953441257       0.72021009797772950       0.68197186279399047       0.65271757723963142       0.60213650590316192     
   1.2592800999528571        1.0712614435967305        1.2022551761953431        1.0451217381611908       0.99579608925689589        1.2833597838935540        1.1035604711079376        1.1603066955874728        1.1720071332538764        1.3221583321408645        1.0198028220631399        1.0466319979021015        1.0879286493959779     
  0.58420129876285609       0.80306698015041056       0.99738941520283075       0.55123950157471646       0.67504651186753173       0.88036735481049089       0.65613032854744335       0.65343509332166239       0.98029499801407971       0.73419716122797907       0.71015547824482550       0.68299774821736647       0.63206824682531448     
   1.0537097237951980        1.0838861103500321        1.0467817236203001        1.1570519901889709        1.1013312418631707        1.0598968386459089       0.99221841455102544        1.1191464439737673        1.1683242534414242        1.2563201226876830        1.1767433103962694        1.1504268876113877        1.3153261185351062     
  0.61055840926842764       0.82030427707600451       0.99789480045150547       0.58671519926911664       0.70415714904843907       0.89915516296039255       0.68752568096325917       0.68787487746670595       0.98328414335299585       0.74777542550852705       0.73790701256702518       0.71423303142942118       0.66576699766131209     
   1.0442502862971328        1.0673338281195941        1.1940639001945763        1.3690977557742945        1.2261411085062124        1.0516454229697709        1.1143790950749819        1.1293358960908817        1.2438342124949653        1.0152349992900147        1.1060494339928857        1.3026993290577626        1.2024937846401271     
  0.63688821346093538       0.83733676501583498       0.99832866829283640       0.62386100114191356       0.73573704085602909       0.91435689250948460       0.71927086949660213       0.72102519978427715       0.98597129170128639       0.76170763039575273       0.76652222555958993       0.74603219574906088       0.70293007130131613     
   1.1503837415597955        1.1465149369191538        1.1364661519010781        1.0466209834500244        1.1517128582897755        1.2064837735608251        1.1527634841259289        1.3738681529013279        1.0669317014576407        1.1935997414840134        1.2311825760216653        1.3484496155235870        1.0519426234096727     
  0.66392717285046954       0.85406570059512177       0.99867774185116953       0.66271677574729515       0.76735040366525920       0.92776067105605742       0.75208554366725078       0.75214065580558798       0.98825681012813082       0.77551549320979329       0.79361511018944053       0.77679581678568532       0.73889214425651806     
   1.0761471985398743        1.2043738252116301        1.1801765388769776        1.1610314204353602        1.2164689721987270        1.0800226904543091        1.3209106682347289        1.2487932259648888        1.2874340233169976        1.0330105573252990        1.2130249070376453        1.2218537123669233       0.96043920241478853     
  0.69498006575152438       0.87117271728180345       0.99896113615350357       0.70510493616017966       0.79717378753603652       0.94044309608151966       0.78759027166798057       0.78545287487257109       0.99007920387412818       0.78873973533621622       0.81940851007496052       0.80663917193193801       0.77620911316491581     
   1.2144614486853831        1.0330553582415194        1.0619701220647713        1.0582662425941911        1.3352985469461125        1.2836134288597059        1.1239779036850324        1.1630863697658036        1.1815309447539140        1.1197179017231307        1.1213626635083089        1.2326637468674180        1.2367979137964615     
  0.72767488368955391       0.88932386876144109       0.99920928327509195       0.74866110955244458       0.82754349200746646       0.95220545580762850       0.82089875371389864       0.81932873650524807       0.99196051684305697       0.80216675717512131       0.84252381931518239       0.83794279124730042       0.81146834069644613     
   1.3247329231446954        1.2583962294961613        1.2102076362897745        1.2649995685051083        1.4178567505012538        1.3364926019099561       0.94852817196545336        1.3731992729915568        1.1450463042233261        1.3122677867266725        1.0799607624082099        1.1818845416474397        1.1789553065548304     
  0.76015278719411072       0.90750849521476318       0.99939204545522609       0.79684149034404506       0.85937476031031235       0.96320083199224904       0.85174156883663599       0.85125279930628162       0.99354068069070167       0.81619959367171901       0.86563359802631246       0.86470849624059365       0.84666976570244301     
   1.1889630344506101        1.2322006389768849        1.1160774938586402        1.1794099888833851        1.1439408563949274        1.2589151825467997        1.1501800837448293        1.2399314800181978        1.1187858430744817        1.2349167343829104        1.0591563100954675        1.1872164297210293        1.1921182149193674     
  0.79502241011844088       0.92535413295549929       0.99955947459688232       0.84034699012330538       0.89061185236686835       0.97211714482226352       0.87967251310080485       0.88501393947888018       0.99488922927858303       0.83039852233203160       0.88926278883644816       0.89047861646341164       0.88165907299408941     
   1.2479143924599909        1.1493865317311118        1.3704017188927118        1.1676323598800276        1.2590188752966862        1.1024013324475854        1.3084266012880641        1.0023408008278696        1.2785906757544130        1.1547593228721098        1.0356332270302913        1.1740508059312813        1.0470483734334788     
  0.83069399970019120       0.94229479240060321       0.99969440902455131       0.88364812099781620       0.92306750164502827       0.97998210862397706       0.90894829257132814       0.91705496178174595       0.99611672395037409       0.84932496672467772       0.91621572552868924       0.91814873009544939       0.91472291431783370     
   1.0988629155597944        1.0870300670083395        1.3394636014902879        1.1885628564855122        1.3837060864916433        1.0904048798708905        1.0966370296610102        1.2107894749748742        1.3095078426512416        1.2194823457372752        1.1278241581056525        1.1019510289017340        1.3096238362575836     
  0.86937313302862895       0.96125104911643722       0.99979941099496628       0.92395479535630742       0.94943974580815615       0.98735789452789180       0.93861025854693991       0.94575100814603097       0.99722389060879213       0.86702423424800978       0.94466179702002095       0.94638056461350106       0.94460078527290525     
   1.1738760904436096        1.2664224666764710        1.1385031951597591        1.0493434473619379        1.2094404345214349        1.1883360328674957        1.2655979681204623        1.1787491590618209        1.1480092208120944        1.2190939434283556        1.1489365534680993       0.95015580917537534        1.0965922557222445     
  0.92367348138323480       0.98100105759741307       0.99989577158257059       0.96231768584868271       0.97666988621418771       0.99374685028618481       0.96677020581862427       0.97371258256752746       0.99849423498706891       0.89628048805300164       0.97374872331086204       0.97428796414309493       0.97270342749988070     
   1.4274546969586086        1.4417124297979846        1.3879122100263523        1.1701777971992380        1.0452492328729508        1.3233145622319438        1.2675542915778990        1.1580174477252516        1.3047566042226280        1.3722998265208797        1.1939794903967771        1.0955277307567113        1.4033773501859994     
   1.0000000000000000        1.0000000000000000        1.0000000000000000        1.0000000000000000        1.0000000000000000        1.0000000000000000        1.0000000000000000        1.0000000000000000        1.0000000000000000        1.0000000000000000        1.0000000000000000        1.0000000000000000        1.0000000000000000     
   1.0404304500216881        1.2256086674883435        1.5272605821410634        1.2670943838872553        1.0703648210775039        1.3534074101561471        1.3445388530160600        1.0695942280637658        1.2224740776042646        1.2871559712122920        1.2477921620120807        1.2855703803131129        1.3013570919860189     
   27.143421599378044       -58.371576693715454       -56.844532637298876        32.554549070956845        35.866049867600957        17.840025506131926        55.000530753772637        33.524795563171267        9.2379666664940920        15.771980105910391        27.118121863605822        19.887313251346395        47.665383399767613     
   37.310069485025238        26.077737316151481       -42.086552479574365        39.996683035503729        35.975172437992292        30.603173532374083        64.924643451216568        45.726547605561493        9.2379666664940920        15.945570433862212        21.862425917248547        38.739396011991310        65.750091630237364     
   37.035927544727116        56.001617399215256       -47.964035698088033        38.333610775901668        32.841791377007240        39.850105840231009        55.260692157900195        50.215180462768586        3.5069668277484229        36.030373990217925        36.681510409306142        47.729952877458743        47.625143209382522     
   40.204261086937684        64.542820253443239       -40.609884627208757        52.765628044276596        40.993476158076227        38.641106811942528        36.634888179553158        46.416063937267168       -2.6965968419551460        76.970108273517056        47.170264366268817        39.720346476160586        47.682174775257202     
   36.607895000288721        63.437363104618221       -39.564868954250180        43.830637099548483        59.996440980952627        42.260426703583093        35.444249099800537        41.840936202985489       -20.091648110318136        47.144366450688992        56.320523504224106        37.605545851104523        46.874773005607693     
   52.284673655955608        46.553784707538938       -30.593422697396619        61.928452181981456        61.238930986699067        52.360210149362395        45.286840508512313        46.988523199890949        2.6366358501088847        30.559475274570559        66.439917052560233        49.090835700256058        37.622590735025163     
   41.985467463632197        38.223530768460975       -16.397845586553196        51.694646711412076        38.027023124374573        52.314526537718535        38.971801601828574        50.749595141656187        17.855526488554972        31.642519834010862        56.946542888876010        54.806797707892279        47.137515698717138     
   48.441481808066357        16.369614635461438        69.392495740714025        45.388334625228588        36.326152049300347        72.094625557679691        49.379721815001155        54.576507211114965        71.761575884622204        39.559184732012049        38.027122408699967        63.836756827644571        48.387125702809058     
  0.92365788926400039     
           1           1           1           1           1           1           1           1           1           1           1           1           1
  0.13420296989112407        2.2708078559192595E-002   7.8725742507492868E-004   38.031837964874619        1.2947908264414507E-002   1.6698772488388691E-005
   2.9587615617347827E-003   3.3068589801723476E-003   1.3752185135679610E-003  0.87015656661132645        1.3741462693607441E-003   1.4168182857836731E-006
   2.2774968928645282E-002   51.038108776832559     
