   0.0000000000000000        0.0000000000000000        0.0000000000000000        0.0000000000000000        0.0000000000000000        0.0000000000000000        0.0000000000000000        0.0000000000000000        0.0000000000000000        0.0000000000000000        0.0000000000000000        0.0000000000000000        0.0000000000000000     
   3.1235939787001857E-002  0.27871626445960301       0.65740189180773922        2.8699374738431743E-002   3.3979337415941342E-002   8.5491790424569655E-003   3.0942246720005895E-002   3.5036019512808290E-002  0.39446710089235359       0.28270614317860332       0.13884109478402099        1.5661118837939934E-002   2.5927440425254796E-002
   2.4415928931488335        2.4966975012723873        2.5397123101746364        2.5045235469765528        2.0366143161252106        2.3946375713797856        1.7668240314065120        2.0360836884598967        1.9410125272299168        1.9649072110806074        2.2766351463157783        2.5439471075081785        2.2551896317177058     
   6.0762743329684524E-002  0.32664977087431651       0.77309581930325699        5.7616064005365224E-002   6.4197593616123483E-002   1.7305487143211548E-002   6.4269073573077831E-002   6.3879602935037819E-002  0.55552072152795196       0.38463588561204259       0.19502914242234193        2.7815180696529225E-002   5.1652072558698213E-002
   2.1340531805807559        2.0358815489854747        1.9824013547684689        1.9542983236710560        2.3698453215813768        2.1947070540228686        2.2037837505343707        2.1289022947330229        2.9927699920943751        2.0385137245153211        2.4794421640468522        2.3216485481508911        2.0256983740625554     
   9.1486176702611013E-002  0.36222734430958536       0.83462577649540892        8.6804270687782639E-002   9.8194379417302927E-002   2.6738892397221811E-002   9.4929712363692742E-002   9.5066221470481813E-002  0.61320609514129298       0.43017534658595696       0.23399241233136164        3.9314067702498984E-002   7.9808326085968662E-002
   1.8858849680247369        2.2944283216664982        1.9012164949970805        2.1403051316180384        2.0493320514492122        2.0099922695071681        2.4161523532145668        2.6731208430074149        2.1802011298256625        2.3373300762837363        2.0264108892975949        2.6415759988524701        2.1292002678479141     
  0.12306090850201960       0.39206264463148344       0.87716647492298583       0.11636853575284187       0.12837226544162345        3.7330768470093437E-002  0.12568813707239374       0.12451412871513948       0.66166094118589880       0.46824504541463918       0.26301171541645296        5.2008343456209492E-002  0.10558818493254188     
   2.0836891122481216        2.0013261021463817        2.1747607557278710        2.1610131342256027        2.0017675538626079        2.4188881029159841        2.2310877299886389        1.9366002678321270        2.3657749893100561        1.9875689504209424        2.0367385828421161        2.3323288653680372        1.8846804169537552     
  0.15455544296565332       0.42434157127797018       0.90541163913989775       0.14690666972234742       0.16032095251970446        4.7041272444339137E-002  0.15608617751526105       0.15450559547213399       0.69936791726608405       0.50260361945472365       0.28466750091440346        6.8676759088740741E-002  0.13852420103919313     
   1.9893290499204785        2.1406742497503979        1.9481875505025610        2.2656604837309087        2.3707459528468853        2.0326519522396311        2.0634981306321079        2.0005198653718277        2.0459885400371016        2.2128827184478088        1.8864444798836348        2.5045404536655966        2.0657976876150865     
  0.18591440873177606       0.45432895986452770       0.92706521913061302       0.17998741310234209       0.19349782131833537        6.0331371655048011E-002  0.19016966523299164       0.18297708060536605       0.73015628491072082       0.52944177217190469       0.30799626452079526        8.8339439424321473E-002  0.16934390526481619     
   2.2604941964077465        2.4870935181413323        2.0821785941601063        2.0786801790536704        2.0187441514230353        2.0989629391381652        2.0849380820744035        1.6955677811114669        2.1843098776159975        2.0265106131242407        1.9313246740533756        2.4364103568435578        1.6603885199675605     
  0.21799557468380459       0.48274680708253059       0.94238062635077635       0.21259881180146487       0.22536427227248085        7.4298674893493816E-002  0.21820031329916445       0.21090959957192704       0.75692849315050459       0.54996946327985108       0.33370591393220939       0.11048995068661781       0.20187680183258661     
   1.9421650977044935        2.0554023769627374        1.8803306914081934        1.9532051804082611        2.1579062720152327        2.1049360162455244        2.0472150858730060        2.1132289495236805        2.5700188674172533        2.1320628699898951        2.0917339891375013        2.1514802955158845        2.2293779717036397     
  0.24990390746079139       0.50848483753099316       0.95374956076851891       0.25053600806893700       0.25608414981763422        8.9567765508565253E-002  0.25430043054200563       0.24074857397590133       0.78058555135428465       0.57301866074163654       0.35839976810247848       0.13348977232361256       0.23580210860294384     
   2.0891789112857095        2.0773168597560212        1.8940714583386076        2.1136491542199742        1.9183854735639170        2.3147614916795649        2.5487149348569011        1.9298848427136357        1.8767418413454497        2.2954074825752895        1.9875590761303523        2.1618817181537717        2.0567468537127698     
  0.28159085055725924       0.53527986541619244       0.96275479552103438       0.28399621617153414       0.28639099742574103       0.10702520347376207       0.28551245694261501       0.27126782809882805       0.80210135015415607       0.59218786338290630       0.38377968988050992       0.15876347890996326       0.26864890424524163     
   1.7921485855310040        2.0154944110153488        2.0047922192070766        2.0331295655174699        1.8884732501089616        2.2476087236545181        2.5616909547078519        1.7895601336719857        1.7882919237045969        2.1382809936594551        2.1409197783280187        1.8256859000119687        1.8518214101234121     
  0.31187674246877178       0.56090668282165845       0.96872484195035924       0.31703031270455689       0.31894318172155545       0.12574622929039816       0.31800094029143861       0.30103220261610963       0.82076691647934363       0.61195518292556395       0.41201801893377732       0.18643389150187487       0.30167864919014864     
   2.0362248133598073        2.1905784615842769        2.0464198353888641        2.1613134257939528        2.1714045553177259        2.0360084065225137        2.0277352428555542        1.9917300552054293        2.1193783399208583        1.9198135463309849        1.9761344395666660        1.9664154790151491        1.9801266892098057     
  0.33662489255621797       0.58415599730433176       0.97485959142835865       0.35411852840667762       0.35128700298626442       0.14585828308247992       0.34963608513737149       0.33184329531645851       0.83700587330077292       0.62911410927003353       0.44140217013370669       0.21730564986845996       0.33599434974589437     
   1.9562374444318307        1.9280749727704112        2.0083416733571910        2.0876824867998418        1.8595446230660768        1.8855117356910571        1.6708509890624914        1.9496443274501758        2.0482307327560827        2.3202575371168765        2.0241835735115554        2.0247141563925459        2.0858352509369169     
  0.36215027724600307       0.60572334356624580       0.97884853371822600       0.39028684297053673       0.38362184347720957       0.16852197819806441       0.38255981821115642       0.36457370738783951       0.85251534397051543       0.64508764355328696       0.47084482929691146       0.25051584752420319       0.36761809996391848     
   1.7956864973690876        1.8019424882494994        2.0709010151257923        1.8250797240628438        2.0825726819097090        1.9881169499672211        2.0957955179348864        2.0953042624655396        2.0446565035880098        2.3542095703520682        2.2552895311478660        2.2118007852059258        2.3345020329644952     
  0.38971617788789392       0.62808945074093547       0.98246759919782112       0.42830182182216558       0.41588018433922752       0.19418927104425437       0.41574505072710966       0.39851489408645557       0.86606672140347907       0.65883528106285072       0.50043927190375981       0.28258439761511805       0.39987530890431788     
   1.9190274648111851        2.0516265240747757        1.7220741805872015        2.4904765620036167        2.2166331242223603        1.8845661020382904        2.1153913973305500        2.2961305027298273        1.9790184773045221        2.0948510875345572        2.4354726297871414        2.0419322137756208        1.7310903772628787     
  0.41797883357139803       0.64790449341299550       0.98548845061903523       0.46620430651795219       0.44709626255231261       0.22129671025592254       0.44771064930659138       0.42913749215026842       0.87892616051244743       0.67316316871408655       0.53026634876771650       0.31809805892700038       0.43046095263655859     
   2.1954246871988534        2.1186999074769961        2.2442123009252657        2.1651377442755400        2.1197490237270342        1.9742074311426505        2.1295595002117600        1.7730776464415547        1.8124807828180023        2.2339773727276184        1.6870050776439507        2.2136745316221487        2.0649608474398491     
  0.45167741277989520       0.66940519318895997       0.98790154802868102       0.50219059493976304       0.47437776490824762       0.24988189208831518       0.47843693716388752       0.46044582619366092       0.89149442642185694       0.68712896012182911       0.56191529620700453       0.35580006218499927       0.46388601755600534     
   2.1482808556430513        2.2940533407749921        1.8826037140082956        2.0573708592958186        1.9713800607806451        1.9061852233652430        2.0927037007869327        1.9951660705771586        1.9839300329578005        2.0892006151506544        2.5835707528498761        2.1084278683586817        2.1421663802638697     
  0.48599487706568928       0.69068783723711624       0.98992399540417586       0.53547642610966473       0.50614902646600257       0.28192509023907047       0.50910604560023964       0.49204311840886916       0.90278021218594073       0.70206766522070119       0.59415275517982069       0.39592757667650014       0.49926961028953443     
   1.9869941516609777        1.5985929855909156        2.2413335636353739        2.1416292908219474        1.8504024140061996        2.3109524577769198        1.8252001636419444        2.1376484656062176        2.1939876392312274        1.8394945892938674        2.0798089772233412        2.3004760957091044        2.6074378113495387     
  0.51521253461436445       0.71071349681148310       0.99163395624675710       0.56825735412824474       0.53514334157842980       0.31308018253677261       0.53890903385833144       0.52517058140798933       0.91331324736335429       0.71514550088028472       0.62532764012359388       0.43454398483422757       0.52906479264608386     
   2.1480060119156157        2.0310600837860511        1.9806610570030911        1.8299802844374915        1.9753403930160174        2.4739765072426474        2.1149157329979471        2.1261125712025017        1.9718044446744372        2.2537404181079408        1.9779577020690278        2.0933011929695593        2.2789034481317998     
  0.54680824713005571       0.72931731246592824       0.99300744174358591       0.59964586792714791       0.56176804873012343       0.34726739316019711       0.56625582760628068       0.55619840005449939       0.92296845506563552       0.72796151971605505       0.65568041940070620       0.47017216836436992       0.55840532253214370     
   2.0895801652791564        1.9326564348734507        1.8927315401718201        1.8377338428729542        1.7092076983225568        1.9261112968376717        1.8719541544034823        2.2781636570214321        1.7691139048496869        1.9653717445562806        1.9592402479412152        2.1133418962726154        1.7945225044907671     
  0.57311150053476467       0.74808428530997129       0.99410656442403589       0.63514805787122475       0.59093517885877456       0.38450982588348359       0.60004261452590479       0.58886136435276859       0.93178743150574628       0.73960621669784055       0.68506231879914536       0.50487335171299164       0.58765208572510230     
   1.8329766326510570        2.1013035171223953        1.6169537301210590        1.9861029206870917        2.4813955256362643        1.8392294804806348        2.2162053707768221        2.0319188372000001        1.8168405905835490        2.0954019615475250        1.8457901911751093        1.7781416552775318        2.2983113251611158     
  0.60332725579152480       0.76661387085622235       0.99514141894433605       0.66845229914091675       0.62359798175376258       0.41801110022600974       0.63337354896614972       0.61798777941307748       0.93974479748427631       0.75085176862076153       0.71468758259588183       0.53806560323425345       0.61919044268582402     
   1.7325919475102998        1.9821298638435159        1.7351279575057359        1.6372341423744459        2.6113857749315934        1.7858475882961440        2.1655498886877762        2.1720473390361916        2.0846573410187901        2.4239372596505597        1.7127447793892658        2.3432712811563792        2.0747342654024488     
  0.63251555489888700       0.78533398653146380       0.99603688929781808       0.69978660658465086       0.65754178611097325       0.45452280684467966       0.66693726674819109       0.64615071989054385       0.94701131970971009       0.76213106978727474       0.74607294336185015       0.56957349142747915       0.65333827480632911     
   1.9931742061840405        2.2465797814593804        1.9526838038801828        2.1583681534805743        2.1506397236188186        2.0287691852930849        1.9170608483465450        1.9942992417620173        1.8070244077424731        1.9386529213224855        2.2679701715935474        1.7866171718156210        2.1637643704163776     
  0.66292739306329063       0.80396759036750409       0.99677673234869713       0.72922908945795217       0.68947413312130645       0.49660356703210762       0.69518899710437843       0.67382512861186372       0.95384079324906257       0.77355546431269684       0.77800163023506008       0.60073838979273997       0.68481291915603992     
   1.8365645970882263        2.2659000031010681        2.1308968721659509        1.8631804820477638        2.0123861501156330        2.2106613321620370        1.9738423401979557        2.0687305114798762        2.0178303980319208        1.8534822720687654        1.7779646857904494        1.7008206799077792        1.9328747737032577     
  0.69481833923312208       0.82265968674338064       0.99738036563421961       0.75951454615840264       0.71849318851558863       0.54060949152409687       0.72367862473432376       0.70694899508179743       0.96021089700770401       0.78431399035562499       0.80962814065112432       0.63510316149761148       0.71950283435493256     
   2.6896593890623963        2.1139820961330362        1.7604942979299931        1.9833312888245733        1.9694601833359706        2.2792248172905021        2.1875186915501237        1.9822733553965526        1.9365244085966140        1.8541451008505421        1.7572341549966921        2.0791115918319112        2.0624133915613405     
  0.72756366748275647       0.84213733141681613       0.99788228389449340       0.78817242606266180       0.74794850459268514       0.58754366752548814       0.75312872270586495       0.74251847658002168       0.96603469811281917       0.79597120528663112       0.83558592524883446       0.66665614432156639       0.75101158915326283     
   1.9341523295749683        1.8096739543989626        1.8515757343749688        1.8857024252622010        2.1384176376383559        1.8429588977069429        1.9945785612659497        2.5216509637846674        2.2995321461874161        2.3211151595256165        1.6553025079504498        1.8597608260540364        2.1496859031061888     
  0.76083386205150216       0.86217511322828788       0.99833219641180937       0.81995357554526382       0.77991831959922031       0.63133618134716540       0.78487896751378017       0.77863585848779704       0.97119218528107187       0.80726198288809237       0.85995169035290830       0.70141170489017091       0.79221003096751663     
   2.0022142680710866        1.9066684884703760        1.9041491465772540        2.2436158289737613        1.9579245792013191        2.1321263036733686        2.1703153227064536        2.0346809393872607        2.1970518258367964        2.4559767330807691        2.3074092472127559        2.0287826902727608        2.1545486821527793     
  0.79331431243864725       0.88223524363845751       0.99870724990508997       0.84904883931511488       0.81362323901646227       0.68290190596676670       0.81559115780681679       0.80905294940317674       0.97591532254202229       0.82108737379877039       0.88659863442307274       0.74266555407322254       0.82645307353199660     
   2.2672031012445917        1.8583370812924702        2.2337840477130428        2.1852028043053435        2.2716935431575340        2.0487971267171785        1.7229246318559648        1.9274947507632494        1.7766253025646805        1.9953027993668753        2.0495696558528227        1.7278368856266633        1.8346151281944241     
  0.82679788161593448       0.90251676269536396       0.99901706120295219       0.87650478000634102       0.84693246867425487       0.73102590113117394       0.84693924007215926       0.83976944348835447       0.97998861649534164       0.83339738156888965       0.90787571646003040       0.78686118684229933       0.85908506484713087     
   2.1975964493696174        1.8988359417133021        2.0576422974206592        1.9722844364144059        1.8826906272556576        2.0391041321699386        1.9718183923867472        2.0388698441999478        1.7474879017678950        2.1117227267400001        1.9747972698638783        1.9512372722562996        2.0091918940737363     
  0.85915302049557518       0.92265787370316665       0.99928653498986719       0.90372966889944006       0.87947184690341895       0.78234346373696717       0.87827753137459752       0.87022342355327365       0.98390834959965523       0.84754474078107489       0.92819386583295849       0.83117020234214856       0.88958528033819617     
   2.1941728982695015        1.9800384065864405        2.4781084697055804        2.2606533528995896        2.1438774386309891        2.1900591654002053        1.7423482886139547        2.2802471821785675        1.9561279126766304        1.9795851113782592        2.1560738379365834        2.1142568023022208        1.9488146573286793     
  0.89170400411572259       0.94320053016635164       0.99951483877921377       0.92820243456162943       0.91080460770129423       0.83203408206852947       0.90743513418174893       0.90121435863385391       0.98777292181658061       0.86143349298485206       0.94668080793756426       0.87209240112323982       0.91709124486908844     
   1.9571890658184439        2.4791530279743084        3.3730247831093645        2.3006732153613618        1.8318243186467145        2.1199582376578898        2.2872241655306436        2.0950698504265306        2.5746315961329609        1.4863948667889797        2.0465488795311031        1.6558700713266339        2.2152873280638286     
  0.92416802689906019       0.96116306565449527       0.99969144441317481       0.95290382439884225       0.94108314416414673       0.88048234200718078       0.93555831672254541       0.93198255514290096       0.99142189348805443       0.87852456342649887       0.96396766111368726       0.91440514934466588       0.94447630229364143     
   2.4941370454032854        2.2337280598293114        2.4081170320092729        2.3079987651719738        2.1646025219053922        1.8903691766660500        1.9105336077879191        2.2389097406407754        2.0336668718078172        1.7307832184863903        2.3751837347799225        1.8076274365182057        2.2737611985302646     
  0.96151935411411504       0.98001555150288344       0.99984086359407620       0.97658181895973917       0.97108533811081477       0.93374668938106797       0.96811981823050741       0.96508928641882308       0.99486321683092649       0.92755153442204008       0.98299122012282991       0.95516772076348233       0.97190051660255650     
   2.2588123032270886        2.0084190205316110        2.2209245912633651        1.7882831057760507        2.1137608800421637        1.8184217151470194        2.5757031449847183        2.1219965499206186        2.2559831859171871        2.7446568428530069        2.3712397460009242        1.8778503600002945        1.9433582223038748     
   1.0000000000000000        1.0000000000000000        1.0000000000000000        1.0000000000000000        1.0000000000000000        1.0000000000000000        1.0000000000000000        1.0000000000000000        1.0000000000000000        1.0000000000000000        1.0000000000000000        1.0000000000000000        1.0000000000000000     
   2.2500043021744283        2.0743517012770689        2.7180558960207692        2.1238989198206912        1.9816797882650619        2.0281467365070891        1.8979492421931536        2.0219295904518408        2.3460681768607485        1.5318107702882235        2.5298639451945424        1.9810511213854354        2.2547082918317645     
   31.331651957292546       0.24057395091431211       -35.164974751324969        29.653656837928075        16.484753097372966        28.788174606063496        26.536617836343115        23.608095474946236        1.1067266495144379       -25.981887166777874        16.353120667454597        21.163512546339021        23.267373391284892     
   22.635452784189422        23.503848498538520       -35.226783464505786        26.066683032256446        13.119185560945873        27.867147107249185        15.307713695619503        18.378745839258389       -5.8315510604556176        40.713833515743381        12.084469286546639        30.433551988245437        20.037541625215482     
   29.708282112765755        52.774204822229080       -20.843970679225059        25.404471727288310        20.034901012615677        25.613135558739746        33.431102214347789        18.984980958919873       -5.5717065230881424        9.8666688907297058        14.516842558452204        20.141592018539534        15.641748538993857     
   18.752669321708005        32.807427696456095       -4.9345311041756830        11.144881220128466        32.909486119738297        25.038515467577788        22.526966367721869        18.831296321815362       -9.5362815337230540        17.967494051337624        27.307278533552196        19.653553312286363        15.955286775840982     
   21.401553247388438        38.434379142314818       -21.687316286504270        24.373340966873318        47.132597188180753        19.528071176288861        25.039437856242241        20.956476965168996       -10.457909580784049        34.888133293572082        9.9576401588857202        40.744514418210379        33.275793626410120     
   20.179842841105906        37.194988090230218       -9.4700923321755504        20.547600701562292        23.572337892224439        21.221087329272279        26.733281213029926        26.601016552125280       -3.9932956398008783        23.438664840857403        27.783473398421101        24.983524598701678        20.611489124279583     
   31.359134398394097        11.884399765619280       -1.1910035676621655        26.206201916284947        12.251808363805409        23.963399434641246        21.460910907958258        25.868657081742221        15.550125095760933        26.559154515284874        28.601958276791830        13.132157953313772        21.423511022472500     
   13.648801985286088       -12.518263292798530        34.272957635241262        26.619391726641314        17.521351777194255        8.5781446502810592        21.685161044561678        33.271470751435800        46.389418438106375        10.290064725064129        32.984875166088202        23.172511352772549        22.068572415851694     
   288.31833655294633     
           1           1           1           1           1           1           1           1           1           1           1           1           1
   155.17319833934872        22.574303703320293       -1.2532948935876715        20.049676370716139        6.4154227969865287        3.7311068826908970E-003
   1.8388583697689256        1.8168931895077374       0.69909333629567660       0.80451520695413092       0.69883391914539916        3.6432067484289837E-004
   6.0442158258017381E-003   19.437983960355865     
