   0.0000000000000000        0.0000000000000000        0.0000000000000000        0.0000000000000000        0.0000000000000000        0.0000000000000000        0.0000000000000000        0.0000000000000000        0.0000000000000000        0.0000000000000000        0.0000000000000000        0.0000000000000000        0.0000000000000000     
   2.8462278909676789E-002  0.23002908433276434       0.32946581645774514        2.0596851101282156E-002   2.5180119237328664E-002   7.7231868791122820E-003   4.0395994983723149E-002   3.2748193444152092E-002  0.48940570071955836       0.15477524474093080       0.10526276713182280        2.7788566113278325E-002   2.2960280394979143E-002
   1.4483436579926723        1.2010049978315007        1.0362027396784532        1.3992332589669429        1.1229628304319781        2.0610876870807919        1.7877199802668478        1.2564861443966753        1.7953450068085044        1.2115308191139325        1.2456976918208065        1.7121888085056123        1.3591958874839978     
   5.8346104660956001E-002  0.33621902312353469       0.60784271052289518        4.1722652213244033E-002   5.5005652370439265E-002   1.4272541298144342E-002   6.6512706844635797E-002   6.0478344395856039E-002  0.58292814149260119       0.23915405341798357       0.16680128392628965        5.5468574471633697E-002   4.8181921628200577E-002
   1.4707346690551846        2.4355714112723095        1.5763147374763369        1.3643295765887768        1.3406785925976650        1.4319965231633176        1.1547623193519307        1.2272400720353027        1.4452941271088067        1.4605628897578240        1.5247386195765067        1.3012337368739761        1.3507049780416256     
   8.5281004638604468E-002  0.36903480963440716       0.77140617593654537        6.3768234396690077E-002   8.6736013298145231E-002   2.0550426794083480E-002   9.9389087000645401E-002   9.3386983035690610E-002  0.65732864142062974       0.28220188934642487       0.20799010737585596        8.5076482405114964E-002   7.4701569125571646E-002
   1.2881687449304120        1.3809642292158639        1.3340091781112242        1.2657505686306434        1.2713185280445403        1.3651902352428651        1.3929468569567771        1.3677689910891575        1.4941374996976433        1.4741554114639122        1.4216936782018526        1.4162720780374651        1.3464210475963179     
  0.11721857250820954       0.39721753029133477       0.83637689840654694        8.7918369255608877E-002  0.11741691943666127        2.7837011700005167E-002  0.13080163821010959       0.12502577097328113       0.68894359195100363       0.30719768477915271       0.24273606085178062       0.11284416379833910       0.10067720067908828     
   1.4390763546541585        1.4277069651680765        1.2509449605349288        1.3721708976825395        1.3069245956469733        1.5162603846467297        1.4045518595516258        1.3261954184654627        1.4093523589096912        1.2448747294503573        1.3707257335675069        1.5210390355861858        1.3824886730222490     
  0.14820744804623454       0.42511644053426290       0.87661763587715602       0.11349055664439225       0.15091222042277544        3.5935091203052591E-002  0.16201110228517063       0.15628083177796628       0.71665603370666708       0.32987236422589289       0.27273582420978959       0.14426903820017781       0.12961759152764452     
   1.5211291029469314        1.3107780363706347        1.2873819052416919        1.2492698202703274        1.3045349345804294        1.2861117020105870        1.3294039046526582        1.3158040839943652        1.2980167047052107        1.4147049963696334        1.2459742181480902        1.4458418977584069        1.2789536150822038     
  0.18044817759200130       0.45516156763763582       0.91027166362109535       0.13981264683353772       0.18790095551063823        4.4691241772757760E-002  0.19062520882691769       0.18962448192414111       0.74683046665520547       0.35179445349898919       0.29921664375379048       0.17445817615942999       0.16324489499976075     
   1.5948740328005924        1.4261700958890642        1.3196720678149405        1.4377733344365733        1.5062465723487877        1.3397925968010733        1.3927955525777775        1.4383323523363403        1.4323178790944338        1.7451099428149102        1.4512511408068229        1.2885381548461483        1.3909098999631677     
  0.21232940537901043       0.48363081880025377       0.93009305007712872       0.16555414184592870       0.21660155027052597        5.5919008825773796E-002  0.22648372491695484       0.22192645450189755       0.76998390549462270       0.37095473440517690       0.32615131007403414       0.20797805548572107       0.19557949448931589     
   1.3010809284766780        1.4355958845933174        1.3105409179900094        1.3019410204138222        1.1889301459552322        1.4280868203312569        1.2665953680790174        1.5423435541304185        1.3711855398329458        1.3722575049674444        1.3569746394875488        1.2984992771577233        1.5065236190126565     
  0.24085141659632159       0.50564367002881561       0.94477240914602800       0.19188736680701021       0.24961151752462088        6.8647292035980939E-002  0.25579457809906830       0.25402196413555472       0.79071883653881980       0.38830462970378099       0.34990491562648013       0.24468097762576568       0.22975522909364821     
   1.2725043223596284        1.6135336846149224        1.2113387083654776        1.1807823405678701        1.5269122296201798        1.4081736194527479        1.5184122044246022        1.3386954512957510        1.3100887783274080        1.3108624652100307        1.2878568901347538        1.3972922187792740        1.2038957904423369     
  0.27363781202796694       0.52940993173018180       0.95715120084867067       0.21919817070299075       0.28178976270246292        8.1635504303308667E-002  0.28784425749999371       0.28539750791693769       0.80933875618348461       0.40467116434718930       0.37501516084824726       0.28300712073165685       0.26560984944420024     
   1.4436554638842365        1.3563664290093549        1.2893896168459471        1.3979842591643172        1.4278781219983319        1.3447563384342829        1.2194359280412446        1.2365081342119995        1.3538691734098640        1.2916448819135520        1.5486752705695330        1.8307757800523285        1.2386548029134075     
  0.30669191719400152       0.55566475308857211       0.96444782230914172       0.24798574604419552       0.31363650226453549        9.5140164146910441E-002  0.32275243162559947       0.31615137172816055       0.82636298839038214       0.42146764858739122       0.40565929138677959       0.31504890003852865       0.29761143252504180     
   1.2586987640979987        1.1979693794558410        1.1522175579079723        1.2479542589141572        1.3908197696720428        1.2707758425138074        1.3942755637474022        1.3204792243301948        1.4321563222205811        1.3441052482154006        1.3357235493246611        1.1893081247679012        1.1438730974211682     
  0.33592943092035682       0.57804512710834355       0.97131960500718917       0.27464966684117359       0.34618974329501773       0.11452208714449082       0.35339615621144499       0.34999156490781358       0.84007275323648134       0.43364684827338312       0.43589150253258468       0.34672562435941162       0.32668222380447903     
   1.2720933143235051        1.3730810286724917        1.3550379843014766        1.1582578819196967        1.1553016672308729        1.4650361697576126        1.3108480153330524        1.4532395723490312        1.2812737825206444        1.3056536455873524        1.4452707357480683        1.2554699109202880        1.3994937196203572     
  0.36357190674148021       0.60154716646153694       0.97641060364977517       0.30552136523561430       0.37791982336636709       0.13431411774033475       0.38932845182835435       0.38138088461472941       0.85340936865838901       0.44764577191696564       0.46619849630249055       0.38384663648462303       0.35352330091437922     
   1.3910311605139893        1.5928596941745135        1.2449579248203249        1.1964783930720981        1.6060235831742911        1.3010804251233290        1.6150542624690671        1.4191878262581792        1.1912484790242275        1.1998883280177026        1.4061030586496919        1.4073452069429617        1.3730472477764351     
  0.39324396103605563       0.62296116388800216       0.98092430889565230       0.34164282036005622       0.40824321456558443       0.15103093145331675       0.42367040530549971       0.41135957449612071       0.86692070661322940       0.46318482401206740       0.49475564054824611       0.41627574669038597       0.38899934049066270     
   1.4586148991046675        1.4298493147843381        1.4711975757155080        1.3018254517973240        1.2352991753014246        1.0833133190346236        1.3626319505994728        1.1760104053956522        1.4064784442113802        1.4089952098987633        1.7001687748079581        1.5451235528109504        1.6026676332040524     
  0.42359847715467708       0.64336606203554669       0.98427204838877225       0.37484593580497638       0.43809926213410638       0.17534569943946077       0.45441355489810625       0.44345758277057090       0.87702496242899930       0.47838039868416343       0.52382756635246763       0.45052968097651591       0.42047253132302187     
   1.2248681191075359        1.2756666670449319        1.2470411354237869        1.5599478224745451        1.5143199113219457        1.3802312764912092        1.4810740174040899        1.3343561847158256        1.2146292033112731        1.4942933975142101        1.3707320113035377        1.3423072696657581        1.7066142924002292     
  0.45526921433930434       0.66452132591492730       0.98682899302116933       0.40553333483967796       0.46912407707776482       0.19990496647551159       0.48022718496685374       0.47523145411350809       0.88738619685055886       0.49236484593644037       0.55119985393403703       0.48483014292780252       0.45293039824061948     
   1.2172623427574567        1.4288272392189114        1.2608569491795922        1.2352157610780159        1.4711816495104206        1.6043386822214167        1.1393362544236629        1.2992978467585585        1.2822856133126803        1.4517967994652481        1.4435948516168433        1.2867508430032202        1.3919456397206895     
  0.48851284478387347       0.68585695257583557       0.98907750618934631       0.44037197908967773       0.50079505937509061       0.22434471764801048       0.50588613471214461       0.50600841991971468       0.89597590563220242       0.50593201924742370       0.57859111309447031       0.51474409758782269       0.48492697661455153     
   1.2851350441668483        1.3201869597080926        1.3408874376389368        1.5980567587512231        1.3073494159329941        1.3959699300297530        1.2437872757610353        1.4079669865776239        1.1602908959970004        1.2737926667708175        1.2041411333128023        1.2583146048644804        1.1501074224627996     
  0.51845963066778256       0.70526669537604136       0.99101725656215056       0.47833154787766591       0.53332748005819319       0.25455495242464293       0.53353080277334897       0.53895412096182405       0.90472607235185754       0.51939970030787652       0.60550272461755583       0.54427248900165970       0.51610903441405975     
   1.5054846932076664        1.4420648648140471        1.5579493047506885        1.2829301438090717        1.4063478298814207        1.3096110744891998        1.3615994269243861        1.4348974037470528        1.3906900589995834        1.2077763300401452        1.5173150767335315        1.1951934398524355        1.1701995732517747     
  0.55129450705625982       0.72348612774625909       0.99256760451112847       0.52247103484113688       0.56739569134081980       0.28653863735330037       0.56466091709259114       0.56912836170348557       0.91418138164642948       0.53250307156973209       0.63195370291139474       0.57731142338836783       0.54879192933052312     
   1.2195305796474551        1.2066956750128499        1.6123621042006226        1.3854280818000997        1.4765379311927733        1.1089281829397752        1.5149073668023514        1.3279405165755316        1.4826924211795807        1.5079167209570583        1.2297871826562985        1.4250409053222604        1.8934184768549567     
  0.58047310173407685       0.74265295586151681       0.99382853999910004       0.56537466955174254       0.59457009508813186       0.31618691081438077       0.59797510456859515       0.60069997203081349       0.92288822356904765       0.54505358336378840       0.66111401153367655       0.61322947309889897       0.57898465105649999     
   1.3878658638663439        1.1635869182468683        1.5059232557832853        1.4579881177393965        1.3390788248331436        1.3698921359290650        1.7379556285916031        1.2361146004746559        1.3919739787854868        1.2041604347664951        1.2226361107955384        1.2139334825219510        1.3396388974270566     
  0.60974287395563598       0.76141124281124795       0.99484801470473683       0.59928214386389922       0.62898251030153196       0.35036163015035876       0.62968794478907131       0.63260950941154348       0.92950934578264399       0.55864582045018996       0.68797419315178621       0.64379113200507887       0.61233341848898115     
   1.4390296094018644        1.2801036085251418        1.2466771756348838        1.1731426572850623        1.5321837463389882        1.3522045495873742        1.1983278532044896        1.5579613072036300        1.1380564438366176        1.2716943996780141        1.3013605591778468        1.2670660192904559        1.2540366437843427     
  0.64283886545641589       0.77803834832829777       0.99581406379879367       0.63495124397642433       0.66063291079813535       0.38824039686907597       0.66151550069503207       0.66597083612864316       0.93668146518344231       0.57424766578015629       0.71278168804491937       0.67435123107307682       0.64627689729537752     
   1.1848599805549400        1.2438127640254550        1.4211854233931975        1.5058184909899932        1.3088829506267112        1.2279275142839154        1.3537796706408680        1.3752017222360355        1.1368023281847672        1.2104601499878784        1.3960495642364539        1.5107625672908085        1.2154794364309172     
  0.67595841690103975       0.79429236080802490       0.99658308036147758       0.67378539849375196       0.69331274065585913       0.43198024160181941       0.69347317873463366       0.69991460024093854       0.94348027309297100       0.58661448938320182       0.73768912044754653       0.70305817615482846       0.68123722841993850     
   1.5431761532717632        1.1347246177218098        1.4459924566478131        1.2326779249650934        1.3998999856617282        1.4737558142056471        1.1190086368394769        1.4686351475335937        1.3097251506947409        1.1646858980168651        1.5234126880108316        1.4765621241860085        1.3634278686914916     
  0.70840392167471733       0.81233217999257612       0.99712377271072405       0.71294609912678564       0.72427692169650826       0.48004974125669514       0.72556085355386180       0.73165328234320215       0.95001881862246207       0.59937174070047550       0.76340703027591328       0.73599496788737295       0.71764613909880115     
   1.3109656181122540        1.3484651156470879        1.2609639402783872        1.4666004312735885        1.2698608449762843        1.4229205949677799        1.3476881484287526        1.3528587608288425        1.3723492374136601        1.3494439082652947        1.2490767084277303        1.4145291012568684        1.5712059399626845     
  0.74128350026222822       0.83165935838815641       0.99765372543785158       0.74913837414461193       0.75801138545138025       0.53057514558861618       0.75856960716394295       0.76030749476592285       0.95577896319666855       0.61468542719546382       0.78640961584975522       0.77058611077053352       0.75535119127382022     
   1.3091290096536756        1.1673700654943722        1.3913449849918440        1.6018266276084725        1.5494422279751807        1.4276624952609644        1.4809945956216282        1.5320070504088401        1.3024310685570544        1.4426269821533351        1.2423443522619757        1.4335575865889738        1.4821201874354992     
  0.77322326550176423       0.85059615068986494       0.99813679294410318       0.78147979856645966       0.79012338336914167       0.58310895913339222       0.79145105080503397       0.78493964042048681       0.96061903098963541       0.63168025064176447       0.81221310040805317       0.80190334245241590       0.79171087784785921     
   1.4379780827911888        1.1827350802752912        1.2754718640552776        1.1772897950118617        1.3197223306512482        1.2527663226408703        1.5268243765136078        1.1978741674815077        1.2469083797736245        1.3282066159787411        1.3543876286208956        1.3914990884782423        1.2127996935188736     
  0.80466295031313473       0.86917687765782681       0.99845194685123662       0.81332554902485354       0.81965450575778531       0.63647916605704991       0.82258503741869882       0.81446717797914447       0.96712604449537465       0.64738975226347339       0.83929587983965415       0.83148092244204475       0.82894704045749557     
   1.2245770256031097        1.2127277636029767        1.2223266225885403        1.4400502122062488        1.4109052300990337        1.3334688003507791        1.1844100381027964        1.2621472872424775        1.4120576991414053        1.3304650504070012        1.6656253100075120        1.3768990756932451        1.3812989899813293     
  0.83354416737378823       0.88801245898788395       0.99878200256406802       0.84678197732452654       0.84830999872694524       0.69116380923221754       0.85316824920011547       0.84474104391260230       0.97266080344333938       0.66940678893287742       0.86567946428599740       0.86079228012990383       0.86080005398674375     
   1.5035996248067722        1.4923210580617658        1.3339198542472372        1.5492899496665327        1.3172038167500899        1.2553941933403778        1.4552872968674342        1.3640574794079003        1.3847855073550615        1.5474737216001009        1.3599323873090894        1.4647441465288398        1.4377028113809838     
  0.86381346363964140       0.90735488812983711       0.99906559857468569       0.87934330539848227       0.87799377113945132       0.74940578162787852       0.88473116904479698       0.87501600325890594       0.97625322132210191       0.68412538774550069       0.89053985508561351       0.88853301030276632       0.89060488590234677     
   1.3549182116300529        1.3029474256764413        1.4767686356598084        1.3531034716433479        1.3036089017528751        1.1097510154380927        1.3157681011213487        1.4503504271888288        1.2546989038255301        1.1700449388873446        1.2999336975760070        1.2835263171002000        1.2815810290895755     
  0.89582198591653250       0.92691704423669097       0.99933684611353990       0.91050412100052336       0.90888385203962319       0.81289196842708422       0.91502162262961273       0.90867565668044947       0.98256198211767187       0.70894614073777962       0.91792927680305536       0.91566416515353644       0.92045660426113052     
   1.2645806380637730        1.2887968563536329        1.6516249595316914        1.3960540236255572        1.4846854720206095        1.3945606473762409        1.3653314187191661        1.5053628020238179        1.7261749850166410        1.4747650202904974        1.3569656143028446        1.2309569071003463        1.5187709506513940     
  0.92698782902722665       0.94776029916024351       0.99956537908061827       0.93994807132634139       0.93875779495711398       0.87856245531436450       0.94632219224070735       0.94260772383930791       0.98761022862670089       0.75381720915905481       0.94551480593630499       0.94404125728641641       0.95027330123549858     
   1.2247142542284974        1.4014217074542150        1.4528587639637365        1.6366672142214602        1.4494260164483830        1.2965957597051101        1.3896468549468801        1.6568742582549698        1.4555987306526881        1.7662119522082880        1.3701154733381471        1.2063295789176387        1.3222754874819942     
  0.95903751532701986       0.97153089221593558       0.99978003445049057       0.96883775303934572       0.96720767507299488       0.94014997127706734       0.97531203218054663       0.97030217816775444       0.99312044032696611       0.82634810436583139       0.97176899489774604       0.97178327727331149       0.97630394863967862     
   1.8661580763636552        1.6293241506766698        1.6098531875869870        1.5484592633971535        1.4107984718504718        1.3205321691971177        1.5239309924044673        1.2223721253200159        1.6609483954806976        1.8652418054409501        1.2290212396457709        1.3179275201970102        1.5514028855839526     
   1.0000000000000000        1.0000000000000000        1.0000000000000000        1.0000000000000000        1.0000000000000000        1.0000000000000000        1.0000000000000000        1.0000000000000000        1.0000000000000000        1.0000000000000000        1.0000000000000000        1.0000000000000000        1.0000000000000000     
   1.3167320372697946        1.5514509178103322        1.9423100542545402        1.5137879813418278        1.2695269595023861        1.7642977705853256        1.1628886391188116        1.5128502272917637        1.4697813314629424        1.2321990732089285        1.2589703389375952        1.2788307513197448        1.2331521507474530     
   49.337520747674724       -62.558859121693601       -21.069654107031720        34.381172248303109        36.875078009978175        44.879687662523239        50.936968340963226        55.182871347165054        12.965232259265752        128.02273433804149        29.043811372493096        63.060054982968822        41.823353403163189     
   77.600706667152721        23.979979758398720       -18.662996121397448        50.318799150189861        46.984493674081342        48.017257746213801        30.606291660805965        65.629301605438798        12.260224640048740        35.545568619111286        37.181491570389348        60.913358710511361        30.586167216060602     
   33.541294754129837        90.825368458895213       -17.304730584266345        54.510474841612933        41.390603974961998        37.683372519002809        50.266976656352099        35.699217654838968       -9.0802752344110882        36.669878180701787        35.010207247020830        42.594299948532488        44.445899733332304     
   35.065521794428498        70.791755103324789       -20.772112054510377        45.405129576976613        36.694855952992555        38.678495140519004        34.266388441287596        40.322291660773359       -2.0334831369438913        51.331175456721610        54.732664197896938        48.476264565247639        48.318524148620519     
   42.812948027446176        54.416022234251102       -19.690802751627722        42.463426094733833        33.753736557344332        72.127926348131822        50.230188187510009        45.355351573916650        4.7526364051401231        42.585282131894921        45.415294614838132        44.881701142590757        42.841102113556019     
   34.547783506821368        31.550570879525516       -14.901799680731855        43.895594160359444        51.169575941261478        31.676867544235073        31.356994564766566        36.505391772424666        19.444708129298192        40.626454777233995        44.302516868405270        44.006790776837676        24.152523051768814     
   41.584565863736756        35.040261223771850       -2.1646009062745994        63.766007885460255        36.830290495071417        28.193595073366335        61.941352551391866        36.186823158010093        27.697188026219575        68.407820655646319        63.208641054614105        29.994234731895194        70.406285307229339     
   44.867812428307410        13.595226088026862        68.417277822955398        24.763798536914734        70.552212708267419        31.693154044021455        45.229800678888218        34.253879899267176        78.517255579974858        38.774922257282455        40.290505836752637        61.285178161076601        47.973570371798317     
   11.615917706573649     
           1           1           1           1           1           1           1           1           1           1           1           1           1
   1.2597503243593939       0.29521056239604049       -2.4248182607181615E-003   36.826281124786647       0.12982399152231028        1.4073553698898598E-004
   2.2497784709242172E-002   2.7953238692062243E-002   1.4468140380027250E-002  0.81868648038753411        1.4454670419135264E-002   1.2494467111694689E-005
   1.7508424556208147E-002   45.988354554629424     
