   0.0000000000000000        0.0000000000000000        0.0000000000000000        0.0000000000000000        0.0000000000000000        0.0000000000000000        0.0000000000000000        0.0000000000000000        0.0000000000000000        0.0000000000000000        0.0000000000000000        0.0000000000000000        0.0000000000000000     
   2.9535677188314069E-002  0.31586548214074051        3.0955162854610800E-002   3.3381986500579226E-002   2.2100997783823084E-002   2.9158571046152069E-002   2.3062690566237078E-002   3.3517271852749053E-002  0.30575298722262456        9.3969556040837940E-002  0.15171487460728791        7.7625873682610369E-002   2.6571464322835327E-002
   1.0661696356392074       0.79152205952181387       0.91434267357113941        1.0270562044595739       0.77835363041858097       0.94429492138490534        1.2082730688590231       0.91208229389058104       0.77396369093678374       0.95686897094594403       0.85556609343359857       0.92153265251352590       0.86131333161056400     
   5.9638001183113389E-002  0.47284712081643820        6.4253785489594567E-002   6.5115828120357322E-002   4.4035226398080357E-002   6.0651537224132031E-002   4.4791040678577129E-002   6.3188020317705360E-002  0.52291428096331971       0.12370388112332079       0.23578508696526515       0.13192341056644680        5.5138617745419789E-002
  0.83914697976289643        1.1573663727799000       0.94152391051346207       0.92200743434163679       0.94091433446422179       0.82390866749345382       0.85808276136852335       0.77933119736010614        1.3936794248747408       0.92702829333559367       0.96242907000502631        1.0313572457854494        1.0769296790737115     
   8.7188556465309930E-002  0.51551028557642387        9.7474216521358042E-002   9.6162949506020695E-002   6.9020412012996024E-002   9.1376050371045459E-002   6.8568847391378335E-002   9.5969552190019458E-002  0.62032228163975323       0.14592122361208301       0.26976873989235250       0.17823763681494550        8.1163600248459505E-002
  0.92648867705433990       0.91773924703603593       0.83818297908012906        1.0331097734306125       0.87834279906550405        1.0952608071262155       0.89078646655555760       0.79281595238636537        1.1264465535765578        1.0851796496191985       0.92648608528989029       0.81663494916866353       0.82194601384919996     
  0.11451321499600291       0.55687157352872907       0.13202386269412447       0.12874345676095006       0.10049299119362205       0.12367596284957423        9.4285695096666344E-002  0.13035952542045534       0.64220940018398842       0.16352300551590471       0.30063596031814954       0.22000072157361161       0.10902564269171638     
  0.83442162411718490       0.81316498000151560       0.94017509742745697       0.74831483377058994       0.99285380465863771       0.83621765400594694       0.82525787305658915        1.0349968410177568       0.72661629396051697       0.95305061492753929       0.96375458845676065       0.85995582350343303       0.88436535337290290     
  0.14189384892690790       0.58792782273298738       0.16543654334460078       0.16186300066694759       0.13028879829847689       0.15439132367779287       0.11892546559529443       0.16334456903554251       0.68003825901527282       0.17730493538407247       0.32622954588009440       0.25848818493091963       0.13883983997354352     
  0.85891352565548407       0.97549904983752811       0.87151900259691018        1.0079711693978339        1.0405203492934338       0.79318199761170549       0.72058304373382931       0.91664268781535796       0.97324164896086884       0.96910469522786047       0.91814644035512893        1.0817015390735558       0.87444146907881837     
  0.16980374117503727       0.61616353962307291       0.19760803512453129       0.19421154091602272       0.16002067652032503       0.18259947309937458       0.15204436969030830       0.19595674587001205       0.70519460060732242       0.19280498691399356       0.35278297397687070       0.29580883826843102       0.17074520439741217     
  0.79650344029680731       0.82447386244558363        1.0291550897479558        1.0022066148495044       0.83603174240068212       0.78058292177109567       0.93260687921045660       0.89524582373688943       0.91578740523508562       0.84458285954758472       0.89034623382303502       0.90454175679047033       0.88734278284556267     
  0.20002315708857224       0.63810924026875859       0.23029675899902705       0.22459474453485700       0.18849090288835055       0.21032696480284396       0.18577773988482543       0.22895788431387745       0.72825461747891396       0.20717748641854961       0.37567095873599771       0.32906811931100693       0.20526197470304830     
  0.87532746443982967        1.1049238647866393       0.91030617856336238       0.84455425971586839       0.87731333121448674       0.76706016933002552       0.84253143526198149       0.98672017261131728       0.88404705686215879       0.91183276278099223       0.79553197331095660       0.85752214421907003       0.91948147045321571     
  0.22997661721664453       0.66144243057469476       0.26273746997932379       0.25292057564044279       0.21615045601546751       0.23687364594779917       0.22203283033565413       0.26275283540320582       0.74651044144784895       0.22208652376740384       0.40149220168658323       0.36474202781251897       0.23653403344671947     
  0.84361119196960022       0.84633425991572164       0.91987560718919403       0.82201734484615918       0.78488023815095254       0.91024926351236668       0.85711926213000345       0.92929852635502319       0.78591399338483980       0.83317013480943214       0.86495912379983952       0.82455183997298520       0.89001033745116864     
  0.26190638576561753       0.68368756422713617       0.29433627205093521       0.28140017676756174       0.24616887588167197       0.26687506355438306       0.26180165107855830       0.29804699145051466       0.76496462881457061       0.23614480510242153       0.42941359851847133       0.39722105235478211       0.26891190738045090     
  0.85379088758079968       0.90410800617261444       0.77347218888684166       0.87816035983379526       0.81351117981164345       0.89065233606773009       0.81573674228499715       0.94477164466337715       0.83604194252755781       0.79341861225799393       0.85288914699302931       0.82150810891184345       0.88055075236834690     
  0.29682598852448849       0.70211514457429791       0.32537865463004173       0.31025725724186565       0.27867768821517741       0.29883675891707728       0.30499057367905935       0.33466451623868038       0.77738424308102994       0.24967501089476415       0.46001575195903904       0.42966066284502619       0.30160230879400268     
  0.79256605013805048       0.82901023382430672       0.86463960700896147       0.83759199662119066       0.78336989557945536       0.80687566321113813       0.90868856880217286       0.92557158604825274       0.69371844406169203       0.91614604361034824       0.86458290198505672       0.86799358857079489       0.85319928151842439     
  0.32931625888289545       0.71814266302224239       0.35597908015315810       0.33882004736714166       0.31247456439647897       0.32928450046599056       0.34934124851060072       0.36887826718139372       0.78999022864480350       0.26363351506118948       0.49233767748204210       0.45946072018037831       0.33515565598597363     
   1.0242523963373076       0.74687981543833237       0.91915076726593747       0.79668930803565829       0.81568090607423804       0.72833880137820406       0.96478478153623548        1.0012066749717845       0.81868028833075845       0.94505958079080643       0.87353259003442196       0.91283912919302912       0.85726070450422009     
  0.36005720768704025       0.73441960677095230       0.39213501652077726       0.36718894437172006       0.34627897706035177       0.35771178109369339       0.38856909973425580       0.40268741087033083       0.80237525453650260       0.27630096605945187       0.52304632557139841       0.48387448343065237       0.37050090150363069     
  0.84793336398023866       0.76021468378539514       0.94610400140770345       0.86765568496501688       0.91754756809225468       0.86876694613613470       0.94196659789014736       0.75714847311186084       0.88848435676459581       0.78061433379806411       0.80180490112282954       0.74970038307852338       0.80084238955979015     
  0.39081721299551320       0.74923884414199338       0.41795220238838349       0.39621239919560108       0.38025552670586676       0.38463468044870652       0.42550985095213462       0.43568708038543597       0.81271407039369337       0.28843709220387648       0.55250360506118523       0.50750800894829995       0.40106655466468871     
  0.86060089420871855       0.85513421416641744       0.85015434107662446       0.88916430932884649       0.79768886244155113       0.82350171827728502       0.90965866380046156       0.95464278919737866       0.75944002127939736       0.78897315135269785       0.79947101318570879       0.82401459280377154       0.93649509055477864     
  0.42282959194077463       0.76532934187770896       0.44996690617832941       0.42740552430851242       0.41474619248095512       0.41489167886141987       0.46076298390674014       0.46874343408624425       0.82487184089656307       0.29998259545865374       0.57813494684926325       0.53110744687195455       0.43036795378712217     
  0.99943967049518267       0.92992722469840650       0.79886298505358244       0.83062514493777939        1.0557889143579462       0.85997480434945461       0.85541739062155953       0.89310295074260504       0.76171792676181582       0.76034638469067739       0.80974291385513841       0.80936251230338985       0.80714737043528251     
  0.45712495709583129       0.78094939016642950       0.47746286200940730       0.46134415708764437       0.44999748330672334       0.44013309229099717       0.49650819417884734       0.49785008864026886       0.83657123212717210       0.31104619940378481       0.60276971913599131       0.55534087652292408       0.46102257581633049     
  0.91779091534693158       0.87526823904864837       0.85171048900541990       0.92552438212413557       0.83638571526082683       0.80383817982588190       0.87881567991605358       0.87562727486593872       0.73812433591721816       0.70336475633433115       0.79077529861841278       0.89744243840501559       0.85956504834819591     
  0.49166477956906263       0.79482966677833378       0.51307939636099031       0.49500087196864573       0.48692926192975583       0.46916451182311342       0.53230700468604919       0.52636245556209338       0.84821789317186203       0.32404383167063144       0.62734335493207261       0.58079459550965085       0.48862484405481743     
  0.78478490251686617       0.88617260897145556       0.86613671923286117       0.87741450010111133       0.82565747814556312       0.85125962704382596       0.88347320098296478       0.89634013037874405       0.80309266709702654       0.88639085915057947       0.74038037151028124       0.82551210186866819       0.88783255366500191     
  0.52878658484558205       0.80720842724466313       0.54001307746272842       0.52694183576055165       0.52227473363379484       0.49680419546889781       0.56707626676400991       0.55588299661630292       0.85895545159031184       0.33815277749424105       0.65234875211099930       0.60590252910739328       0.51384707554145082     
   1.0574762802632451       0.86271609870096411       0.87419573566589892       0.92309478905550768       0.93434294366962867       0.89796913247717203       0.74252131244491237       0.94111803548344586       0.73591171854362425       0.90907667158633898       0.84013257638599792       0.84686014214419947       0.82836274192213610     
  0.56231382705819088       0.81873129498706088       0.56881685789004477       0.55976993540986797       0.55505332903723303       0.52581513593187612       0.60082345819126171       0.58818765936486972       0.86895143190450796       0.35380139008886463       0.67742130943663337       0.62956356282535886       0.54272180614297594     
  0.88071433415838629       0.82334254965237552       0.92320576943091237       0.86932488751898218       0.90655394600266304       0.90133330078200258       0.85498216290734619       0.85750809014288154       0.76125970946181165       0.88279350246257560       0.84086217615797976       0.82852329156119697       0.84420472112447320     
  0.59624028319645339       0.83030635456636803       0.59653376450952522       0.58986639496464399       0.58810354470159343       0.56204419435149167       0.63363084414158688       0.62201587882478626       0.87870573616220271       0.37089918037768249       0.70457988142270256       0.65411866660243934       0.56967571861602340     
  0.95697285218215455       0.72985352979140683       0.82505328558728885       0.70674398299489427       0.84476358052949863       0.96269670985417899       0.72108519847012642       0.88241736979751950       0.85316071386908376       0.97319434829648377       0.84962648259114404       0.85729157335970418       0.87209332439462972     
  0.62543698808979220       0.84214744942414732       0.62454385320656969       0.61882662840636904       0.62152944742225325       0.59494210344541076       0.66594328153308080       0.65366409229004596       0.88845598965729267       0.38861939582287020       0.73071224191968420       0.68011004566545707       0.60490675029526775     
  0.74841370573275900       0.75834028731758396       0.86502304002930486       0.83479953937616946       0.73927458029547988        1.0178802204325557       0.83585720758290816       0.85520286509142995       0.98656515991051774       0.89964131007742942       0.86763933700539897       0.91313014546251814       0.97605526527712294     
  0.65381271807175578       0.85437510800496008       0.65553500743608872       0.64585401097141926       0.65780540301786850       0.62861613503465696       0.69806798177021867       0.68190565456649899       0.89912210490031907       0.40637794161707391       0.75595352806959570       0.70786477740473863       0.64122301580642871     
  0.85290461025042019       0.78074134778317494       0.85055827222803526       0.77069714278274259       0.91118071848197724       0.91870806059915555       0.91235886980949477       0.83556860734198535       0.99395153039263018       0.82901164556622675       0.82486075052949837       0.90027718757202269       0.95285831848381941     
  0.68323839094694339       0.86721319565874166       0.68584455510553111       0.67345269280411757       0.69632944145717723       0.66327731419718172       0.72879117380253433       0.70716440825448712       0.90789947500100643       0.42487621130542474       0.78141433199216748       0.73712431088629393       0.67408518800373685     
  0.85794621972708807       0.79591639120169366       0.82393148349212098       0.95728513937514648       0.86797287035499338       0.85604209136266873       0.81901395239361852       0.77102737579727754       0.92857883742967595       0.99169778694945332       0.87627789261794620       0.78259061498371885       0.84834604473332087     
  0.71526786501110140       0.88017760883729923       0.71819729357913065       0.70441644611403842       0.73463590913818488       0.70171325752731317       0.76140908852322498       0.73156499075038883       0.91660794150698688       0.44553511981029226       0.80625365929048598       0.76636436351641490       0.70752301458193412     
  0.92959894742295790       0.82190578586355723       0.91670577591767310       0.81735548684714288       0.93967481745907389       0.90473830083802331       0.80368838927130670       0.78488305449373408       0.77768008625076657       0.98873430394985684       0.75851353835000968       0.92940475532669609       0.90637274943200263     
  0.74606033950154194       0.89047949799946691       0.74716610850476106       0.73308028206373876       0.77067677696730508       0.73674170788899462       0.79455613687804338       0.75743199958563212       0.92490639365830829       0.46826917471002011       0.83608778840179365       0.79502667672528282       0.74191781645897203     
  0.87405809959690783       0.83660231881064362       0.87557656510406134       0.79137030101418426       0.84594322406110400       0.94735846367862830       0.91956376338078449       0.77760421443286576       0.76670383436388190       0.85465145425677735        1.0047684995718029       0.97497128292159463       0.77802444494474776     
  0.77367491013153522       0.90148045411539801       0.77675141050697571       0.76659237808939018       0.80436744635899793       0.76998900935449144       0.82518829146352779       0.78546562927336938       0.93262507055708754       0.49188380375018403       0.86461687856860459       0.82393037849558537       0.77775197032483834     
  0.95646868391395568       0.83634287644520156       0.94569593303865662       0.95692611139160477       0.82734351039707754        1.0074074214574460       0.89614216246922718       0.79582545966027418       0.95292587848942967       0.93094035817885779       0.82890900082004482       0.84218985733276985       0.88104286470870630     
  0.80003590288496496       0.91170858271469513       0.80593453110776059       0.79581008603223924       0.83538506751171782       0.80212190655023552       0.85421082748585686       0.81514113524069876       0.94180294828016720       0.51512781766448479       0.89173921504983256       0.85337082837946787       0.81406557697075099     
  0.92477764073596092       0.85628303318433940       0.81662753954242673       0.97825134141415571       0.75853095127616499       0.80665711103771609       0.94117394888298234       0.97841854223661096       0.87680895481383780       0.81855697275692052       0.87406525414959391       0.99820355864217780       0.80663972013289531     
  0.82809608165693527       0.92300753648317602       0.83648560947385298       0.83399541246890929       0.86491593483168172       0.83635687946706450       0.88116384495269195       0.84314003223079859       0.95038486173247594       0.54547020735010887       0.91511133542117906       0.87980013230097598       0.84927807626014573     
  0.86165844126220126       0.81341318407604823       0.83452669113601574       0.96188651531270630       0.85181492917435919       0.80113878879129052       0.83840110240721455       0.75726841389731170       0.92743976258713845       0.83574277464429292       0.89101530301743204       0.89320894115775273       0.93063760959776864     
  0.85971447563769121       0.93706657238707214       0.86913313905267098       0.87065374916839045       0.89484153113734632       0.87151609299211230       0.90684707983297042       0.87371447243062195       0.95827596333026821       0.57655886676186707       0.93707392438140436       0.90518610340391037       0.88287557228858049     
  0.85970705797770441       0.85451052647056525       0.97343670674602845       0.82758707824130928       0.87481550461622937        1.1254373642064894       0.93442301645835568       0.86248659025423202       0.86691405785299291       0.76725916772384628       0.94015323900388759       0.99597088348091090       0.82436864228296491     
  0.89470813654748371       0.95010992431822139       0.90125568233260256       0.90522456244607430       0.92394115095215246       0.90523348660987379       0.93334157177780408       0.90370074196719397       0.96600064242079042       0.61348792654761819       0.95866145348252774       0.93243743004625401       0.91453067680765587     
  0.78380519332423382       0.79399793932623508       0.86165560778563299       0.91254043368371529       0.94416676919499443        1.0627001849169346       0.83450071524357028       0.90235167137671990       0.91979523834561172       0.81498757022930790        1.0339570115915278       0.96413786034912630       0.99462297613808748     
  0.92778874826042890       0.96408559413121553       0.93396373995661341       0.94052285248547507       0.95330814786299323       0.93739308825178269       0.95729530252327399       0.93739241571397236       0.97436668820357497       0.64602219230453983       0.97462101351834762       0.95062783061007361       0.94442214751069853     
  0.85764708650551447        1.3784520621304510       0.78319007391102591       0.84982581340508667       0.99571217336405626       0.80501198822921916       0.83351315491413935       0.90577307675018037       0.99280004385774490       0.77260987545276039        1.0669697562707232       0.75683278165200485       0.82859891234426852     
  0.95751366855308206       0.98041361342758149       0.96742400313660759       0.97024689193151070       0.97720156594338159       0.96925672387250372       0.97787505784005369       0.96782304941176600       0.98480379594958511       0.73210287510922922       0.98956564840691008       0.97476943053333209       0.97187189042778122     
  0.73719182648356185        1.1687431446351486       0.84943649040076008       0.76641776361261627       0.89235419386502224       0.89854315552699326        1.1265612196013801       0.84358450504601268        1.0929030528793047        1.0204436783518547       0.91677565077969869       0.80758800174043111       0.88502485470846759     
   1.0000000000000000        1.0000000000000000        1.0000000000000000        1.0000000000000000        1.0000000000000000        1.0000000000000000        1.0000000000000000        1.0000000000000000        1.0000000000000000        1.0000000000000000        1.0000000000000000        1.0000000000000000        1.0000000000000000     
  0.92786067285860974        1.0529831913624039       0.87873532990155401       0.97021346397396635        1.0978685162414177       0.74372054816775313       0.92293696901402356       0.92986707947884251        1.1047251973270327       0.86691280610208354        1.0662648381063804       0.88344799445326128       0.88431055992921470     
   4.8347626472782537       -23.112458666024281        1.7067511552529322        3.1562236865169289        11.246824605739619        4.5576511303082512        6.9035923768609511        6.5730759532136736        11.346159573615910        3.5559481367868022       -2.1545047165384665       -1.5518770220697835        6.5034556701517285     
   5.1598269317182801       -8.4223855428842853        5.9040339414734344        6.3595930011181316        7.6551912462292551        10.036582321834665        1.9088436829969613        6.4285115994069297        8.4589244302216500        3.2775626622862930        5.5074663743051451      -0.78393698894312192        7.8536079186901606     
   7.6349876476274776       -3.6614152624770586        9.5633341210247860        2.3394998349056366        3.1226970286037892        3.3105780682605039        2.3965575420373546        4.3612387030025399        10.056950662302732        6.5230200865397325        6.8324616661248809        5.5063765184782891        3.4930274374647672     
   12.818651907515259        5.9513418064002579        9.7774181750886235        7.1508821466581578       -2.5475871476397352       0.80513110966019519        7.6276030393014196        3.5270939986134398        12.238303331269547        4.1859356485710864        5.2251145152579435        2.6168877112102442        4.7617929678514574     
   5.0482885250587142        6.5930442114353731        5.4804060488546895        6.7352715580495639        12.014088974724668        6.3040471983107960        4.2275614181942522        6.7630438071639647        9.5441063903905263        9.1141181661183506        4.0827942233251759        9.3957670383392813        2.8181491893577904     
   2.7853384417858087        6.5976515678044674        6.0772898895247458        10.317613602100041        2.4749376193414059        9.8322953998381770        3.2867002672879924        8.5751842546193728        6.8322038767229305        3.2543994446501747        6.6642782947545038        2.7633556443710061        1.7804012440729180     
   7.3941094777742995        5.4671855608346034        7.4742381233335822        3.7691668748954159        3.1505347999554663        3.9005732284158734        3.7121660969756336        5.7231968583609181        9.3124579089462856        8.2117822951039852        6.1096011093998568        6.0735662566309720        3.8347541833203396     
   2.1822542860540892        2.5738131636864123        1.1057685735315590        3.6419103240597499        6.7645488305818837        4.3621214814105622        7.0325055515546593        2.5587540728131737       0.40512390918097102       -8.0108551080839003        4.6319496885969116        8.2822325227972620        10.254322682944734     
   3.3885142919978725E-003
           1           1           1           1           1           1           1           1           1           1           1           1           1
   5.7822099721915867E-003   3.7175253777057787E-003  -4.8743189840106164E-005   2.4880145948846071        1.6216124784986020E-004   1.9848156081034873E-007
   6.0765901797181091E-005   5.4983704040269414E-005   1.3645534074818539E-005  0.72670095113849720        1.3637120049364894E-005   1.7440591580134936E-008
   6.0745165853525497E-003   4.7471775690120790     
