     
 Collinear #          83
 
 part:           1
 comp:           0
   1.0000181237080157        276.25500667433931        276.25000000000000     
   1.0000017365820129        276.25047973078102        276.25000000000000     
   1.0000001729347807        276.25004777323318        276.25000000000000     
   1.0000000172862766        276.25000477533393        276.25000000000000     
   1.0000000017285557        276.25000047751354        276.25000000000000     
   1.0000000001728548        276.25000004775114        276.25000000000000     
   1.0000000000172853        276.25000000477507        276.25000000000000     
   1.0000000000017284        276.25000000047748        276.25000000000000     
   1.0000000000001725        276.25000000004769        276.25000000000000     
   1.0000000000000171        276.25000000000472        276.25000000000000     
 comp:           1
   0.0000000000000000        0.0000000000000000     
   0.0000000000000000        0.0000000000000000     
   0.0000000000000000        0.0000000000000000     
   0.0000000000000000        0.0000000000000000     
   0.0000000000000000        0.0000000000000000     
   0.0000000000000000        0.0000000000000000     
   0.0000000000000000        0.0000000000000000     
   0.0000000000000000        0.0000000000000000     
   0.0000000000000000        0.0000000000000000     
   0.0000000000000000        0.0000000000000000     
 comp:           2
   0.0000000000000000        0.0000000000000000     
   0.0000000000000000        0.0000000000000000     
   0.0000000000000000        0.0000000000000000     
   0.0000000000000000        0.0000000000000000     
   0.0000000000000000        0.0000000000000000     
   0.0000000000000000        0.0000000000000000     
   0.0000000000000000        0.0000000000000000     
   0.0000000000000000        0.0000000000000000     
   0.0000000000000000        0.0000000000000000     
   0.0000000000000000        0.0000000000000000     
 comp:           3
   1.0000181237080157        276.25500667433931        276.25000000000000     
   1.0000017365820129        276.25047973078102        276.25000000000000     
   1.0000001729347807        276.25004777323318        276.25000000000000     
   1.0000000172862766        276.25000477533393        276.25000000000000     
   1.0000000017285557        276.25000047751354        276.25000000000000     
   1.0000000001728548        276.25000004775114        276.25000000000000     
   1.0000000000172853        276.25000000477507        276.25000000000000     
   1.0000000000017284        276.25000000047748        276.25000000000000     
   1.0000000000001725        276.25000000004769        276.25000000000000     
   1.0000000000000171        276.25000000000472        276.25000000000000     
 
 part:           2
 comp:           0
  0.99999863779310483        276.34514232861989        276.34551876839100     
  0.99999986998070645        276.34548283814189        276.34551876839100     
  0.99999998705701365        276.34551519165473        276.34551876839100     
  0.99999999870628786        276.34551841087944        276.34551876839100     
  0.99999999987063470        276.34551873264149        276.34551876839100     
  0.99999999998706357        276.34551876481606        276.34551876839100     
  0.99999999999870637        276.34551876803351        276.34551876839100     
  0.99999999999987077        276.34551876835530        276.34551876839100     
  0.99999999999998701        276.34551876838742        276.34551876839100     
  0.99999999999999833        276.34551876839055        276.34551876839100     
 comp:           1
   0.0000000000000000        0.0000000000000000     
   0.0000000000000000        0.0000000000000000     
   0.0000000000000000        0.0000000000000000     
   0.0000000000000000        0.0000000000000000     
   0.0000000000000000        0.0000000000000000     
   0.0000000000000000        0.0000000000000000     
   0.0000000000000000        0.0000000000000000     
   0.0000000000000000        0.0000000000000000     
   0.0000000000000000        0.0000000000000000     
   0.0000000000000000        0.0000000000000000     
 comp:           2
   0.0000000000000000        0.0000000000000000     
   0.0000000000000000        0.0000000000000000     
   0.0000000000000000        0.0000000000000000     
   0.0000000000000000        0.0000000000000000     
   0.0000000000000000        0.0000000000000000     
   0.0000000000000000        0.0000000000000000     
   0.0000000000000000        0.0000000000000000     
   0.0000000000000000        0.0000000000000000     
   0.0000000000000000        0.0000000000000000     
   0.0000000000000000        0.0000000000000000     
 comp:           3
  0.99999863779310483       -276.34514232861989       -276.34551876839100     
  0.99999986998070645       -276.34548283814189       -276.34551876839100     
  0.99999998705701365       -276.34551519165473       -276.34551876839100     
  0.99999999870628786       -276.34551841087944       -276.34551876839100     
  0.99999999987063470       -276.34551873264149       -276.34551876839100     
  0.99999999998706357       -276.34551876481606       -276.34551876839100     
  0.99999999999870637       -276.34551876803351       -276.34551876839100     
  0.99999999999987077       -276.34551876835530       -276.34551876839100     
  0.99999999999998701       -276.34551876838742       -276.34551876839100     
  0.99999999999999833       -276.34551876839055       -276.34551876839100     
 
 part:           3
 comp:           0
   1.0000603358466569        106.76929755359625        106.76285592629242     
   1.0000187094686024        106.76485340259327        106.76285592629242     
   1.0000059050548131        106.76348636680866        106.76285592629242     
   1.0000018669785202        106.76305525025120        106.76285592629242     
   1.0000005903785048        106.76291895678767        106.76285592629242     
   1.0000001866936541        106.76287585824011        106.76285592629242     
   1.0000000590376994        106.76286222932582        106.76285592629242     
   1.0000000186693587        106.76285791948648        106.76285592629242     
   1.0000000059037697        106.76285655659574        106.76285592629242     
   1.0000000018669359        106.76285612561183        106.76285592629242     
 comp:           1
   1.0000621704132255       -67.929298915838601       -67.925075985796184     
   1.0000192786337474       -67.926385488458379       -67.925075985796184     
   1.0000060847217067       -67.925489290980465       -67.925075985796184     
   1.0000019237858877       -67.925206659098791       -67.925075985796184     
   1.0000006083424857       -67.925117307505758       -67.925075985796184     
   1.0000001923743784       -67.925089052840463       -67.925075985796184     
   1.0000000608341044       -67.925080117957350       -67.925075985796184     
   1.0000000192374321       -67.925077292500220       -67.925075985796184     
   1.0000000060834102       -67.925076399012283       -67.925075985796184     
   1.0000000019237434       -67.925076116466599       -67.925075985796184     
 comp:           2
   1.0001329752563097       -54.912787483940285       -54.905486412811733     
   1.0000412347470582       -54.907750426656072       -54.905486412811733     
   1.0000130145094193       -54.906200980781826       -54.905486412811733     
   1.0000041147534371       -54.905712335350664       -54.905486412811733     
   1.0000013011735611       -54.905557854379019       -54.905486412811733     
   1.0000004114663383       -54.905509004571186       -54.905486412811733     
   1.0000001301170478       -54.905493556951534       -54.905486412811733     
   1.0000000411466217       -54.905488671987008       -54.905486412811733     
   1.0000000130117042       -54.905487127225683       -54.905486412811733     
   1.0000000041146622       -54.905486638729265       -54.905486412811733     
 comp:           3
   1.0000000000000000        61.399340547229258        61.399340547229258     
   1.0000000000000000        61.399340547229258        61.399340547229258     
   1.0000000000000000        61.399340547229258        61.399340547229258     
   1.0000000000000000        61.399340547229258        61.399340547229258     
   1.0000000000000000        61.399340547229258        61.399340547229258     
   1.0000000000000000        61.399340547229258        61.399340547229258     
   1.0000000000000000        61.399340547229258        61.399340547229258     
   1.0000000000000000        61.399340547229258        61.399340547229258     
   1.0000000000000000        61.399340547229258        61.399340547229258     
   1.0000000000000000        61.399340547229258        61.399340547229258     
 
 part:           4
 comp:           0
  0.99997313622406059        9.5133725687939439        9.5136281407686880     
  0.99999166887990665        9.5135488815901237        9.5136281407686880     
  0.99999737045051917        9.5136031242127501        9.5136281407686880     
  0.99999916861609084        9.5136202312913341        9.5136281407686880     
  0.99999973709770740        9.5136256396140393        9.5136281407686880     
  0.99999991686309009        9.5136273498350423        9.5136281407686880     
  0.99999997370979932        9.5136278906534955        9.5136281407686880     
  0.99999999168630782        9.5136280616753126        9.5136281407686880     
  0.99999999737097989        9.5136281157571680        9.5136281407686880     
  0.99999999916863080        9.5136281328593508        9.5136281407686880     
 comp:           1
  0.99995896220348035        9.1689390273113140        9.1693153158074683     
  0.99998727406807453        9.1691986277249562        9.1693153158074683     
  0.99999598340464702        9.1692784863781807        9.1693153158074683     
  0.99999873008292295        9.1693036715373637        9.1693153158074683     
  0.99999959842452868        9.1693116336353491        9.1693153158074683     
  0.99999987301091742        9.1693141514045280        9.1693153158074683     
  0.99999995984253276        9.1693149475909888        9.1693153158074683     
  0.99999998730109385        9.1693151993671940        9.1693153158074683     
  0.99999999598425349        9.1693152789858221        9.1693153158074683     
  0.99999999873010936        9.1693153041634403        9.1693153158074683     
 comp:           2
   1.0004154951441062       -1.5664195366562044       -1.5657689672535184     
   1.0001288461703040       -1.5659707105885299       -1.5657689672535184     
   1.0000406668000361       -1.5658326420670126       -1.5657689672535184     
   1.0000128575221798       -1.5657890991627434       -1.5657689672535184     
   1.0000040658288807       -1.5657753334022060       -1.5657689672535184     
   1.0000012857256395       -1.5657709804028250       -1.5657689672535184     
   1.0000004065820802       -1.5657696038671223       -1.5657689672535184     
   1.0000001285725422       -1.5657691685684150       -1.5657689672535184     
   1.0000000406582068       -1.5657690309148768       -1.5657689672535184     
   1.0000000128572548       -1.5657689873850089       -1.5657689672535184     
 comp:           3
   1.0000000000000000       -1.9952805770894262       -1.9952805770894262     
   1.0000000000000000       -1.9952805770894262       -1.9952805770894262     
   1.0000000000000000       -1.9952805770894262       -1.9952805770894262     
   1.0000000000000000       -1.9952805770894262       -1.9952805770894262     
   1.0000000000000000       -1.9952805770894262       -1.9952805770894262     
   1.0000000000000000       -1.9952805770894262       -1.9952805770894262     
   1.0000000000000000       -1.9952805770894262       -1.9952805770894262     
   1.0000000000000000       -1.9952805770894262       -1.9952805770894262     
   1.0000000000000000       -1.9952805770894262       -1.9952805770894262     
   1.0000000000000000       -1.9952805770894262       -1.9952805770894262     
 
 part:           5
 comp:           0
   1.0000542111512905        168.64980722759358        168.64066502298829     
   1.0000168102015716        168.64349990656049        168.64066502298829     
   1.0000053056043818        168.64155976363961        168.64066502298829     
   1.0000016774519218        168.64094790959592        168.64066502298829     
   1.0000005304460786        168.64075447776776        168.64066502298829     
   1.0000001677413930        168.64069331100836        168.64066502298829     
   1.0000000530444695        168.64067396844288        168.64066502298829     
   1.0000000167741330        168.64066785178923        168.64066502298829     
   1.0000000053044467        168.64066591753368        168.64066502298829     
   1.0000000016774133        168.64066530586840        168.64066502298829     
 comp:           1
   1.0000538747735932       -123.82051876486962       -123.81384832182357     
   1.0000167062460854       -123.81591678644241       -123.81384832182357     
   1.0000052728282300       -123.81450117097826       -123.81384832182357     
   1.0000016670926142       -123.81405473097563       -123.81384832182357     
   1.0000005271705845       -123.81391359284235       -123.81384832182357     
   1.0000001667056271       -123.81386896228881       -123.81384832182357     
   1.0000000527169348       -123.81385484891015       -123.81384832182357     
   1.0000000166705578       -123.81385038586950       -123.81384832182357     
   1.0000000052716933       -123.81384897453221       -123.81384832182357     
   1.0000000016670558       -123.81384852822816       -123.81384832182357     
 comp:           2
   1.0001858055289941       -62.079673860417770       -62.068141256597912     
   1.0000576171867532       -62.071717448284119       -62.068141256597912     
   1.0000181851462795       -62.069269974825957       -62.068141256597912     
   1.0000057495373882       -62.068498119696677       -62.068141256597912     
   1.0000018181275350       -62.068254104394576       -62.068141256597912     
   1.0000005749412046       -62.068176942129817       -62.068141256597912     
   1.0000001818123276       -62.068152541351147       -62.068141256597912     
   1.0000000574941039       -62.068144825150078       -62.068141256597912     
   1.0000000181812321       -62.068142385073187       -62.068141256597912     
   1.0000000057494105       -62.068141613453136       -62.068141256597912     
 comp:           3
   1.0000000000000000        96.215127210263674        96.215127210263674     
   1.0000000000000000        96.215127210263674        96.215127210263674     
   1.0000000000000000        96.215127210263674        96.215127210263674     
   1.0000000000000000        96.215127210263674        96.215127210263674     
   1.0000000000000000        96.215127210263674        96.215127210263674     
   1.0000000000000000        96.215127210263674        96.215127210263674     
   1.0000000000000000        96.215127210263674        96.215127210263674     
   1.0000000000000000        96.215127210263674        96.215127210263674     
   1.0000000000000000        96.215127210263674        96.215127210263674     
   1.0000000000000000        96.215127210263674        96.215127210263674     
 
 part:           6
 comp:           0
   1.0484565559923149       0.10014727893986279        9.5518768391007008E-002
   1.0046444772526919        9.5962403138004193E-002   9.5518768391007008E-002
   1.0004625267118321        9.5562948372869147E-002   9.5518768391007008E-002
   1.0000462335477245        9.5523184562543995E-002   9.5518768391007008E-002
   1.0000046231636253        9.5519209989902570E-002   9.5518768391007008E-002
   1.0000004623144509        9.5518812550713969E-002   9.5518768391007008E-002
   1.0000000462314262        9.5518772806975905E-002   9.5518768391007008E-002
   1.0000000046231430        9.5518768832603934E-002   9.5518768391007008E-002
   1.0000000004623137        9.5518768435166643E-002   9.5518768391007008E-002
   1.0000000000462310        9.5518768395422934E-002   9.5518768391007008E-002
 comp:           1
   2.1853091574749722E-002   0.0000000000000000     
   6.7766401208053974E-003   0.0000000000000000     
   2.1388566100863328E-003   0.0000000000000000     
   6.7623642760657979E-004   0.0000000000000000     
   2.1384064342948409E-004   0.0000000000000000     
   6.7622219580253554E-005   0.0000000000000000     
   2.1384019334103580E-005   0.0000000000000000     
   6.7622205498787392E-006   0.0000000000000000     
   2.1384018592223807E-006   0.0000000000000000     
   6.7622208004448430E-007   0.0000000000000000     
 comp:           2
   3.7782055199487130E-002   0.0000000000000000     
   1.1716209133867639E-002   0.0000000000000000     
   3.6978931896044669E-003   0.0000000000000000     
   1.1691527465732682E-003   0.0000000000000000     
   3.6971148756279097E-004   0.0000000000000000     
   1.1691281410475855E-004   0.0000000000000000     
   3.6971070939982298E-005   0.0000000000000000     
   1.1691278975915372E-005   0.0000000000000000     
   3.6971069657338040E-006   0.0000000000000000     
   1.1691279409121919E-006   0.0000000000000000     
 comp:           3
  0.94364338861241404       -9.0135654280574198E-002  -9.5518768391007008E-002
  0.99460146902226665       -9.5003107360893221E-002  -9.5518768391007008E-002
  0.99946240963612298       -9.5467418421550598E-002  -9.5518768391007008E-002
  0.99994626348736082       -9.5513635545502087E-002  -9.5518768391007008E-002
  0.99999462657387150       -9.5518255127961180E-002  -9.5518768391007008E-002
  0.99999946265963802       -9.5518717064917422E-002  -9.5518768391007008E-002
  0.99999994626598687       -9.5518763258400252E-002  -9.5518768391007008E-002
  0.99999999462659950       -9.5518767877746408E-002  -9.5518768391007008E-002
  0.99999999946265938       -9.5518768339680898E-002  -9.5518768391007008E-002
  0.99999999994626554       -9.5518768385874364E-002  -9.5518768391007008E-002
 
 part:           7
 comp:           0
  0.99994272227886416        267.56752437403543        267.58285090995059     
  0.99998223752047866        267.57809797504103        267.58285090995059     
  0.99999439370613052        267.58135076185397        267.58285090995059     
  0.99999822746698241        267.58237661051243        267.58285090995059     
  0.99999943948592163        267.58270092599554        267.58285090995059     
  0.99999982275015975        267.58280348093302        267.58285090995059     
  0.99999994394868352        267.58283591157954        267.58285090995059     
  0.99999998227501685        267.58284616704907        267.58285090995059     
  0.99999999439486842        267.58284941011351        267.58285090995059     
  0.99999999822750163        267.58285043566042        267.58285090995059     
 comp:           1
  0.99994203071338883        182.55902556182215        182.56960899181229     
  0.99998202337850550        182.56632700705504        182.56960899181229     
  0.99999432614854389        182.56857311897048        182.56960899181229     
  0.99999820611050960        182.56928148210946        182.56960899181229     
  0.99999943273284342        182.56950542606933        182.56960899181229     
  0.99999982061468329        182.56957624150516        182.56960899181229     
  0.99999994327338948        182.56959863525719        182.56960899181229     
  0.99999998206147056        182.56960571678198        182.56960899181229     
  0.99999999432733910        182.56960795615680        182.56960899181229     
  0.99999999820614693        182.56960866430924        182.56960899181229     
 comp:           2
  0.99984563941299209        118.52109882581478        118.53939663666317     
  0.99995213186139542        118.53372237639486        118.53939663666317     
  0.99998489167121818        118.53760570448519        118.53939663666317     
  0.99999522323197421        118.53883040146351        118.53939663666317     
  0.99999848948130321        118.53921758068824        118.53939663666317     
  0.99999952233286959        118.53934001428973        118.53939663666317     
  0.99999984894841043        118.53937873109888        118.53939663666317     
  0.99999995223329297        118.53939097442654        118.53939663666317     
  0.99999998489484143        118.53939484610679        118.53939663666317     
  0.99999999522332905        118.53939607043948        118.53939663666317     
 comp:           3
   1.0000000000000000       -155.61918718040351       -155.61918718040351     
   1.0000000000000000       -155.61918718040351       -155.61918718040351     
   1.0000000000000000       -155.61918718040351       -155.61918718040351     
   1.0000000000000000       -155.61918718040351       -155.61918718040351     
   1.0000000000000000       -155.61918718040351       -155.61918718040351     
   1.0000000000000000       -155.61918718040351       -155.61918718040351     
   1.0000000000000000       -155.61918718040351       -155.61918718040351     
   1.0000000000000000       -155.61918718040351       -155.61918718040351     
   1.0000000000000000       -155.61918718040351       -155.61918718040351     
   1.0000000000000000       -155.61918718040351       -155.61918718040351     
 
 part: i_fks+j_fks
 comp:           0
   1.0000153814745294        276.44528960755974        276.44103753678201     
   1.0000014748334818        276.44144524127989        276.44103753678201     
   1.0000001468785022        276.44107814002757        276.44103753678201     
   1.0000000146818286        276.44104159544196        276.44103753678201     
   1.0000000014681227        276.44103794263140        276.44103753678201     
   1.0000000001468117        276.44103757736679        276.44103753678201     
   1.0000000000146814        276.44103754084051        276.44103753678201     
   1.0000000000014684        276.44103753718792        276.44103753678201     
   1.0000000000001468        276.44103753682259        276.44103753678201     
   1.0000000000000144        276.44103753678598        276.44103753678201     
 comp:           1
   2.1853091574749722E-002   0.0000000000000000     
   6.7766401208053974E-003   0.0000000000000000     
   2.1388566100863328E-003   0.0000000000000000     
   6.7623642760657979E-004   0.0000000000000000     
   2.1384064342948409E-004   0.0000000000000000     
   6.7622219580253554E-005   0.0000000000000000     
   2.1384019334103580E-005   0.0000000000000000     
   6.7622205498787392E-006   0.0000000000000000     
   2.1384018592223807E-006   0.0000000000000000     
   6.7622208004448430E-007   0.0000000000000000     
 comp:           2
   3.7782055199487130E-002   0.0000000000000000     
   1.1716209133867639E-002   0.0000000000000000     
   3.6978931896044669E-003   0.0000000000000000     
   1.1691527465732682E-003   0.0000000000000000     
   3.6971148756279097E-004   0.0000000000000000     
   1.1691281410475855E-004   0.0000000000000000     
   3.6971070939982298E-005   0.0000000000000000     
   1.1691278975915372E-005   0.0000000000000000     
   3.6971069657338040E-006   0.0000000000000000     
   1.1691279409121919E-006   0.0000000000000000     
 comp:           3
  0.99997916534414399       -276.43527798290046       -276.44103753678201     
  0.99999800466933508       -276.44048594550276       -276.44103753678201     
  0.99999980130769939       -276.44098261007628       -276.44103753678201     
  0.99999998013913882       -276.44103204642494       -276.44103753678201     
  0.99999999801399764       -276.44103698776945       -276.44103753678201     
  0.99999999980140064       -276.44103748188098       -276.44103753678201     
  0.99999999998014000       -276.44103753129190       -276.44103753678201     
  0.99999999999801426       -276.44103753623307       -276.44103753678201     
  0.99999999999980138       -276.44103753672709       -276.44103753678201     
  0.99999999999997979       -276.44103753677643       -276.44103753678201     
     
 Collinear #          98
 
 part:           1
 comp:           0
   1.0000020430939680        276.25056440470865        276.25000000000000     
   1.0000001957684306        276.25005408102896        276.25000000000000     
   1.0000000194953165        276.25000538558118        276.25000000000000     
   1.0000000019487201        276.25000053833389        276.25000000000000     
   1.0000000001948639        276.25000005383117        276.25000000000000     
   1.0000000000194862        276.25000000538307        276.25000000000000     
   1.0000000000019487        276.25000000053831        276.25000000000000     
   1.0000000000001947        276.25000000005377        276.25000000000000     
   1.0000000000000195        276.25000000000540        276.25000000000000     
   1.0000000000000018        276.25000000000051        276.25000000000000     
 comp:           1
   0.0000000000000000        0.0000000000000000     
   0.0000000000000000        0.0000000000000000     
   0.0000000000000000        0.0000000000000000     
   0.0000000000000000        0.0000000000000000     
   0.0000000000000000        0.0000000000000000     
   0.0000000000000000        0.0000000000000000     
   0.0000000000000000        0.0000000000000000     
   0.0000000000000000        0.0000000000000000     
   0.0000000000000000        0.0000000000000000     
   0.0000000000000000        0.0000000000000000     
 comp:           2
   0.0000000000000000        0.0000000000000000     
   0.0000000000000000        0.0000000000000000     
   0.0000000000000000        0.0000000000000000     
   0.0000000000000000        0.0000000000000000     
   0.0000000000000000        0.0000000000000000     
   0.0000000000000000        0.0000000000000000     
   0.0000000000000000        0.0000000000000000     
   0.0000000000000000        0.0000000000000000     
   0.0000000000000000        0.0000000000000000     
   0.0000000000000000        0.0000000000000000     
 comp:           3
   1.0000020430939680        276.25056440470865        276.25000000000000     
   1.0000001957684306        276.25005408102896        276.25000000000000     
   1.0000000194953165        276.25000538558118        276.25000000000000     
   1.0000000019487201        276.25000053833389        276.25000000000000     
   1.0000000001948639        276.25000005383117        276.25000000000000     
   1.0000000000194862        276.25000000538307        276.25000000000000     
   1.0000000000019487        276.25000000053831        276.25000000000000     
   1.0000000000001947        276.25000000005377        276.25000000000000     
   1.0000000000000195        276.25000000000540        276.25000000000000     
   1.0000000000000018        276.25000000000051        276.25000000000000     
 
 part:           2
 comp:           0
  0.99999984614671344        276.26072388664943        276.26076639027627     
  0.99999998531487577        276.26076233335260        276.26076639027627     
  0.99999999853814303        276.26076598642254        276.26076639027627     
  0.99999999985388033        276.26076634990915        276.26076639027627     
  0.99999999998538880        276.26076638623977        276.26076639027627     
  0.99999999999853895        276.26076638987263        276.26076639027627     
  0.99999999999985389        276.26076639023591        276.26076639027627     
  0.99999999999998523        276.26076639027218        276.26076639027627     
  0.99999999999999856        276.26076639027588        276.26076639027627     
  0.99999999999999978        276.26076639027622        276.26076639027627     
 comp:           1
   0.0000000000000000        0.0000000000000000     
   0.0000000000000000        0.0000000000000000     
   0.0000000000000000        0.0000000000000000     
   0.0000000000000000        0.0000000000000000     
   0.0000000000000000        0.0000000000000000     
   0.0000000000000000        0.0000000000000000     
   0.0000000000000000        0.0000000000000000     
   0.0000000000000000        0.0000000000000000     
   0.0000000000000000        0.0000000000000000     
   0.0000000000000000        0.0000000000000000     
 comp:           2
   0.0000000000000000        0.0000000000000000     
   0.0000000000000000        0.0000000000000000     
   0.0000000000000000        0.0000000000000000     
   0.0000000000000000        0.0000000000000000     
   0.0000000000000000        0.0000000000000000     
   0.0000000000000000        0.0000000000000000     
   0.0000000000000000        0.0000000000000000     
   0.0000000000000000        0.0000000000000000     
   0.0000000000000000        0.0000000000000000     
   0.0000000000000000        0.0000000000000000     
 comp:           3
  0.99999984614671344       -276.26072388664943       -276.26076639027627     
  0.99999998531487577       -276.26076233335260       -276.26076639027627     
  0.99999999853814303       -276.26076598642254       -276.26076639027627     
  0.99999999985388033       -276.26076634990915       -276.26076639027627     
  0.99999999998538880       -276.26076638623977       -276.26076639027627     
  0.99999999999853895       -276.26076638987263       -276.26076639027627     
  0.99999999999985389       -276.26076639023591       -276.26076639027627     
  0.99999999999998523       -276.26076639027218       -276.26076639027627     
  0.99999999999999856       -276.26076639027588       -276.26076639027627     
  0.99999999999999978       -276.26076639027622       -276.26076639027627     
 
 part:           3
 comp:           0
  0.99999722128046142        25.548022016634381        25.548093007619595     
  0.99999913830524878        25.548070992961947        25.548093007619595     
  0.99999972802919346        25.548086059284135        25.548093007619595     
  0.99999991401164845        25.548090810781193        25.548093007619595     
  0.99999997280860753        25.548092312931370        25.548093007619595     
  0.99999999140134244        25.548092787940291        25.548093007619595     
  0.99999999728086630        25.548092938150916        25.548093007619595     
  0.99999999914013438        25.548092985651667        25.548093007619595     
  0.99999999972808662        25.548093000672726        25.548093007619595     
  0.99999999991401345        25.548093005422803        25.548093007619595     
 comp:           1
  0.99997326139398235       -8.0951748087184026       -8.0953912681960816     
  0.99999170829895490       -8.0953241436318422       -8.0953912681960816     
  0.99999738295440166       -8.0953700821879959       -8.0953912681960816     
  0.99999917257574167       -8.0953845698729658       -8.0953912681960816     
  0.99999973835047196       -8.0953891500407771       -8.0953912681960816     
  0.99999991725931170       -8.0953905983778363       -8.0953912681960816     
  0.99999997383510209       -8.0953910563809952       -8.0953912681960816     
  0.99999999172593290       -8.0953912012142712       -8.0953912681960816     
  0.99999999738351031       -8.0953912470145735       -8.0953912681960816     
  0.99999999917259319       -8.0953912614979000       -8.0953912681960816     
 comp:           2
  0.99991998889116329       0.87582209281121370       0.87589217391527008     
  0.99997518837764643       0.87587044160942840       0.87589217391527008     
  0.99999216889915399       0.87588531471532594       0.87589217391527008     
  0.99999752406193743       0.87589000526049798       0.87589217391527008     
  0.99999921705458950       0.87589148813951245       0.87589217391527008     
  0.99999975241139338       0.87589195705434719       0.87589217391527008     
  0.99999992170562324       0.87589210533783823       0.87589217391527008     
  0.99999997524114437       0.87589215222918215       0.87589217391527008     
  0.99999999217056246       0.87589216705752704       0.87589217391527008     
  0.99999999752411439       0.87589217174666123       0.87589217391527008     
 comp:           3
   1.0000000000000000        24.215749202543165        24.215749202543165     
   1.0000000000000000        24.215749202543165        24.215749202543165     
   1.0000000000000000        24.215749202543165        24.215749202543165     
   1.0000000000000000        24.215749202543165        24.215749202543165     
   1.0000000000000000        24.215749202543165        24.215749202543165     
   1.0000000000000000        24.215749202543165        24.215749202543165     
   1.0000000000000000        24.215749202543165        24.215749202543165     
   1.0000000000000000        24.215749202543165        24.215749202543165     
   1.0000000000000000        24.215749202543165        24.215749202543165     
   1.0000000000000000        24.215749202543165        24.215749202543165     
 
 part:           4
 comp:           0
  0.99999442613032807        91.805275576260527        91.805787289754008     
  0.99999827152382215        91.805628605637693        91.805787289754008     
  0.99999945445374305        91.805737205450384        91.805787289754008     
  0.99999982751604322        91.805771454728557        91.805787289754008     
  0.99999994545681858        91.805782282374295        91.805787289754008     
  0.99999998275196378        91.805785706284468        91.805787289754008     
  0.99999999454569322        91.805786789017077        91.805787289754008     
  0.99999999827519670        91.805787131407087        91.805787289754008     
  0.99999999945456930        91.805787239680313        91.805787289754008     
  0.99999999982751975        91.805787273919321        91.805787289754008     
 comp:           1
  0.99998370969859540       -47.747581134602633       -47.748358969761824     
  0.99999494833652391       -47.748117761120774       -47.748358969761824     
  0.99999840558197717       -47.748282838917724       -47.748358969761824     
  0.99999949589710091       -47.748334899675640       -47.748358969761824     
  0.99999984059170588       -47.748351358277375       -47.748358969761824     
  0.99999994959076688       -47.748356562803664       -47.748358969761824     
  0.99999998405920398       -47.748358208614974       -47.748358969761824     
  0.99999999495907765       -47.748358729066055       -47.748358969761824     
  0.99999999840592046       -47.748358893647143       -47.748358969761824     
  0.99999999949590779       -47.748358945692246       -47.748358969761824     
 comp:           2
  0.99999355367677056        39.065826891280146        39.066078723850907     
  0.99999800097893810        39.066000629936731        39.066078723850907     
  0.99999936906422526        39.066054075664262        39.066078723850907     
  0.99999980051871673        39.066070930899393        39.066078723850907     
  0.99999993691968214        39.066076259550243        39.066078723850907     
  0.99999998005228985        39.066077944572093        39.066078723850907     
  0.99999999369198145        39.066078477421357        39.066078723850907     
  0.99999999800522943        39.066078645923042        39.066078723850907     
  0.99999999936919803        39.066078699207949        39.066078723850907     
  0.99999999980052301        39.066078716058122        39.066078723850907     
 comp:           3
   1.0000000000000000        67.987045006590847        67.987045006590847     
   1.0000000000000000        67.987045006590847        67.987045006590847     
   1.0000000000000000        67.987045006590847        67.987045006590847     
   1.0000000000000000        67.987045006590847        67.987045006590847     
   1.0000000000000000        67.987045006590847        67.987045006590847     
   1.0000000000000000        67.987045006590847        67.987045006590847     
   1.0000000000000000        67.987045006590847        67.987045006590847     
   1.0000000000000000        67.987045006590847        67.987045006590847     
   1.0000000000000000        67.987045006590847        67.987045006590847     
   1.0000000000000000        67.987045006590847        67.987045006590847     
 
 part:           5
 comp:           0
  0.99999656185991725        165.56038420372619        165.56095342547630     
  0.99999893381767102        165.56077690731340        165.56095342547630     
  0.99999966348837666        165.56089771229111        165.56095342547630     
  0.99999989360595420        165.56093581077664        165.56095342547630     
  0.99999996635588384        165.56094785532434        165.56095342547630     
  0.99999998936081591        165.56095166404285        165.56095342547630     
  0.99999999663559525        165.56095286846224        165.56095342547630     
  0.99999999893608171        165.56095324933298        165.56095342547630     
  0.99999999966355957        165.56095336977489        165.56095342547630     
  0.99999999989360822        165.56095340786197        165.56095342547630     
 comp:           1
  0.99998214349991876       -78.554631923014185       -78.556034658853449     
  0.99999446265845093       -78.555599667258804       -78.556034658853449     
  0.99999825229150663       -78.555897365804469       -78.556034658853449     
  0.99999944743170055       -78.555991251278968       -78.556034658853449     
  0.99999982526589670       -78.556020932435175       -78.556034658853449     
  0.99999994474433007       -78.556030318187126       -78.556034658853449     
  0.99999998252662636       -78.556033286214500       -78.556034658853449     
  0.99999999447443411       -78.556034224786899       -78.556034658853449     
  0.99999999825266261       -78.556034521589552       -78.556034658853449     
  0.99999999944744333       -78.556034615446791       -78.556034658853449     
 comp:           2
   1.0000129299754996       -35.124337014166770       -35.123882863221894     
   1.0000040096149994       -35.124023696469457       -35.123882863221894     
   1.0000012655239212       -35.123927313335862       -35.123882863221894     
   1.0000004001172986       -35.123896916895021       -35.123882863221894     
   1.0000001265257841       -35.123887307298716       -35.123882863221894     
   1.0000000400108899       -35.123884268559706       -35.123882863221894     
   1.0000000126525519       -35.123883307628645       -35.123882863221894     
   1.0000000040010881       -35.123883003755644       -35.123882863221894     
   1.0000000012652552       -35.123882907662569       -35.123882863221894     
   1.0000000004001088       -35.123882877275271       -35.123882863221894     
 comp:           3
   1.0000000000000000        141.44147754615832        141.44147754615832     
   1.0000000000000000        141.44147754615832        141.44147754615832     
   1.0000000000000000        141.44147754615832        141.44147754615832     
   1.0000000000000000        141.44147754615832        141.44147754615832     
   1.0000000000000000        141.44147754615832        141.44147754615832     
   1.0000000000000000        141.44147754615832        141.44147754615832     
   1.0000000000000000        141.44147754615832        141.44147754615832     
   1.0000000000000000        141.44147754615832        141.44147754615832     
   1.0000000000000000        141.44147754615832        141.44147754615832     
   1.0000000000000000        141.44147754615832        141.44147754615832     
 
 part:           6
 comp:           0
   1.0484729941016810        1.1288269448616606E-002   1.0766390276259103E-002
   1.0046461253208605        1.0816412274735896E-002   1.0766390276259103E-002
   1.0004626915257278        1.0771371793802607E-002   1.0766390276259103E-002
   1.0000462500291525        1.0766888222123247E-002   1.0766390276259103E-002
   1.0000046248117680        1.0766440068787552E-002   1.0766390276259103E-002
   1.0000004624792653        1.0766395255491367E-002   1.0766390276259103E-002
   1.0000000462479075        1.0766390774182125E-002   1.0766390276259103E-002
   1.0000000046247903        1.0766390326051402E-002   1.0766390276259103E-002
   1.0000000004624787        1.0766390281238330E-002   1.0766390276259103E-002
   1.0000000000462472        1.0766390276757019E-002   1.0766390276259103E-002
 comp:           1
  -4.6811332471604532E-003  -0.0000000000000000     
  -1.4516284135346383E-003  -0.0000000000000000     
  -4.5816613615025695E-004  -0.0000000000000000     
  -1.4485713978797384E-004  -0.0000000000000000     
  -4.5806973583263218E-005  -0.0000000000000000     
  -1.4485409219943814E-005  -0.0000000000000000     
  -4.5806877201633829E-006  -0.0000000000000000     
  -1.4485406204559205E-006  -0.0000000000000000     
  -4.5806875612769033E-007  -0.0000000000000000     
  -1.4485406741309015E-007  -0.0000000000000000     
 comp:           2
   1.5155676698146645E-003   0.0000000000000000     
   4.6998044618191156E-004   0.0000000000000000     
   1.4833625677595079E-004   0.0000000000000000     
   4.6899070420105801E-005   0.0000000000000000     
   1.4830504612736679E-005   0.0000000000000000     
   4.6898083730257059E-006   0.0000000000000000     
   1.4830473408138615E-006   0.0000000000000000     
   4.6898073967622271E-007   0.0000000000000000     
   1.4830472893726400E-007   0.0000000000000000     
   4.6898075705408014E-008   0.0000000000000000     
 comp:           3
  0.94362935766748390       -1.0159481940783822E-002  -1.0766390276259103E-002
  0.99460005153549813       -1.0708252323618590E-002  -1.0766390276259103E-002
  0.99946226778362413       -1.0760600841353482E-002  -1.0766390276259103E-002
  0.99994624930110965       -1.0765811575257227E-002  -1.0766390276259103E-002
  0.99999462515523641       -1.0766332408582704E-002  -1.0766390276259103E-002
  0.99999946251777461       -1.0766384489515697E-002  -1.0766390276259103E-002
  0.99999994625180011       -1.0766389697585007E-002  -1.0766390276259103E-002
  0.99999999462518030       -1.0766390218391696E-002  -1.0766390276259103E-002
  0.99999999946251772       -1.0766390270472359E-002  -1.0766390276259103E-002
  0.99999999994625133       -1.0766390275680424E-002  -1.0766390276259103E-002
 
 part:           7
 comp:           0
   1.0000042730397751        269.58631822528838        269.58516627715011     
   1.0000013250693600        269.58552349619384        269.58516627715011     
   1.0000004182204671        269.58527902318428        269.58516627715011     
   1.0000001322275442        269.58520192373459        269.58516627715011     
   1.0000000418132129        269.58517754937208        269.58516627715011     
   1.0000000132224729        269.58516984173264        269.58516627715011     
   1.0000000041813124        269.58516740436988        269.58516627715011     
   1.0000000013222470        269.58516663360825        269.58516627715011     
   1.0000000004181313        269.58516638987209        269.58516627715011     
   1.0000000001322247        269.58516631279593        269.58516627715011     
 comp:           1
   1.0000169948394841        134.40206899958238        134.39978489681135     
   1.0000052701246074        134.40049320042496        134.39978489681135     
   1.0000016633675057        134.40000845304633        134.39978489681135     
   1.0000005259023002        134.39985557796737        134.39978489681135     
   1.0000001663017213        134.39980724772693        134.39978489681135     
   1.0000000525891206        134.39979196477785        134.39978489681135     
   1.0000000166301370        134.39978713189819        134.39978489681135     
   1.0000000052589109        134.39978560360785        134.39978489681135     
   1.0000000016630135        134.39978512032002        134.39978489681135     
   1.0000000005258911        134.39978496749100        134.39978489681135     
 comp:           2
   1.0001534847526279       -4.8188275375944043       -4.8180880345442834     
   1.0000475958465167       -4.8183173555228791       -4.8180880345442834     
   1.0000150222984097       -4.8181604133005020       -4.8180880345442834     
   1.0000047495585067       -4.8181109183352939       -4.8180880345442834     
   1.0000015019134818       -4.8180952708956593       -4.8180880345442834     
   1.0000004749458307       -4.8180903228751069       -4.8180880345442834     
   1.0000001501910309       -4.8180887581778924       -4.8180880345442834     
   1.0000000474945727       -4.8180882633773159       -4.8180880345442834     
   1.0000000150191024       -4.8180881069076404       -4.8180880345442834     
   1.0000000047494575       -4.8180880574275875       -4.8180880345442834     
 comp:           3
   1.0000000000000000       -233.64427175529232       -233.64427175529232     
   1.0000000000000000       -233.64427175529232       -233.64427175529232     
   1.0000000000000000       -233.64427175529232       -233.64427175529232     
   1.0000000000000000       -233.64427175529232       -233.64427175529232     
   1.0000000000000000       -233.64427175529232       -233.64427175529232     
   1.0000000000000000       -233.64427175529232       -233.64427175529232     
   1.0000000000000000       -233.64427175529232       -233.64427175529232     
   1.0000000000000000       -233.64427175529232       -233.64427175529232     
   1.0000000000000000       -233.64427175529232       -233.64427175529232     
   1.0000000000000000       -233.64427175529232       -233.64427175529232     
 
 part: i_fks+j_fks
 comp:           0
   1.0000017351608423        276.27201215609807        276.27153278055255     
   1.0000001663764424        276.27157874562732        276.27153278055255     
   1.0000000165694372        276.27153735821634        276.27153278055255     
   1.0000000016562645        276.27153323813127        276.27153278055255     
   1.0000000001656197        276.27153282630854        276.27153278055255     
   1.0000000000165619        276.27153278512810        276.27153278055255     
   1.0000000000016560        276.27153278101008        276.27153278055255     
   1.0000000000001654        276.27153278059825        276.27153278055255     
   1.0000000000000164        276.27153278055710        276.27153278055255     
   1.0000000000000016        276.27153278055300        276.27153278055255     
 comp:           1
  -4.6811332471604532E-003   0.0000000000000000     
  -1.4516284135346383E-003   0.0000000000000000     
  -4.5816613615025695E-004   0.0000000000000000     
  -1.4485713978797384E-004   0.0000000000000000     
  -4.5806973583263218E-005   0.0000000000000000     
  -1.4485409219943814E-005   0.0000000000000000     
  -4.5806877201633829E-006   0.0000000000000000     
  -1.4485406204559205E-006   0.0000000000000000     
  -4.5806875612769033E-007   0.0000000000000000     
  -1.4485406741309015E-007   0.0000000000000000     
 comp:           2
   1.5155676698146645E-003   0.0000000000000000     
   4.6998044618191156E-004   0.0000000000000000     
   1.4833625677595079E-004   0.0000000000000000     
   4.6899070420105801E-005   0.0000000000000000     
   1.4830504612736679E-005   0.0000000000000000     
   4.6898083730257059E-006   0.0000000000000000     
   1.4830473408138615E-006   0.0000000000000000     
   4.6898073967622271E-007   0.0000000000000000     
   1.4830472893726400E-007   0.0000000000000000     
   4.6898075705408014E-008   0.0000000000000000     
 comp:           3
  0.99999764937069047       -276.27088336859021       -276.27153278055255     
  0.99999977487772385       -276.27147058567624       -276.27153278055255     
  0.99999997758260295       -276.27152658726391       -276.27153278055255     
  0.99999999775920401       -276.27153216148440       -276.27153278055255     
  0.99999999977592990       -276.27153271864836       -276.27153278055255     
  0.99999999997759303       -276.27153277436213       -276.27153278055255     
  0.99999999999775935       -276.27153277993352       -276.27153278055255     
  0.99999999999977573       -276.27153278049059       -276.27153278055255     
  0.99999999999997757       -276.27153278054635       -276.27153278055255     
  0.99999999999999778       -276.27153278055192       -276.27153278055255     
