 scale variations:
          -1           3           3
  -17.842468246550784       -5.6910661399303315       -39.457269026247502       -35.063844749460785       -18.130010932351478       -64.552119088726684      -0.53838122690729406        6.7174433920565555       -14.077362440784736     
 pdf variations:
 NNPDF31_nnlo_hessian_pdfas         103
  -17.842468246550784       -17.839759087168893       -17.819209252174122       -17.846568794463440       -17.762652805197625       -17.782774681132004       -17.481305661305498       -17.907573843805601       -17.675283865395503       -17.727469678343784       -17.604603991004733       -18.094408527277281       -18.087989069407367       -18.177272976589521       -17.880602616767749       -18.200915993507291       -17.806797568155304       -17.787004344072294       -17.885983560789434       -17.756406278650690       -18.070424997646857       -17.710026858911466       -17.874390789531482       -17.967649642571487       -17.716868115068497       -18.069379408460126       -17.588538845275902       -17.347086436206272       -17.829247733873995       -18.459767702177967       -17.733447425145798       -18.302225910476960       -18.666404079351487       -17.109384216412185       -17.996323399377207       -17.781599009760662       -17.934759111161895       -17.286876110822522       -18.071706698798760       -17.927708540846005       -18.026101915706658       -17.934801905923994       -17.908745269347047       -17.471059673965975       -17.808848667971336       -17.445229092819726       -18.346740087545225       -18.461165418845660       -18.946467109931650       -18.604976550188173       -17.728421074396003       -17.715982268140959       -18.202678788458229       -17.894987184186355       -17.752862328410114       -17.809441404604218       -18.000752666085400       -18.053311904374343       -17.957841110377789       -18.029615663492649       -17.471337761673983       -17.959420871809080       -17.895469359076309       -18.123096847488483       -18.109583288262311       -17.590085207430874       -18.150273978416784       -17.839461287006898       -17.752964058422172       -18.069938054819065       -17.879607930614323       -17.892093222925340       -17.559815763026013       -17.926513453825862       -17.913550224147208       -17.853881291743548       -17.834389744528799       -17.786220171503125       -17.755317786385387       -17.804701873755405       -17.669999582618033       -17.887333014821643       -17.747462438243044       -17.818305877015110       -17.970535272480578       -17.867695052362986       -17.830748814380001       -18.113707788777834       -17.964754345732420       -17.751902117626781       -17.839114366683528       -17.799416496365112       -17.852094127944259       -17.760882186983689       -17.712549139630827       -17.791018809899249       -17.787397422727420       -17.999725581647660       -17.778781943815225       -17.708373326592909       -17.895868442003671       -15.746914411480795       -18.880084090755936     
 NNPDF31_nnlo_as_0108                                                                                           1
  -19.829182392507171     
 NNPDF31_nnlo_as_0110                                                                                           1
  -19.874896114114261     
 NNPDF31_nnlo_as_0112                                                                                           1
  -20.045538092837234     
 NNPDF31_nnlo_as_0114                                                                                           1
  -19.896461840539114     
 NNPDF31_nnlo_as_0117                                                                                           1
  -19.424796288128064     
 NNPDF31_nnlo_as_0119                                                                                           1
  -19.598579483827017     
 NNPDF31_nnlo_as_0122                                                                                           1
  -19.418904803597428     
 NNPDF31_nnlo_as_0124                                                                                           1
  -19.935222335638581     
 NNPDF31_nlo_hessian_pdfas         103
  -18.481091783886676       -18.783290591615398       -18.348148252534479       -18.497227314663903       -18.374615255232964       -18.462798101561933       -18.271053984443029       -18.616124619611497       -18.769340480609124       -18.483656499101684       -18.167680136036996       -18.763523672540167       -18.951496919217629       -18.379601887988930       -18.492977060524296       -18.664437824642178       -18.771267518242279       -18.805896001862749       -18.641796873271311       -18.373708883518606       -18.352764898404477       -18.170941339018771       -18.361644847065598       -18.283188760725896       -18.226130478372362       -18.489546293754024       -18.645003665868625       -18.617881977118937       -18.246804016955792       -18.280520031503116       -19.184802735010376       -18.735021720519843       -18.171220919238195       -18.463768973110682       -18.689960578836672       -18.034091446188857       -18.662748925656199       -17.695791301161336       -19.098655139758023       -18.515900092893062       -19.035353439799778       -18.241902791908043       -18.631128141539055       -18.765118363515800       -18.395240944907194       -18.312733849866078       -18.570460958385766       -18.742131703393714       -18.186269393280799       -18.531580751058009       -18.568216315798054       -18.658041190090835       -19.045414319439285       -17.949514731591705       -18.300272228623616       -18.122042334270837       -18.417211550905122       -18.644947972050666       -17.997053149502445       -19.001392147568357       -17.964587479973879       -18.191336311801134       -18.822960434058960       -17.913495322809133       -18.660535624768077       -18.459602687823622       -18.415234036563255       -18.798894885686408       -18.243294547954285       -18.419146254642801       -18.455935824470771       -18.644776855195516       -18.545386711864278       -18.504862696353573       -18.162782897249208       -18.517266889964830       -18.339064400156527       -18.642394045321833       -18.420327077307533       -18.540661720085819       -18.506863422477828       -18.636047443057642       -18.671360277804308       -18.444705168847449       -18.511753430054842       -18.471261152296758       -18.410842305474777       -18.326289692019138       -18.327979477809439       -18.535116958428361       -18.283317805767535       -18.432620348730644       -18.358712208325315       -18.263286911016223       -18.452592627518417       -18.379136731838919       -18.558902261332996       -18.272905962480213       -18.433044342510712       -18.551928522101441       -18.345878105475339       -18.541900114960679       -18.381804729491275     
 CT14nnlo          57
  -19.592844660369437       -18.464923626763884       -19.240217964968586       -18.631434450213092       -19.350692964210118       -18.281646507816578       -19.978891157431004       -19.491533854470134       -18.382655826607941       -20.026340954205200       -19.306739016745084       -19.516778661675211       -19.291738736988702       -18.172738305780012       -20.114205914650274       -19.965086729085559       -18.324501709405148       -20.078014174129873       -19.004547954687315       -19.583654394159932       -19.468798246241548       -19.686265260746595       -19.530072926500694       -19.260067588983816       -19.931493739527465       -20.171614344973520       -19.135360704354699       -19.492993673963738       -19.782956581013590       -18.651050796304702       -20.174508711498301       -19.571432535186823       -19.578606499254359       -20.050679080827450       -19.112254808011851       -19.413413045767552       -19.678326443905412       -20.270270659551642       -18.830364861741590       -20.961419525153911       -18.365543160486734       -19.089400698977173       -19.844996385233209       -19.855472326498326       -18.409417247365706       -20.995983612919598       -19.061282226059415       -20.598338159402399       -19.261824477622252       -19.372823814912657       -20.553768724662213       -19.829196739433264       -19.549678906568726       -19.188003248686979       -20.600524320160734       -19.515155320524503       -21.031500017233672     
 CT14nnlo_as_0116                                                                                               1
  -19.476956299734439     
 CT14nnlo_as_0120                                                                                               1
  -19.598687752907097     
 CT14nlo          57
  -19.055585494133272       -19.193266956418515       -19.283123218024382       -19.923321654148747       -18.268523724702074       -20.282823681402242       -18.485415232051281       -19.737903989873143       -18.654695190726262       -18.239566464586453       -19.358299202693704       -19.405068290368703       -18.948639299358128       -18.081578619749553       -19.263093162848246       -19.851819319776723       -18.027304356893104       -19.654071044749433       -18.421213034777285       -19.985770627780795       -17.955458541889527       -19.168910033543238       -18.659396328791686       -19.231834776222851       -18.749214532034724       -18.476462075238185       -19.534699330798180       -18.643507749509649       -19.609309538961774       -18.267764942744066       -19.328405420189728       -18.738909649613674       -19.455782792316555       -18.945161600738476       -19.314318458528493       -19.560241223622366       -18.638350524059973       -19.416076933344076       -18.366907242310180       -18.764168815371384       -19.028524067174487       -19.439967313511438       -18.759939196928606       -19.989058342746333       -17.938599009627268       -18.041598902393417       -18.094878181680329       -18.107511310505814       -18.994686574056967       -18.614905542959868       -17.758322229698607       -18.596985414305117       -17.995026351160188       -17.560611772479962       -19.284587384814191       -19.241733089440853       -20.256195263041480     
 CT14nlo_as_0116                                                                                                1
  -18.938924503271778     
 CT14nlo_as_0120                                                                                                1
  -19.074650828175795     
 CT14lo                                                                                                         1
  -16.020431831725446     
 MMHT2014nlo68clas118          51
  -20.296669475721302       -20.003708304084505       -20.609060684475768       -20.152936734762552       -20.389876141890028       -20.416281369085929       -20.189985916830949       -19.932599695718046       -20.698775300186686       -20.207409972379232       -20.379716381688642       -20.299961327907972       -20.284587453690492       -20.257514424778552       -20.362341432524698       -20.226806872588430       -20.333740132000649       -19.930081157773650       -20.729280150365202       -20.121547625152370       -20.447032360892283       -20.362455258650012       -20.205741702197070       -19.361073272209037       -20.886358692695318       -19.794879352791124       -20.715639483253337       -20.323798322151809       -20.287965064294166       -20.656877334731963       -19.890619520312395       -20.408255220350011       -20.210119828709622       -20.106807009227278       -20.498638519429399       -20.178809845055685       -20.756929456899869       -20.366873242918128       -20.250009525302314       -20.294034878832402       -20.298245501410861       -19.994982809187746       -20.856144308437489       -20.475753990156974       -20.095342548880524       -20.207843709564596       -20.560778745793957       -20.036215430783152       -19.803189688651113       -20.146712409770370       -20.163692547672486     
 MMHT2014nnlo68cl          51
  -21.904951451884340       -21.568539593615164       -22.341314141206823       -22.062255834915316       -21.751162155316596       -21.800008398173730       -21.947584637554620       -21.531274398309314       -22.278095096927508       -21.883845811260965       -21.928349245975749       -21.863410025762182       -21.928677107031138       -21.906951086263788       -21.906463378492539       -21.829234056684459       -21.986628660062291       -21.558048627816714       -22.100067312725027       -21.946426771033533       -21.851136880505219       -21.659693728481944       -22.077514632399584       -22.101956420899221       -21.737207698779017       -22.303917575800234       -20.880035854461283       -21.968134253102853       -21.796988281646282       -21.668842807362068       -22.632445899429730       -21.935283922782112       -21.896238017750079       -21.921373568272372       -21.916842199014795       -22.419653903544297       -21.709359626774546       -21.817248266920540       -22.001527938420406       -21.943097630040160       -21.887317723077611       -22.169947083628880       -21.341657896243262       -21.912730777992909       -21.589456895999270       -21.369058423194332       -21.817351900124184       -22.010012606150845       -21.795696422715444       -21.668521417017693       -21.567332897943004     
 MMHT2014lo68cl                                                                                                 1
  -18.921477362036054     
 ABMP16als118_5_nnlo          30
  -21.237327661407637       -21.229602534131764       -21.217412706416770       -21.365939622474009       -21.238295589806082       -21.287717853286786       -21.124723489573274       -21.260826893340859       -21.178602883383597       -21.292594903703918       -21.328027765011129       -21.164748544521792       -21.318956805995107       -21.175589498894126       -21.215567978383920       -21.304739106212114       -21.078137852598765       -21.269836623203663       -21.235477617026749       -21.209297318960282       -21.140719921161327       -21.330855074392503       -20.950297660974069       -21.185809894265962       -21.356952264206090       -21.426889933127921       -21.342227275565680       -21.122717008600187       -21.614169074350553       -21.031144444853471     
 PDF4LHC15_nlo_100_pdfas         103
  -20.002771188981765       -19.813977707664083       -20.613184086511190       -20.206275392781251       -19.877289264613658       -19.834668247077342       -20.051486812862986       -20.109446043439430       -20.286303546796528       -20.059669598206948       -20.876094743373482       -19.940079610353685       -19.497324383033117       -19.940042390368198       -19.548732862889047       -20.098526982926465       -19.820686599741716       -20.090943775049912       -20.310017222974846       -19.970071706665699       -19.953206665257699       -19.919513872130079       -19.937914056314810       -20.051122956947793       -19.986433911359356       -19.848209229460732       -19.987039613357137       -20.174241808907887       -19.634522376730256       -20.099506046003022       -20.166839162656309       -19.925011385843060       -19.976766662981529       -20.044679001236947       -20.287571122081548       -19.966695121732414       -20.038983902659783       -19.959908097311668       -19.959945606457360       -19.960662486062894       -19.977164733968504       -19.921276278455743       -20.135935945603674       -19.993233593304975       -20.061567791710786       -20.166962934765227       -19.938637116257102       -19.831149483866273       -20.147603348539704       -19.966777824795777       -20.038435739311147       -20.007034677066866       -19.977002679587841       -19.915494521720120       -19.913733575230225       -20.022588294415574       -19.920083217871134       -19.886079092210096       -20.093215417066471       -19.838502446038500       -19.991545091721800       -20.290772347730787       -19.855541366415185       -19.804322689414413       -20.184690281224217       -20.032154853815776       -20.091804900743082       -20.172505386299541       -20.089906798971473       -19.977115741643711       -19.858753792402059       -20.009780479910461       -20.023860395104915       -19.979060722107352       -19.982221601183817       -20.021604728268642       -19.968609029471143       -20.066168724274167       -19.913378873009837       -19.870918711761657       -20.036368765207325       -20.142920769583238       -20.078861739145250       -19.820495132217463       -19.968848140558840       -19.955092104470104       -19.938752026109420       -20.011602096066014       -19.950686031784368       -20.065807652305892       -20.081612195643991       -20.074470319936449       -20.053465815418846       -19.979727745869862       -20.151516547170278       -19.917429577477179       -19.976238934622579       -20.049343474720324       -20.077018776181028       -19.967199403247736       -20.005986945399719       -19.839692805286528       -20.027526162148771     
 PDF4LHC15_nnlo_100_pdfas         103
  -21.424850154728691       -21.387208961162958       -22.086070564332580       -20.696292828418947       -21.271046975399532       -21.666575056502833       -21.134271208169714       -21.589857547433297       -21.425120816759801       -21.135711514592547       -20.977466791318243       -22.194209033147835       -21.090337273694054       -20.592536109421310       -21.259333504650250       -21.909048535272568       -21.636950146359901       -21.355176798923580       -21.593878662464689       -21.043542341654405       -21.257773844264115       -21.490276745397843       -21.129417622544668       -21.426194297903304       -21.413243889658855       -21.375122420918437       -21.335663186786441       -21.332905632562198       -21.494676642509269       -21.515896423526655       -21.441275411645503       -21.307173676915646       -21.330428880901671       -21.315485403925077       -21.397605706617590       -21.594756717864133       -21.517830197168259       -21.243415568176221       -21.281806202337652       -21.446528516264770       -21.303823613860942       -21.363551250463814       -21.426057243608440       -21.368773771079624       -21.353526374754288       -21.564003685541714       -21.150866352827681       -21.258073956921727       -21.257476598696307       -21.639190459477586       -21.341198447119385       -21.248998622612163       -21.343885154390826       -21.385612593346220       -21.360891495164857       -21.477927778319927       -21.540842713420119       -21.422790297299397       -21.312479205015894       -21.412125163632727       -21.527303243623642       -21.313642891160846       -21.253813932770090       -21.476076236286641       -21.563529917322001       -21.556442240821397       -21.242198367083731       -21.520865581940267       -21.412198229921813       -21.520156199093261       -21.373921860540261       -21.572385954152914       -21.409736828088349       -21.520277191273777       -21.502482266629730       -21.497729835857157       -21.481463227976967       -21.195519295241564       -21.362100776850237       -21.247987188809887       -21.535510706885468       -21.291329629410424       -21.425159413951924       -21.458166780740168       -21.541392856653825       -21.448289620271510       -21.312501067368473       -21.465392340717724       -21.528120740289708       -21.335116948301327       -21.467430322174433       -21.466717321789627       -21.504848171743308       -21.432114968131550       -21.392539357633531       -21.474654927237612       -21.385748276058060       -21.438946796780041       -21.442040912933493       -21.387070216630775       -21.471309812437532       -21.281789138147449       -21.317727996476183     
 PDF4LHC15_nlo_30_pdfas          33
  -19.998853033375763       -20.507773346410598       -19.525330984045002       -19.898394181220137       -19.760026523988980       -21.104569764925234       -20.014275481171826       -20.016953388524040       -20.076225569864981       -19.768144001893951       -20.269757031173871       -20.024309919417480       -19.804115701052460       -19.993872003061234       -19.726587082589738       -19.808878283704679       -19.979080356826117       -20.052466873108195       -20.090989759950844       -20.205961113697953       -20.297028859072149       -20.057748324840272       -20.081055911591896       -20.036541624519796       -20.060439335877980       -20.058447891036991       -20.053635322265698       -19.718366118011687       -20.101822439403186       -20.372141317215615       -19.996046005888527       -19.839692805286528       -20.027526162148771     
 PDF4LHC15_nnlo_30_pdfas          33
  -21.419815553971837       -21.543269108491348       -22.239268392586570       -21.220898258086585       -22.194816852318819       -20.887648600127896       -21.390955750595968       -21.022297368674643       -21.260100781013580       -20.832243485143685       -21.444181826937065       -21.653599749939207       -21.471764180713816       -21.756405541962625       -21.273283863565087       -21.641507568631145       -21.407184616601761       -21.809684642920484       -21.530795259516236       -21.188212178291248       -21.313302988266148       -21.513770562406130       -22.335293544402770       -21.314888976383394       -21.599171365860570       -21.276209329414918       -21.034387262563552       -21.437915035299522       -21.607831027335301       -21.443800751918019       -21.602538786191360       -21.281789138147449       -21.317727996476183     
 HERAPDF20_NLO_EIG          29
  -31.203994334966026       -31.261056669842148       -31.147593311800325       -31.182956025139564       -31.225119412597561       -31.404285921324870       -31.004171753665979       -31.074195994483148       -31.332048946396338       -31.283153036601053       -31.125252707528880       -31.391835309856447       -31.042909331497448       -31.022038556309415       -31.377340068204358       -30.990733333248659       -31.278179437637807       -31.221109493919702       -31.197388947909126       -30.963695242575518       -31.420534143288265       -31.524341338899450       -30.833697686533579       -31.101160297241073       -31.094600056969082       -30.785967511345678       -31.685575504864303       -30.318209079332224       -32.052759983195976     
 HERAPDF20_NLO_VAR          14
  -31.203994334966026       -31.683275221556752       -30.665846115475087       -31.768177824035050       -30.828930070427429       -30.932519595544921       -30.823924132526262       -30.971460697999330       -31.407125752606131       -31.116877018905893       -31.311022563699929       -31.443193736941769       -31.103189846252636       -30.178598900100436     
 HERAPDF20_NNLO_EIG          29
  -26.259507356857451       -26.322630979427505       -26.206903220459679       -26.173689771781081       -26.355848786219223       -26.431343748221785       -26.098372724433748       -26.187152873545934       -26.341495648670652       -26.384331574463527       -26.150083237467971       -26.182799082725705       -26.347135431066981       -26.054586930882330       -26.462953623948181       -26.084421126792531       -26.313626681723608       -26.248607265750657       -26.269467269069747       -26.267424817881462       -26.262823361117622       -25.630487766915305       -26.838588681772205       -25.592157063494518       -26.939830048741531       -26.732677806845459       -25.692763055796942       -26.232629732529301       -26.311223347388918     
 HERAPDF20_NNLO_VAR          14
  -26.259507356857451       -26.793669243524956       -25.243240900364061       -27.022298348783540       -25.850682305647886       -25.090012924268770       -27.481877434298518       -26.076362872477713       -26.393599790129006       -26.495105886065058       -26.017132914374372       -26.512002610133315       -26.189660500639469       -26.075908017500069     
 CT14qed_inc_proton          31
  -18.876484739053289       -18.865000116369220       -18.853537177504272       -18.841310721092803       -18.829422825159487       -18.818695514712630       -18.806407294270553       -18.794425090856024       -18.782856051458182       -18.771561947275089       -18.760380514998570       -18.748168162541557       -18.736793745913904       -18.725159942491835       -18.713278301752226       -18.701999771505857       -18.690250587338952       -18.678537277851166       -18.666873855964564       -18.654894612865117       -18.643337032030612       -18.631969300338625       -18.619848194638095       -18.608517680014927       -18.597501730646474       -18.585166523577989       -18.574072790789536       -18.561785678295188       -18.551199798640010       -18.539341275417033       -18.527249818835720     
 LUXqed17_plus_PDF4LHC15_nnlo_100         108
  -21.302967579310437       -21.258689909585200       -21.962699340624834       -20.573292968166871       -21.146769605519555       -21.539916794779547       -21.016059271160707       -21.475080641851548       -21.304787501135483       -21.013537853474261       -20.852646164643250       -22.074281143403642       -20.973100654625522       -20.473921537464985       -21.144521240339991       -21.786259362059340       -21.518838064708643       -21.229984226278113       -21.472738593923413       -20.926872657118519       -21.136628678997830       -21.369515682194841       -21.006901818955942       -21.304175333126857       -21.290405249193107       -21.252089354564788       -21.212503075594533       -21.214854259326785       -21.373167562582832       -21.391981362845861       -21.318852490488094       -21.186833713408891       -21.206031583727377       -21.191693264672409       -21.276523300510682       -21.470650352078032       -21.397546519700860       -21.122091304541311       -21.159866287002156       -21.322642844627985       -21.181916118112451       -21.244024672087161       -21.304727767984929       -21.246617470013078       -21.231102627645775       -21.442227833936450       -21.031408769231600       -21.138623693295028       -21.137169716357260       -21.517587617004494       -21.218985308032419       -21.127225417135243       -21.222378049756450       -21.262984570064567       -21.240992025961770       -21.356239576197691       -21.416629348414418       -21.301482393017718       -21.191711317182509       -21.290974844695434       -21.404201378689955       -21.193108563114826       -21.134373840005701       -21.352935644163960       -21.442913336020158       -21.433407971025893       -21.119876795383473       -21.398488556792358       -21.289793972049356       -21.395830034692608       -21.252055447150166       -21.449999665426834       -21.286888144435558       -21.399135147719004       -21.381754553819746       -21.376092865220180       -21.358768688449420       -21.075490616016832       -21.239789443796617       -21.126919531615020       -21.413104853924541       -21.171276344500207       -21.303957692811231       -21.337234479176452       -21.418513596015398       -21.325747484421367       -21.191811297903755       -21.343015561006546       -21.404761067785870       -21.214179839359762       -21.345284652825271       -21.342554836390352       -21.381255488876580       -21.309907813945937       -21.271315153751878       -21.351057787467298       -21.264015509054584       -21.317607120506796       -21.318834426680581       -21.265120606846441       -21.348109976066162       -21.302826929522997       -21.302181808644438       -21.303088242320854       -21.303118058474229       -21.303327479142062       -21.303020197459936       -21.302431544812798     
 NNPDF30_nlo_nf_5_pdfas         103
  -20.684812445566308       -16.681272301844221       -20.157853812686970       -21.916571389754417       -20.336756821844421       -14.416471217366162       -18.705738190560915       -21.989733176285071       -21.881099290181552       -20.728366051435771       -18.122481743874527       -21.188376902085178       -21.322687062806569       -22.049358773334021       -17.892038417174206       -21.038298903731057       -22.649153673367955       -21.144297322245713       -19.501789220714393       -21.771295793902951       -23.896551615822446       -22.629809406939501       -19.737784239481186       -23.120515464940976       -20.915210748613969       -21.866773525323474       -20.720671102583044       -22.210331555781686       -21.124890452402763       -20.799274292290793       -21.390399427493744       -22.573548117401675       -19.165925306261833       -22.439572080366172       -22.603505833997740       -21.403451349587385       -21.291240277381803       -22.175625621573431       -20.192055873746323       -18.287489278156865       -21.970805334196299       -19.853839775381747       -20.924519449435632       -22.730699466404197       -19.488036494170046       -19.840479415129888       -19.673295612241539       -18.905143060954103       -19.575405473044366       -20.973384806090046       -22.066749792287858       -19.358660021788253       -20.536037788256511       -20.730453759065274       -22.319026243207606       -20.389096063119084       -19.817524245093338       -20.773514432380587       -19.401955053780028       -22.794028547943903       -20.187651835487241       -18.501371957030663       -21.747369086010320       -20.261994205826031       -19.546335182804921       -21.520155296804965       -21.270539393016641       -22.355017445024551       -20.142003506048923       -18.617255166155797       -21.292023598425846       -20.805016574601609       -19.272565610182035       -15.386055345692949       -19.669309860723796       -21.215453640213894       -20.745937263327527       -22.140414769612399       -21.454228121848903       -19.324992284083411       -21.287812424892191       -21.440485314460759       -20.426230675907767       -23.123294292828806       -19.839883292428556       -18.346016005780790       -20.094815191732376       -18.078529842566962       -21.109500116988087       -23.131829917962428       -21.701501086243812       -21.505392957363554       -23.088786544566304       -20.477958055940050       -21.891092407200770       -20.192184462045351       -21.409022343918913       -18.880986142222859       -21.246559626581853       -21.755517851033940       -20.871952751262654       -20.361781316305802       -20.385685358255504     
 NNPDF30_nnlo_nf_5_pdfas                                                                                        1
  -22.695049613011584     
 NNPDF31_lo_as_0118                                                                                             1
  -31.091638461216824     
 NNPDF31_lo_as_0130                                                                                             1
  -28.742444489845589     
 NNPDF30_lo_as_0118                                                                                             1
  -21.618458003720157     
 NNPDF30_lo_as_0130                                                                                             1
  -22.397890635262414     
