   0.0000000000000000        0.0000000000000000        0.0000000000000000        0.0000000000000000        0.0000000000000000        0.0000000000000000        0.0000000000000000        0.0000000000000000        0.0000000000000000        0.0000000000000000     
   4.3432721480652796E-002  0.15512129514882714        1.8859880464569150E-002   3.6899260043896764E-002   3.1325783119998840E-002   7.1171517806825360E-002  0.10568621104783425       0.15352079068582658        4.4078726088352914E-002   3.0378974676357112E-002
   2.7234746453789214        2.3564038575466926        2.2486839650860353        3.1687159644013638        3.0538934524152075        3.2851908747923577        2.2209890189287766        3.0843696483270682        5.8675979020532401        2.5545382635138916     
   7.5497679542399027E-002  0.28839282571842928        3.8413037844032966E-002   7.2380007261175494E-002   6.5426537162238549E-002   9.7366098897599368E-002  0.15500525182514563       0.22785940204016641        7.6167525266171016E-002   6.2388604849848019E-002
   2.2432264483657511        1.9849534551369468        2.3516772806180333        3.0319549023573407        2.2019174350268411        9.1772848691534374        3.4608406602205406        3.5906553356630035        4.5516210912987978        2.3394934378118291     
  0.10221982378181914       0.36319170820061020        5.6866140702731924E-002  0.10733068012154823        9.9303581115853135E-002  0.12058676597780685       0.17998777714950304       0.27541028487699143       0.10317833428619244        9.4986365119945557E-002
   2.1956629469883508        1.9570160455957868        2.3936834378138077        2.4888868747129993        2.9118155658778719        4.3686827752895399        2.7334794007055692        2.9291184404890074        3.9298451902401070        2.4540299477904575     
  0.12726331672304736       0.43138299892361731        7.5837451787663074E-002  0.13954694865388190       0.13618883055949607       0.13637566146278257       0.20200345558154797       0.30683819093135645       0.12790184780301600       0.12850903388703455     
   2.7117578643266174        2.0939208693168476        2.5943827217965527        2.4143193728998260        2.6138100966604205        2.2517220337789365        2.4202199932604720        2.8043372904011403        3.0439758903586083        2.1313320991272882     
  0.15363200653072864       0.49695039265869279        9.4458742457843733E-002  0.16979109727791733       0.16521661735709223       0.15997749618896170       0.22006294049067165       0.33374933495389475       0.14971283759322188       0.15895644676831847     
   2.2770870745747329        2.3688441544214314        2.6528452213387008        2.4209351194696151        2.5288642993393422        2.6922723684474130        2.2925832230057175        2.2717371314058536        3.3725960328253319        2.4605087516195483     
  0.18114810621203764       0.54552284934661621       0.11328451456726883       0.19984751162093442       0.19247833586979751       0.18078165295195345       0.24004233391063312       0.35936268873141497       0.17530799301263042       0.18746002124906586     
   2.2137462661772060        2.6493106123932426        2.0977900607339057        2.3714812089461215        2.2869956479873048        2.4738609602164590        2.4077654991219384        2.6083863300235959        3.2356900372681823        2.5655124325067895     
  0.21006427327958258       0.59167143600803607       0.13301373391957988       0.23107016102946629       0.21711842646793741       0.20067278324188903       0.25978137307161253       0.38308314958047368       0.20178108307677112       0.21610088351702147     
   2.7722551618496132        2.6794594132292184        2.3743916525836304        2.3073045688785094        2.4687564582835537        2.7210904060229857        2.9873057396516223        2.6557175754854154        2.4414840724753661        2.8550227752798834     
  0.24307697119154381       0.62931893930359373       0.15439687659482879       0.26365562080100063       0.24324251275097591       0.22042647466709306       0.28052102905756870       0.40830466711844299       0.23453871764568263       0.24855759728096014     
   2.6978443629245712        2.8380617187847199        2.5379931523586765        2.4976498333606139        2.4895952808697945        2.5330356466436577        2.3572967058880256        2.3247603998756836        3.3026486557230270        2.4886336675533056     
  0.27361451500966849       0.66165184532315902       0.17885861204192616       0.29660596015948787       0.27172229509978163       0.23844849115037448       0.30001194113795021       0.43149553331517221       0.26727362412294037       0.28507087640479173     
   2.6681772423916286        2.3396665676371984        3.0217743361407807        2.7611627899294615        2.4132181077063106        2.3418745533845104        3.0995355953295336        2.6473870023395984        2.3983161623995422        2.6241562698116447     
  0.30443550545171305       0.68740390891244318       0.20436836901219496       0.32542613893212879       0.30188184203615370       0.25549495776552295       0.31969207213721590       0.45488990286818126       0.30037821784327939       0.32109679110475497     
   2.4104126512925959        2.1226043239860277        3.5208929511030251        2.7852741266803669        2.5775689770454675        2.0850669520426730        2.6050473587136818        2.3960292959905218        2.5862845134898058        2.3059552960941185     
  0.33374093456666509       0.71430699583027601       0.23202604091951920       0.35173635641554657       0.33293286536549621       0.27317816840795933       0.33957450549950663       0.47844783929414925       0.32872516820575309       0.35680610242361332     
   2.6225504399231698        2.1481085506439239        2.9382731862874771        2.3705318450495185        2.8955088037171595        2.3001549524691280        3.5166741185532069        2.0688929364560562        2.2548014427149790        2.3572980935746743     
  0.36466200437343166       0.74154951041975137       0.26126632904353908       0.37821848545068143       0.36353446391131672       0.29151986783427553       0.35828654036529234       0.50312555041129792       0.35966209875100957       0.39249125528439388     
   2.3193904696954326        2.7686215299764423        2.9507911449027371        2.3489965125241330        2.5023303874486382        2.1551020114798143        2.4275295961985539        2.2943019181276072        2.6726747413736005        2.7161134601333092     
  0.39610898140943596       0.76479405741409257       0.29013012715244574       0.40720276636273234       0.39423698437545401       0.31134257489626788       0.37657131587395309       0.52722120169681075       0.39122150546199502       0.42417830634168796     
   2.6064215812600970        2.7547736022650926        2.4268271135508348        2.5431375591352223        2.9739715615450582        2.3772382737466895        2.7487221375397430        2.4226579881020252        2.0120324106252792        2.6993829999855072     
  0.42733911492205406       0.78563991624032647       0.32036740554389842       0.43912358143909302       0.42473621798266770       0.33317860939399996       0.39321200873137152       0.54886314305402839       0.42539724053681638       0.45303009455085080     
   2.3921278531062797        2.4745613906247588        2.2282519386932429        2.8214567929487311        2.4201898372653221        2.2494891756188777        2.6699091188726722        2.2837395083734955        2.4763516098709597        2.2191367731987488     
  0.45977278019023626       0.80621671825298991       0.35004885053597268       0.47041723986995870       0.45468357077765809       0.35530890364204337       0.40930236810544368       0.56644828251290980       0.45923504056074094       0.48156224552679033     
   2.6462057478752667        2.5883955117770894        2.2963454453227738        2.8792952619263712        2.2980752691571191        2.4836397938219279        2.2958717641855819        2.1774034935975419        2.5517930783922069        2.7382099483895641     
  0.49219490458542753       0.82634224575319770       0.38414733264515682       0.50341783996513034       0.48456359216451811       0.37591197951972383       0.42659568600824443       0.58381966509257133       0.49198172089363768       0.51115038214620256     
   2.6190656218599160        2.7098018629203615        2.5224916365180086        2.3495696740225092        2.3465585603683561        2.3573143994293519        2.5362456606022512        2.0506789264085463        2.1994778153993342        3.0216352662953829     
  0.52618420655150289       0.84426176621115101       0.42137973294308695       0.53599752227943342       0.51610754293837102       0.39696802383870128       0.44549407721410267       0.60267110788622857       0.52461682464940751       0.54253753360333790     
   2.5438495577511349        2.4928100473232400        2.8502000568272750        2.6770757353595478        2.6839375052316679        2.4220941995884262        2.3764770933444046        2.3800102180897342        2.4677574868944574        2.5613749787578559     
  0.55955913849185512       0.86180514430859889       0.46699396356627237       0.56971179671402616       0.54668064809704908       0.41895872533519257       0.46492927680935880       0.62703707716837687       0.55705183385718349       0.57294920781915892     
   2.9368417517055740        2.3835396037531549        2.5952584201644435        3.0275252112690367        2.5212381092987699        2.1017200989744240        2.6727308683128590        2.0856251577971725        2.4581036716142637        2.4437198894317582     
  0.59064205626660959       0.87750027949276621       0.51070775373803090       0.60167013754912402       0.57651084821202969       0.44145566440741024       0.48228469836186405       0.65237364685444998       0.58815992836934650       0.60329975352718024     
   2.2336906938609578        2.5611934230221833        2.4526100164123092        2.3338195278583673        2.4023080496051996        1.9494104052657388        2.4269844261961615        2.8737271366533967        2.3601034342361751        2.5024936781530109     
  0.62219115547455417       0.89275342811980551       0.55568719507644571       0.63636350893361804       0.60551455258810238       0.46509131669445952       0.49820334693497648       0.67801758264124046       0.61728890599931507       0.63622519563447366     
   2.5603586383413841        2.4683388444836440        3.0417432707774603        2.9343672140069597        2.1692792857650232        2.2250207805903606        2.3684744874023465        2.4332621058766608        2.1939528124993157        3.1077763251992905     
  0.65527908312902738       0.90559895339951579       0.60113655085758766       0.67056079572986582       0.63971315574687071       0.49014557493446320       0.51536419744994033       0.70579520552225594       0.64315507145289508       0.66945218209534407     
   2.9174705956265208        2.2494717621870937        2.7979798940512857        2.8426899922957856        2.5431014129242127        2.1703701082831697        2.1217476523581773        2.3496631987418723        2.1923003725404855        2.7130172225414380     
  0.68761579015642527       0.91828834284739025       0.64837421335110956       0.70438386657674101       0.67439493187372812       0.52053103394583267       0.53417149262497321       0.73112263539177080       0.67024398674681573       0.69826469383762479     
   2.6037792602005618        2.3969955989384863        3.0371875176399414        2.7603724287044180        2.7002077541291447        2.2671762270411824        2.4124158851402617        2.5699373348247359        2.1340944181537194        3.1079895161201003     
  0.72161573197223516       0.93031455267686458       0.69602907405207559       0.73721839225762109       0.70886694383317761       0.54992615639473741       0.55714523242580039       0.75306652229085935       0.69946449855203296       0.72589137195835807     
   2.2445547359421458        2.6326108421803700        2.2804184422838092        2.4276021312336078        2.5819849694724164        2.4515446847507589        2.3438150744834569        2.5333972420688529        2.0696083181271692        2.6122692347968797     
  0.75488348533427252       0.94056675529016032       0.74366497459180669       0.76748973098315509       0.74129954694335221       0.58066590542149554       0.57969759688071276       0.77434666148910847       0.73166158415282756       0.75456007787081070     
   2.8574847089575757        2.7302456044429735        2.5979321520966336        2.1884024836816569        2.8391484513146636        2.0983993228839415        3.0192277959462892        2.3747697958453777        2.2430176382421139        3.1386452759337584     
  0.78926494927721469       0.95010456295572177       0.78615524372422696       0.79687911567035252       0.77357503374046632       0.60989875976756602       0.60154347235400851       0.79566285782298996       0.76763860338414225       0.78627228865896770     
   2.8949055102118910        2.6378814613111632        2.6063433184679123        2.4058090641471894        2.7414803546773823        2.1939865597736019        2.7979538620470246        2.1472345888979678        2.7704502614745241        2.4074768103054383     
  0.82311168230553666       0.95804706163356668       0.82445502939129389       0.82572153596260622       0.80919208392490694       0.65027380716092442       0.62424914362786554       0.82016106139501299       0.80325694639636658       0.82122759306823612     
   2.4388025302206473        2.4633936717744245        2.5485365944525937        2.6587416059071391        2.4472792678320143        2.6750713389471619        2.4922090721079830        2.5549841192976457        2.0113664983288846        3.2630523209725162     
  0.85547459770226908       0.96593665739019530       0.85961905542018202       0.85469379081236041       0.84346123997490674       0.68874080808171401       0.65061094930413021       0.84682293765601846       0.83678024859464151       0.85485525806639562     
   2.5734195473351980        2.3650810067304295        2.8430428659369449        2.3156632148617482        3.0322045489778682        2.6884391438460931        3.0391021324007701        2.9339822986554434        2.4413087349779610        2.1836345127532195     
  0.88903445529238057       0.97322006154606988       0.89460559599321143       0.88377906436106757       0.87796885122408974       0.73170730860802546       0.67398606044704423       0.87380595661335259       0.86982036423454567       0.88703812996271525     
   2.4627502952094948        2.3384474415926277        2.7621430124854549        2.7564955327095468        2.4493981223442023        2.2356840021488540        2.2134174563188469        3.0878817615681906        2.0457176497052219        2.5771627837199000     
  0.92187831885116400       0.98057316681279649       0.92599890864011725       0.91273652530140514       0.91311196711750353       0.77751966357512525       0.70647243791932013       0.90327457645286779       0.90046485672156085       0.91554286451953903     
   3.0661839791431964        2.6262257764915886        2.4974086790200820        2.2586236554361729        2.9296850545373068        2.5540365585772729        2.2518753716078592        2.5686953024511916        2.1093432003635670        2.3364062023270269     
  0.95244330114823750       0.98765120788966754       0.95520845901888174       0.94172586725885621       0.94575300765745951       0.83007021664400571       0.73765812617671878       0.93377812374389113       0.93388917855304965       0.94453770239343549     
   2.9993094782853595        3.3039285151058544        2.3714240958439032        2.6999517809867792        2.7888320504150137        2.4490793942544551        2.2563159356926916        3.3727050941688974        2.3525054492318853        2.9616895539506052     
  0.97715639688552380       0.99382123006426248       0.97823976931159118       0.97099009295703964       0.97423048684153912       0.91628823895474421       0.83655205490708384       0.96723892855067573       0.96698240804620006       0.97063521636016248     
   2.4348893514638843        3.7995145220733932        2.2071501389836512        2.7132221941408261        2.6658328548551138        3.4184629025397997        3.1384461222990416        3.5428624375253261        2.5099090869099339        2.0799438399462775     
   1.0000000000000000        1.0000000000000000        1.0000000000000000        1.0000000000000000        1.0000000000000000        1.0000000000000000        1.0000000000000000        1.0000000000000000        1.0000000000000000        1.0000000000000000     
   2.8883640072255905        6.2683032629481445        2.3168563134355837        2.2503405393519751        2.2779376608826238        3.2107434696174311        2.4249194714499129        2.9327990314668044        2.0100423879571800        2.4227268575031018     
   6.0366736109234127        6.5782751216281614        9.5715679933552202        7.2165632620085214        6.2534311776553437        1.1260201930788361        6.8977744574092412        6.6863997168759948        8.3535118095830683        7.1345485853487993     
   4.9848095668310943        8.7594868144713427        8.0644519005762945        8.0144431827896714        5.5603062286310365        2.6375509659133334        7.4499603827358118        8.3716063755048076        8.1504945422543038        6.9607242859075580     
   6.3656116999798211        7.8126585913642321        6.4591030301451724        8.5908954726200797        7.8444287502977437        6.9177101670724515        6.5905717271924900        7.1841861739226056        6.1155335270200109        6.7636946979254873     
   6.8931415171677655        6.9905007034749378        3.4138427848771546        5.8739388431596185        7.2859807096105857        9.3377127510456663        7.9531761759690935        6.9772390219582334        8.9919345202881651        7.5692019709701448     
   9.5434144915143904        6.1787040408883112        5.6904870755287487        8.1928087603632083        7.7950280649466013        9.7291853733053060        7.7343204404491601        6.9157657995728936        8.3877956534999321        9.0152370657954926     
   9.2727862082419801        6.5766309479126743        3.6709637887845386        6.9798090534172497        8.3947619838820202        9.4674887495422713        8.3183662677557546        7.8129546604824149        6.3227152646494300        8.8632321452143064     
   9.7140770644139955        6.3942090130920937        7.0631516583994394        7.5744890387397952        7.7217061863208194        11.639923154722180        8.1508676069334811        7.9547692720479271        8.2213999055721239        6.0293190352579638     
   6.1185480963424750        8.8771503387639878        10.142302280384319        7.2107843050535791        8.4168629193227069        9.2687786676109258        4.3682318338525654        7.2021770594064343        7.2369364288707425        7.5057397432919197     
   218.37565327406429     
           1           1           1           1           1           1           1           1           1           1
   295.78056036971930        106.82010529566752        4.2234154924261406E-002   7.9719948155986184        6.3836917545593250        1.1939221166307253E-002
   2.4721046468599126        2.3529412125481146       0.49262314739179525       0.12904857047929397       0.49241468062807675        7.2272910427052871E-004
   5.0000000000000001E-003   7.3049448236431704     
