 scale variations:
          -1           3           3
  -13.624477862344218       -8.4108229288686704       -23.376335728499232       -18.560999472492213       -11.625525423083577       -31.491035088729284       -8.7112914764394560       -5.2568446607600139       -15.178595339355095     
 pdf variations:
 NNPDF31_nnlo_hessian_pdfas         103
  -13.624477862344218       -13.608448548554254       -13.674634240784391       -13.598354069083054       -13.669145867551014       -13.660384185827633       -13.623940651708324       -13.691070370879654       -13.714980523314445       -13.739468889363614       -13.489460615055272       -13.610788609956066       -13.716784717390119       -13.551920460041281       -13.786135322443521       -13.654870608988190       -13.804155090104596       -13.563732269047641       -13.477520540487333       -13.627018964492898       -13.552000432423338       -13.740456966307834       -13.613060663436420       -13.419862825868377       -13.574441028728803       -13.598967459227360       -13.527643488197372       -13.658284301768457       -13.628217512362703       -13.725827769400555       -13.584587058387983       -13.645653537935381       -13.689617617208174       -13.727271409151511       -13.601824883837999       -13.666508548692944       -13.592541453145737       -13.512500179084938       -13.634989222114708       -13.610827588362664       -13.668551234611598       -13.620300362802283       -13.637268745634465       -13.547301620949785       -13.587229695193280       -13.656348235836397       -13.582572118593655       -13.497311340936868       -13.757907176183496       -13.669522242026357       -13.729728521236197       -13.596195320783607       -13.601154189349892       -13.608886224771872       -13.599418325581965       -13.648611421791397       -13.611075127819927       -13.584054704009944       -13.621882944799861       -13.614469704643977       -13.547641926143150       -13.553743250240466       -13.653592103068735       -13.600658951234790       -13.601889154406733       -13.640701751954410       -13.611619497636132       -13.597802470165053       -13.634976127844601       -13.570825192591812       -13.632622494234909       -13.552508672467724       -13.736719350207103       -13.630019532510715       -13.637488877236795       -13.626350722782806       -13.630359209562311       -13.606039515198539       -13.618471620862181       -13.639298413424878       -13.655715250148312       -13.563144698422068       -13.584675612147693       -13.640158712324975       -13.650078263294073       -13.581212674627393       -13.576176317681128       -13.584083779104368       -13.615203735280915       -13.633417229044028       -13.629677834162843       -13.599533030778630       -13.656079603906154       -13.573192850658740       -13.619618954558662       -13.610756842093926       -13.613215803439079       -13.677394232183913       -13.599077683590783       -13.614514579940087       -13.611463863839710       -12.870558979587654       -14.611662647165428     
 NNPDF31_nnlo_as_0108                                                                                           1
  -15.283594092954498     
 NNPDF31_nnlo_as_0110                                                                                           1
  -15.081577978572316     
 NNPDF31_nnlo_as_0112                                                                                           1
  -14.882407223555298     
 NNPDF31_nnlo_as_0114                                                                                           1
  -14.787472433380113     
 NNPDF31_nnlo_as_0117                                                                                           1
  -14.585361272691056     
 NNPDF31_nnlo_as_0119                                                                                           1
  -14.584432232094818     
 NNPDF31_nnlo_as_0122                                                                                           1
  -14.508392662371165     
 NNPDF31_nnlo_as_0124                                                                                           1
  -14.436710264698053     
 NNPDF31_nlo_hessian_pdfas         103
  -14.607316197065886       -14.591782749943739       -14.592737986214459       -14.603991118719387       -14.705464217969569       -14.526174275946175       -14.572727459254923       -14.532041529855874       -14.511248208864995       -14.535884586709294       -14.419009280997791       -14.616231679787207       -14.635451411246738       -14.629561864329354       -14.727255501687088       -14.422671800700870       -14.728870552742606       -14.478375651803066       -14.591085354580859       -14.591707499816980       -14.534480175451517       -14.854997984733075       -14.645428319639443       -14.663379180555722       -14.681234205510155       -14.522593103641782       -14.557414577046668       -14.600249449809588       -14.629182922143556       -14.599163721316486       -14.638104875140534       -14.693039051453317       -14.481424493599370       -14.625246765646688       -14.556809730661985       -14.490821043900269       -14.551452709725286       -14.667811256384196       -14.538252645918238       -14.652316383773364       -14.682173960388933       -14.470137580080237       -14.623858029584909       -14.768568874766796       -14.600099223899427       -14.577414639495988       -14.599192732289801       -14.634712380871456       -14.577844960964960       -14.628430781400645       -14.685904074024574       -14.625269230253053       -14.641058790016100       -14.649689466143736       -14.559919589816769       -14.625246796151725       -14.687375118180302       -14.587204555444421       -14.605631533382841       -14.573338444164230       -14.575890192336217       -14.659257752280766       -14.734378715775769       -14.686322327567613       -14.654527572504232       -14.620333806547812       -14.678005910304080       -14.598563591301986       -14.561838912146861       -14.615948152877792       -14.580004438144833       -14.608276148628105       -14.641300477091972       -14.514358850455839       -14.609845839686042       -14.620404535738718       -14.654554656168045       -14.557905503810186       -14.581918793605016       -14.610987129068548       -14.561496599818339       -14.545549560530706       -14.625359292081978       -14.596395723955624       -14.564351015509395       -14.578944238874314       -14.599213791367411       -14.622074410823572       -14.621305688035664       -14.608407749088546       -14.576111937972499       -14.673029550917683       -14.647957855709832       -14.561279875052136       -14.615790278071621       -14.677884326386216       -14.578760631862536       -14.545130600171504       -14.579414209148169       -14.639357193433558       -14.633469681604021       -14.784172655671775       -14.603926179372511     
 CT14nnlo          57
  -14.169802512642470       -13.788040829455348       -13.915248053173364       -14.163675970068825       -13.956609313739882       -14.391240909358785       -14.040425867196351       -13.910303785931625       -14.125535635738313       -13.962640123881251       -14.279834028956842       -14.071632516806698       -14.064380666670392       -14.420140490664307       -14.050284285845290       -14.137683754850936       -14.143854106631807       -14.626396103390489       -13.691688602517392       -14.250443348053837       -14.085784669710465       -14.278200644675302       -14.109858494315544       -14.526013064040530       -13.782517805630414       -14.234794464104780       -14.118097491062532       -13.987396389553194       -14.478521611389880       -14.903017093454137       -13.699361053882294       -14.319320989747059       -13.936539548473515       -14.454560253801683       -13.912570589465561       -14.372881104586416       -14.000181106099070       -14.515796362366537       -13.808836883666878       -13.688029586387561       -14.309272983439051       -14.044379213602067       -14.315659371231998       -14.202340404966838       -14.315378575721285       -12.966210866562799       -14.823652752722579       -14.070179677451797       -14.125954005760596       -14.239326385182370       -14.171006189586187       -14.357764081370709       -14.162162836059910       -13.955867576486320       -13.919539511917634       -13.813174494037884       -14.199677678766191     
 CT14nnlo_as_0116                                                                                               1
  -14.176375748170338     
 CT14nnlo_as_0120                                                                                               1
  -14.208154504979516     
 CT14nlo          57
  -14.490719683742814       -14.517212732403944       -14.762887270532051       -14.194878599408689       -14.616325792712907       -14.775395523318940       -14.399754658457958       -14.105569672310338       -14.792766872487508       -14.550702894193485       -14.523492113543249       -13.411813393689105       -15.273304936350819       -15.139949183244219       -13.868425224132896       -14.225122246087549       -14.552678871428609       -15.012253379736475       -13.871118038186090       -14.269302812484502       -14.724745165105940       -14.410232236232961       -14.648947787946209       -14.450083634801217       -14.503918649150936       -14.428195214580619       -14.545572169112759       -14.485666346265800       -14.492190246488882       -14.861522795849586       -14.360126015711039       -14.565806546635113       -14.392751011677657       -14.523190840171939       -14.428187880504215       -14.580180685678132       -14.424299889402274       -14.516753458902947       -14.337164265179322       -14.353149391819461       -14.427057196161421       -14.231359988438584       -14.803943732369435       -14.266044453179770       -14.512523107883386       -14.513478785801624       -14.378685627965437       -14.358648022841503       -14.324339524673109       -14.436312661540573       -14.487572814907164       -14.251886332556616       -14.100416497390388       -14.231064469568310       -14.363847399373112       -14.237685573780549       -14.495832311550902     
 CT14nlo_as_0116                                                                                                1
  -14.474153373001721     
 CT14nlo_as_0120                                                                                                1
  -14.522247420269762     
 CT14lo                                                                                                         1
  -16.531712492522168     
 MMHT2014nlo68clas118          51
  -14.974832298540965       -14.882707187226316       -15.075784754716123       -14.930452423134419       -15.003438430303722       -14.855256707607346       -15.079314208249496       -15.001312630883561       -14.936531161827389       -14.829856893918684       -15.119356344358849       -14.985527324292512       -14.953208754046461       -15.098075155906820       -14.752958397455203       -14.898165380510385       -15.021283855365372       -15.227269479738887       -14.681382802150793       -15.253592663921735       -14.737986843293047       -14.976805954610416       -14.960156621651379       -14.887221623760452       -15.031841756552714       -15.099420928351705       -14.814547136980634       -14.991474025268175       -14.968900084823597       -14.850165918524088       -15.117574579599019       -15.169999018670953       -14.759059398975396       -14.839269844151016       -15.093551469832462       -14.989556354352958       -14.954704887783347       -14.947878588238087       -15.002231829259559       -15.001684098492056       -14.944648376735211       -14.756356314307556       -15.099393583500724       -14.914555251375692       -14.707758456519070       -15.055382860394630       -14.833883860774876       -14.901371936366216       -15.132743518944769       -14.973072067564200       -14.953990186535012     
 MMHT2014nnlo68cl          51
  -14.494228551774071       -14.418099208712388       -14.598074606314839       -14.430538178065836       -14.568233565986558       -14.415207586925586       -14.525578644024423       -14.469744951599136       -14.528365466912236       -14.400520580036225       -14.594329834390425       -14.513180755679404       -14.497446759635844       -14.578021800226713       -14.400561550851194       -14.596550105285957       -14.389520243612317       -14.762044887813330       -14.346756921196235       -14.337003653868692       -14.703837014308277       -14.869528246293594       -14.234337812736772       -14.234746985150700       -14.743863145103404       -14.483025429139738       -14.529118734240896       -14.512294140587242       -14.495003706830410       -14.527543394013914       -14.421369378433965       -14.646852559059557       -14.191176172168969       -14.518083161009594       -14.431862457951098       -14.531494729129067       -14.484052287552107       -14.473356285683430       -14.537585690352183       -14.551551404336271       -14.452942220549488       -14.647564347123513       -14.166691909911890       -14.491080443184869       -14.477567793181860       -14.460576535062151       -14.532864306582097       -14.371076822050355       -14.576994875933584       -14.542858651787167       -14.414503955792801     
 MMHT2014lo68cl                                                                                                 1
  -15.257148518997102     
 ABMP16als118_5_nnlo          30
  -14.265986301349457       -14.266067328052159       -14.266366991672109       -14.235738620870670       -14.267475570546367       -14.358465925115325       -14.188287266461446       -14.283742489287487       -14.254108652738116       -14.145588946366765       -14.235608460246906       -14.275622160095093       -14.248817462103835       -14.299642206769663       -14.224990024989538       -14.296752725048067       -14.207461269820335       -14.258562468657534       -14.220077396253231       -14.250043381650336       -14.419779620079613       -14.241346242727509       -14.285262203961105       -14.173981913997526       -14.251285929148887       -14.192778206097532       -14.314316113171191       -14.147980820812343       -14.412867828275878       -14.332660228509418     
 PDF4LHC15_nlo_100_pdfas         103
  -14.406785606724902       -14.425825606168019       -14.238490397460325       -14.631793025662802       -14.380803000586749       -14.379921186615059       -14.335639815548856       -14.557282568188615       -14.552866747699099       -14.377444512743303       -14.293379129918005       -14.355577643094065       -14.680372655994296       -14.166378096002450       -14.734924666550349       -14.377866616579794       -14.543325084985739       -14.592529631862620       -14.397981417176053       -14.565019400878770       -14.655245157506211       -14.350562451773893       -14.290714988931185       -14.444763363281215       -14.339566776592719       -14.133373756348355       -14.412062308865654       -14.434293764861820       -14.218857820562487       -14.476946943248038       -14.607201376454675       -14.362778943351159       -14.410562582966621       -14.460381755887756       -14.498314273999021       -14.482189762705328       -14.433969386650976       -14.443191181729333       -14.351235583104621       -14.427069169499934       -14.431230732117822       -14.449151547499776       -14.488985649832772       -14.363894809872896       -14.511027324479617       -14.456641102057590       -14.405825620659707       -14.395737057584650       -14.399937608668349       -14.417606755428150       -14.387736851913939       -14.300299834476892       -14.383536521715143       -14.336963126643978       -14.248817861741518       -14.456803756112496       -14.466398623742721       -14.444221530460482       -14.457103978512517       -14.380862557811538       -14.351627482963231       -14.348942133499175       -14.408365354762150       -14.389958285951490       -14.383275495110709       -14.409773987168199       -14.470721466086456       -14.396120768959271       -14.409685299598937       -14.393680886932582       -14.402381276214737       -14.334369568964256       -14.393670918295088       -14.392699520381704       -14.389959554116208       -14.399245176368652       -14.407548046516464       -14.422499845199519       -14.424982468930654       -14.444134931996299       -14.395830917412626       -14.418427719001421       -14.417787196140742       -14.417261769707022       -14.391495355456279       -14.420155103093801       -14.415482383475535       -14.416033912232166       -14.411228716554810       -14.403993543555984       -14.410537595043991       -14.400649878087918       -14.401504881580282       -14.425670500596418       -14.403720642366233       -14.401566972033194       -14.403845607160832       -14.414283422074046       -14.406287190244443       -14.408872696485824       -14.408529404951381       -14.300189823655717       -14.475489493411658     
 PDF4LHC15_nnlo_100_pdfas         103
  -14.136196894622907       -14.263341026179104       -14.046428985304349       -14.307717129777719       -14.347308700780061       -14.210332554576020       -14.233191062227744       -14.223518113312931       -14.165674130629004       -14.209228313657981       -14.149265047041435       -14.101210616385028       -14.147202197282581       -14.436547699755682       -14.230356984357613       -14.254847624769099       -13.826296461662938       -14.282684023118254       -14.198288972071744       -14.015542832360927       -13.962848579310595       -14.225949986462064       -14.144250289839306       -14.352275656824578       -14.197583344573349       -14.152527783768202       -14.290515167060418       -14.010416021778250       -14.135025422754602       -14.144730376022096       -14.081550235282508       -14.075848265429752       -14.039456282741172       -13.972561876111788       -13.944494055617524       -14.241621499074807       -14.110343073564202       -14.185459126748500       -14.044910389725290       -14.157912062683319       -14.099447485757834       -14.087127318058595       -14.150263018138103       -14.139162488803201       -14.185225952296371       -14.143118103641489       -14.039121816587224       -14.157414640552354       -14.169763632366166       -14.176039266250079       -14.166365763524833       -14.135126148273994       -14.124087840943064       -14.020188557081175       -14.103266829277466       -14.222238003813015       -14.149144554005495       -14.126320353526655       -14.092806219121321       -14.119788372456433       -14.091772413228966       -14.157386080679689       -14.155134573201076       -14.177062427257971       -14.147332621932570       -14.053334428538287       -14.179085804792242       -14.146511927303621       -14.179143992176419       -14.196722004224608       -14.147495677211200       -14.140923238394695       -14.173470313093844       -14.066881805122234       -14.144252627640686       -14.142662210968153       -14.107054000636705       -14.123458992247118       -14.117732405262643       -14.122007943560682       -14.178789362367040       -14.132366474178632       -14.119269318313844       -14.139895041199676       -14.147995640319037       -14.132772913527514       -14.145989364885285       -14.118785385804362       -14.114730082460522       -14.138596319452477       -14.138801847104880       -14.117570498488128       -14.126712181861324       -14.127659134119773       -14.145409014536799       -14.146154138700497       -14.146908246722498       -14.135240559512347       -14.128327837370081       -14.126634723890444       -14.147183504131119       -14.082476025911816       -14.216041141099900     
 PDF4LHC15_nlo_30_pdfas          33
  -14.405884516450786       -14.660858353990154       -14.753200593671199       -14.413050287239230       -14.775163564965684       -14.157959169920295       -14.563465922658349       -14.411016366864374       -14.287866460692992       -14.463744009536491       -14.367972862159824       -14.166123123016714       -14.225446103295821       -14.358207506210654       -14.327001045857561       -14.239734596447473       -14.444019837339052       -14.200361748085676       -14.352602993361609       -14.321389868381299       -14.659416349624378       -14.466849243036744       -14.471649369911393       -14.434786499717267       -14.497059203035814       -14.387735174928757       -14.414850639015981       -14.302853116369686       -14.370396102045879       -14.327893275406598       -14.403754219462929       -14.300189823655717       -14.475489493411658     
 PDF4LHC15_nnlo_30_pdfas          33
  -14.135562794466804       -14.383055455655571       -14.251984049927149       -14.148117699893831       -13.780793217121520       -14.268008044699570       -14.141624402935513       -14.136043530740416       -14.240098295477853       -14.136874855542210       -14.161331221507483       -14.417986770866776       -14.148467776805518       -14.220787944850978       -14.217822798797959       -14.293158667721030       -14.206944135659528       -14.110207309853401       -14.187208900307011       -14.020464201534319       -14.169284343403140       -14.147028390867774       -13.824249200447362       -14.143889226058796       -14.032462800218086       -14.109514578535720       -14.115874111709854       -14.081829006337237       -14.006143713136192       -14.146918806907337       -14.225465837264659       -14.082476025911816       -14.216041141099900     
 HERAPDF20_NLO_EIG          29
  -10.524089139934823       -10.575033444981797       -10.473250446575642       -10.463762041281452       -10.584098290422340       -10.531344197414990       -10.516803547748161       -10.364334879972988       -10.680552649416365       -10.602354513059494       -10.445505231947600       -10.612776080024652       -10.431646610003378       -10.604044305623784       -10.442758897273112       -10.530937573585913       -10.534060416436899       -10.426370329645845       -10.610057103214986       -10.636427621970039       -10.417368354439937       -10.192253319003310       -10.861778265737826       -11.135524845651901       -9.9842856180884390       -10.502456933013800       -10.547298449444927       -10.521199038046735       -10.527792308094300     
 HERAPDF20_NLO_VAR          14
  -10.524089139934823       -11.028221008534581       -9.9712610443330618       -12.084456437067907       -11.609386690703836       -10.284913926479202       -10.761341108332887       -10.586129661178260       -10.437536509382531       -10.446511180220810       -10.558718410405056       -10.421704195221967       -10.642654366924949       -10.013606745387630     
 HERAPDF20_NNLO_EIG          29
  -10.519666445491978       -10.547037133222736       -10.484886978892231       -10.475260883429703       -10.556518414618179       -10.509668134470802       -10.522043160982951       -10.353893925709791       -10.674210783496985       -10.582688405472439       -10.448735008081833       -10.501019313466401       -10.530908361787718       -10.522546382561559       -10.509733765927940       -10.546958972272344       -10.498816778979386       -10.509324112332539       -10.522381400258821       -10.529724509402142       -10.502182660331833       -10.799691421244280       -10.234825808589941       -10.891262873885555       -10.173795007108879       -11.403352412740439       -9.7661893023714992       -11.115338799347027       -9.9770690877820520     
 HERAPDF20_NNLO_VAR          14
  -10.519666445491978       -11.130815868176377       -9.9517274357686940       -11.825875169429359       -10.841196984223394       -11.490779158723193       -10.852081476639157       -10.544004384454158       -10.228694739972488       -10.975309234509771       -11.700016491530713       -11.264349583889743       -9.6232978940677647       -10.521298336127231     
 CT14qed_inc_proton          31
  -14.307759434490688       -14.298330623827431       -14.289073301759839       -14.279866063507781       -14.270253186709231       -14.260676316045434       -14.251597610490508       -14.241895240611717       -14.232452114529341       -14.223379288457256       -14.214005738002482       -14.204137066059925       -14.195200940792745       -14.185761594349959       -14.176093241327825       -14.167313486865424       -14.157984260775825       -14.148256904651241       -14.138575829051103       -14.129835334159942       -14.120359838141209       -14.110697145233072       -14.101660849922258       -14.092006107934372       -14.082568615360803       -14.073551845341683       -14.064162341908252       -14.054546102251106       -14.045083377399997       -14.035952322129774       -14.026340861565199     
 LUXqed17_plus_PDF4LHC15_nnlo_100         108
  -14.086761246995989       -14.208514557422278       -13.995257264870350       -14.258449576510380       -14.295575477151267       -14.161095517417348       -14.186240824741134       -14.174935346299796       -14.116041224925834       -14.160855044434683       -14.099487164084444       -14.056992441861642       -14.099783906988510       -14.386760204731306       -14.177907216032635       -14.195614337844141       -13.785035497908245       -14.230440955705255       -14.146725654918848       -13.969138291446381       -13.918970459008531       -14.173442786065909       -14.093097433087678       -14.304216164628915       -14.146943876508780       -14.097948687695038       -14.235689030046965       -13.966226147310175       -14.086822816204958       -14.092772670983368       -14.030941358765595       -14.032150208787257       -13.989800256652028       -13.923572504716315       -13.896068393263896       -14.190562390782834       -14.061766807893116       -14.135900813154878       -13.995687393336985       -14.107260982798589       -14.050250010253349       -14.035616180017367       -14.099452149752405       -14.092260231734812       -14.134736913492592       -14.092063626931221       -13.991660279324384       -14.105305127534290       -14.121110862744580       -14.125393389798029       -14.116716412894997       -14.084857565580229       -14.074102427683354       -13.971923654367153       -14.054598937853051       -14.173283187241378       -14.098036983635104       -14.076877194001586       -14.045380725997372       -14.070380643437238       -14.042982637207547       -14.108280632389667       -14.105398861250887       -14.126678898516058       -14.098050566663160       -14.004170257510502       -14.129290144337396       -14.095834883096668       -14.129794248209130       -14.146743026161573       -14.097929202624000       -14.092246010508386       -14.124017749969180       -14.016913052190191       -14.095133135583918       -14.093177775628249       -14.058564994563074       -14.075263068357632       -14.069441050306612       -14.072199469508728       -14.128070599317322       -14.084023702421499       -14.070410790986237       -14.089925298386241       -14.098422568767869       -14.084000888769621       -14.097720463855449       -14.069376193276252       -14.065054830992239       -14.089572196245278       -14.089307502586362       -14.068095456128276       -14.077367355900407       -14.078061261270054       -14.095010562982329       -14.097155694535093       -14.096961449087814       -14.086037783370903       -14.078885958866508       -14.077776172491312       -14.097510778379231       -14.086739808280255       -14.086652742878357       -14.086777537115122       -14.086781080262138       -14.086811756496779       -14.086769055376234       -14.086689971842443     
 NNPDF30_nlo_nf_5_pdfas         103
  -13.729206383154978       -13.048345189549700       -14.201359707256007       -14.892156304975131       -13.741559574559059       -14.720549438081125       -13.013211119210258       -14.013117994985786       -13.238553332588532       -14.142526467481002       -13.284371452505535       -13.358519766397240       -13.451854579243566       -14.773395317915956       -14.335432742231324       -13.829806420902255       -13.894235971812375       -13.432888835389292       -14.462244612782641       -12.870011776521505       -14.451365765073426       -14.347762528755087       -13.204968489060949       -13.839506757983795       -14.843118106549788       -13.880960956776267       -13.183534365494605       -14.469234853996507       -13.736542199691211       -13.995424981802255       -13.928238562414121       -15.257832669811840       -12.934004099384850       -13.626993399086068       -13.472332349296774       -15.529644240606419       -13.545298025935615       -14.165211335632915       -13.273695713737535       -12.559538466946300       -13.768491868080620       -13.233274131739606       -13.413542555703007       -13.839270642905884       -13.708309442205941       -13.727406404397360       -13.314497414195388       -12.991233514208599       -13.404330234521288       -14.271576242456934       -14.382361469408689       -13.160729583397213       -14.038526383221575       -12.721150441127755       -13.933620730589652       -14.205590714601460       -13.339146630744342       -13.634358855957437       -13.778027996463614       -13.784000100108219       -13.542027112033566       -13.564097467519694       -14.091199067637989       -13.991875155586126       -13.458689483431101       -13.719501032556138       -14.941775865839311       -11.885254298199678       -13.587905492098336       -13.491062163634933       -14.077355614993724       -13.055495051396015       -12.112569560832725       -12.353657438083637       -14.262308172493555       -13.323317286190242       -12.914615477020945       -14.095632537782565       -13.377297622191552       -13.289033516789310       -14.473492244079287       -13.709365554574344       -14.199452252199833       -12.404126902621684       -13.850675250453870       -14.383054087847455       -14.056577614379336       -14.339140858188994       -13.192476594156439       -13.334073679473747       -14.542782665678169       -13.821417806522716       -13.962303392319143       -13.801933343997685       -13.425668024324013       -13.969198248694596       -12.765241248072769       -13.700302203473154       -14.250615990407468       -14.042425060084504       -13.996519524124992       -13.752061226724567       -13.738822390658818     
 NNPDF30_nnlo_nf_5_pdfas                                                                                        1
  -13.686134253707133     
 NNPDF31_lo_as_0118                                                                                             1
  -18.096930828402506     
 NNPDF31_lo_as_0130                                                                                             1
  -16.962891739707985     
 NNPDF30_lo_as_0118                                                                                             1
  -14.185026165403318     
 NNPDF30_lo_as_0130                                                                                             1
  -14.482735200622017     
