 scale variations:
          -1           3           3
  -9.7338617977263464       -7.4186727928599856       -13.209769517107114       -9.7315402849329846       -7.4167321214210791       -13.206892804580141       -9.6397307604183453       -7.3471055824459164       -13.081746911536507     
 pdf variations:
 NNPDF31_nnlo_hessian_pdfas         103
  -9.7338617977263464       -9.7206770976228771       -9.7611955301653115       -9.7407758617590545       -9.7833336583026611       -9.7298040538738100       -9.7038891649864745       -9.7274183455443115       -9.7452928859397616       -9.7972817053796160       -9.6937551079636375       -9.7249824956447064       -9.7896069195953608       -9.7419501034552951       -9.7801599153336678       -9.7480538185710035       -9.7627812764997746       -9.7011643031595511       -9.7186680515200603       -9.7469361715733562       -9.7329424401749485       -9.7631779934933558       -9.7384013484378009       -9.7227102568832713       -9.7353193466634451       -9.7289083366943938       -9.6707570527163274       -9.7160019489445855       -9.7676325989950694       -9.7404740380855905       -9.6558425162493400       -9.7817655620750585       -9.7986647374442430       -9.7479344625105355       -9.6786536867509358       -9.8686419532402976       -9.7869438837095579       -9.6914336919368438       -9.7840529713572035       -9.7004695913867351       -9.7457617261858509       -9.7430582840765876       -9.7561051933755909       -9.7063765067741130       -9.7656078209179000       -9.7024629540048402       -9.7313157087526196       -9.7066686539509366       -9.7536492792391911       -9.7550531653072543       -9.7409401756507030       -9.7604703396215786       -9.7058190058164016       -9.7284587130372540       -9.7542128312664875       -9.7271987997352696       -9.7422036410532673       -9.7382629450011962       -9.7897342215627159       -9.7294097257581278       -9.7120924304590375       -9.7390612209674661       -9.7216971752609869       -9.7102906218757710       -9.6809934950181908       -9.7553825379859962       -9.7439140429710012       -9.7460089751666601       -9.7414838426973542       -9.7506285955857148       -9.7167210210766797       -9.7118155066608782       -9.7207496188671616       -9.7494960101448687       -9.7431846720084003       -9.7481286817936326       -9.7363930948363926       -9.7261652563638012       -9.7454821708917105       -9.7120372646999851       -9.7466398988544469       -9.7451102301419219       -9.7470570375033034       -9.7401220252159426       -9.7355567630631707       -9.7341124587517740       -9.7443334698854649       -9.7135434783145005       -9.7357465314672975       -9.7342498050182993       -9.7101028998411749       -9.7076570030732956       -9.7391726719891984       -9.7324665714224849       -9.7353360836586216       -9.7307454594332352       -9.7396797319073141       -9.7354975965027410       -9.7142308188730730       -9.7427112651013381       -9.7518352249271150       -9.4430146462153459       -9.9973654259868425     
 NNPDF31_nnlo_as_0108                                                                                           1
  -11.012693502581779     
 NNPDF31_nnlo_as_0110                                                                                           1
  -10.832579663126021     
 NNPDF31_nnlo_as_0112                                                                                           1
  -10.604436248975786     
 NNPDF31_nnlo_as_0114                                                                                           1
  -10.485169274635993     
 NNPDF31_nnlo_as_0117                                                                                           1
  -10.160498543765115     
 NNPDF31_nnlo_as_0119                                                                                           1
  -10.124498754649485     
 NNPDF31_nnlo_as_0122                                                                                           1
  -9.8420377887279358     
 NNPDF31_nnlo_as_0124                                                                                           1
  -9.7157048296644533     
 NNPDF31_nlo_hessian_pdfas         103
  -10.475309649045062       -10.489264231896824       -10.458341028780078       -10.475001517459235       -10.533241281802916       -10.480346842775225       -10.473987115895238       -10.483807206133473       -10.457465578297654       -10.483491344224285       -10.412445132258810       -10.481066215903942       -10.515584111915869       -10.460714010947884       -10.531176051798209       -10.454290350379607       -10.493808443539674       -10.478059367680316       -10.490517575486734       -10.457034341725841       -10.476227095492437       -10.487861289877626       -10.470897112686107       -10.482069409131192       -10.494051829128402       -10.468686993405285       -10.459380483933082       -10.515088018343992       -10.497894463770962       -10.475467052259232       -10.452995330038286       -10.550076495233476       -10.391811922423699       -10.490749921784305       -10.461410674514244       -10.406084070541311       -10.389006111922477       -10.445266088235728       -10.417935254330633       -10.451092642722966       -10.446197047323349       -10.419447755293902       -10.443669064968278       -10.521872744214267       -10.420531173182392       -10.447807011888068       -10.449805545143388       -10.495419744725105       -10.476129785976568       -10.459588077954807       -10.528407329199380       -10.546778215800241       -10.478484841532334       -10.462150395102707       -10.493666249310529       -10.456991068091707       -10.469513003356134       -10.429012567646476       -10.434488638802986       -10.511023721549556       -10.520207244519080       -10.475655302780513       -10.470470551068955       -10.512438110978851       -10.472861501341255       -10.460993352858150       -10.493683102009038       -10.481297439769758       -10.473769210621882       -10.466291073507948       -10.438253894995139       -10.469745101981204       -10.475696631499169       -10.443029834790295       -10.471714196390966       -10.459496925794314       -10.459507740677575       -10.488274782066462       -10.489200224928387       -10.470052656141061       -10.472951858971783       -10.487639157886788       -10.472015464946972       -10.494477776985306       -10.456600552560307       -10.470492040017747       -10.476913411877996       -10.480884487990831       -10.460353338603500       -10.440393470509248       -10.483547497444624       -10.482714448497990       -10.452300355796282       -10.488198487529887       -10.486909867377667       -10.487372477622207       -10.464643601114446       -10.477171693424866       -10.483393986673812       -10.495732113187859       -10.455185968903482       -10.662387642247118       -10.346140869439388     
 CT14nnlo          57
  -9.6739280627457092       -9.5055835074771213       -9.5634417621403820       -9.4715765546985544       -9.6589891886867019       -9.5451449231482197       -9.5811787868589615       -9.4964710054536674       -9.6629301945248613       -9.7966906754524459       -9.5667942015506355       -9.7680799108951462       -9.4673342911651428       -9.6572910941321553       -9.7153238629058745       -9.7236909835815410       -9.4797084152256161       -9.8859390233817628       -9.4497376710399461       -9.7575784521933233       -9.5842547933746562       -9.6659333795878624       -9.6766014203972031       -9.7928369460481068       -9.5430960324702259       -9.7729907561491594       -9.5928262004774201       -9.5830857496020858       -9.8271924115870561       -9.5309170867506641       -9.7636686070895813       -9.8025324531867355       -9.4675262190654674       -9.6749745794610060       -9.6733941685032541       -9.6531017079466359       -9.6709251629653270       -9.8246202624022523       -9.5052203586651256       -10.002970109531951       -9.3478713966503744       -9.6722811039510344       -9.6823573333599651       -9.8280804443938923       -9.4898947015983541       -9.5757861164373015       -9.6692014098724322       -9.9352879893056318       -9.4612202688957794       -9.6517146840089030       -9.7779332798538423       -9.6687641017071631       -9.7651703234480429       -9.5716969076695371       -9.6305700340213960       -9.6180781603632095       -9.9328867633204680     
 CT14nnlo_as_0116                                                                                               1
  -9.7590381791221184     
 CT14nnlo_as_0120                                                                                               1
  -9.5876650264543652     
 CT14nlo          57
  -9.8892273181964789       -9.9492389785639332       -9.9129841174021429       -9.8281795443377860       -9.8182897033974506       -10.064603465694914       -9.8213416636575932       -10.041431794761589       -9.6595074544449471       -9.8095251082437951       -9.9186387236113074       -9.6693389709648070       -10.060365974167086       -9.7989285306282508       -9.8621390237617739       -10.202163872537030       -9.5225347639893858       -10.069605427277743       -9.6794074850509677       -9.9573924465810784       -9.8070625279441650       -9.9367029394591384       -9.7764910878294664       -9.8086995418973650       -9.9536150275629129       -9.7090217062221633       -10.031746401670866       -9.8269934760143887       -9.9686546610239919       -9.6621548080638551       -9.9681599317965102       -9.8134215291863303       -9.9845706212667764       -9.8834573756766329       -9.8994240592987790       -9.9132618500904783       -9.8793359789048445       -9.8291948228603943       -9.9224925091013496       -9.7157639404317191       -9.9524989528826460       -9.7716953301532214       -10.048995617037429       -9.9208092339521841       -9.8391764272750031       -9.8354798174939067       -9.7138139533570893       -9.6023727985692542       -9.8810752392309471       -9.6928947668704311       -9.8357779109569226       -9.8004804826603209       -9.7044695132646730       -9.7470995501223143       -9.8888181791774805       -9.8782191567454483       -10.075179650769188     
 CT14nlo_as_0116                                                                                                1
  -9.9644806594154183     
 CT14nlo_as_0120                                                                                                1
  -9.8052503624455607     
 CT14lo                                                                                                         1
  -9.5578576393626786     
 MMHT2014nlo68clas118          51
  -10.219380876262807       -10.164000691146850       -10.279015627665560       -10.221115912777059       -10.217964305848161       -10.188680121924465       -10.248498560231303       -10.186225552530678       -10.256228601949509       -10.143666665148801       -10.293636947111267       -10.201170035060157       -10.258901302593891       -10.181464383511670       -10.287272869093814       -10.236604247928057       -10.209497265381911       -10.126801907351689       -10.328362571753569       -10.151318798663972       -10.278190257022375       -10.257653557627361       -10.170088000421398       -10.109606168087506       -10.292987672351762       -10.170124968463014       -10.265217706878117       -10.234115677124407       -10.219149691744079       -10.241086201789647       -10.198062148025233       -10.302987513288219       -10.138829979329245       -10.159198701505662       -10.296529207491295       -10.232461356380750       -10.196958628574023       -10.209652699302397       -10.233827910617261       -10.192550009082170       -10.244483108006273       -10.080173682263604       -10.452718743621277       -10.275995718407653       -10.173788241496379       -10.171488694489563       -10.353821847048831       -10.250753913157867       -10.127107277437350       -10.238490891678667       -10.197216268040595     
 MMHT2014nnlo68cl          51
  -10.056048682404507       -10.001859289764171       -10.125655024299039       -10.025020029450532       -10.087194215443017       -10.063378176933602       -10.053066479202935       -9.9990003109028915       -10.113398075373114       -10.013874170071523       -10.096929582477697       -10.155359227294451       -10.013213084428102       -10.039903634167885       -10.075923982570835       -10.019299443868080       -10.095817611255555       -9.9342751288365587       -10.123894907359794       -10.078416206370303       -10.026191146207836       -9.9509767361883128       -10.129418932547233       -10.034323750249310       -10.077489527157088       -10.106122408658623       -9.9310824248306862       -10.072082808549133       -10.046498408572505       -10.018776566174143       -10.162722484042204       -10.124005172416952       -9.9255586323263305       -10.087137020073081       -10.016544300602060       -10.065686122043402       -10.054816344443969       -10.046800800823274       -10.071273365140248       -10.026402759538870       -10.072627873672307       -10.185976029196260       -9.8522937100256307       -10.064081148232630       -9.9835192499012706       -9.9704912528656049       -10.113161968904478       -10.172762083674378       -9.9994572630691447       -10.014256336193275       -10.046825106112491     
 MMHT2014lo68cl                                                                                                 1
  -9.5414325266291815     
 ABMP16als118_5_nnlo          30
  -9.7921458914002013       -9.7921369875374662       -9.7824816393866012       -9.8217605908214427       -9.7923730352175689       -9.8054769628760106       -9.7711247369786456       -9.8154030324070902       -9.7537941078322117       -9.7936213912781636       -9.8096809129992231       -9.7757874219647984       -9.8099930209874930       -9.8110132770351228       -9.7564754637429374       -9.8077702662681503       -9.7752466814098646       -9.7957542204280692       -9.7837730442886155       -9.8115711425102710       -9.8015116571722771       -9.7737063399359698       -9.7640596207179406       -9.7469838441683265       -9.7977297707030555       -9.8006010449931118       -9.8482766298851718       -9.7533013297930715       -9.8961194786284210       -9.7492569100245152     
 PDF4LHC15_nlo_100_pdfas         103
  -10.060900109432678       -10.069913429179275       -10.106219319646378       -10.137183911558331       -10.045356185614722       -10.024892828461910       -10.046092361333525       -10.073568959908251       -10.106256218769467       -10.063684729296305       -10.186849683714195       -10.002934771481348       -10.035232245838966       -9.9907407747591250       -10.015987635637639       -10.077603915367986       -9.9961989954155719       -10.140119138380753       -10.117864400311349       -10.008897267749290       -10.075787576096428       -10.055800400448069       -10.089664887686562       -10.131655516481800       -10.035115124532805       -9.9509419662184673       -10.024896376364735       -10.141210817449730       -9.9806262032872066       -10.065914443964500       -10.161636177749212       -10.031798441333130       -10.110622980687717       -10.125383881594168       -10.089952980668158       -10.114184632655256       -10.044000923990691       -10.079454195247949       -10.067058856096812       -10.092891109113069       -10.082447317497447       -10.083986202008161       -10.103030870567308       -10.039176640791469       -10.068891447072843       -10.104694069451213       -10.073432788736685       -10.030604907378837       -10.040994643214766       -10.051755530690095       -10.060973029528954       -10.060456829390695       -10.101771863614770       -10.045115377890513       -10.068515448892908       -10.065905601416786       -10.061447270699212       -10.054516486889005       -10.064242137862074       -10.004186579580431       -10.047066713383591       -10.102278964079680       -10.008759628884535       -10.022331872504511       -10.066348763463488       -10.058956608621395       -10.032932883643079       -10.072375330550527       -10.080253591410207       -10.072216118616204       -10.028815439632098       -10.073497306439075       -10.083016245876209       -10.067861239772549       -10.059558700958059       -10.053495117171627       -10.071917764035629       -10.053056454480499       -10.057497170381986       -10.090929534595665       -10.084309024455539       -10.057325817421285       -10.048381887278344       -10.049445098400886       -10.057944907861822       -10.065362064085271       -10.068730885040459       -10.061515765620111       -10.055570907001089       -10.058950644141168       -10.060914027425016       -10.058280990706471       -10.058444352094575       -10.052818139014100       -10.053210908641436       -10.053065727227914       -10.063559653763541       -10.064038022508532       -10.065831522924517       -10.070956800642527       -10.062157643128717       -10.113839187105381       -9.9749731179784238     
 PDF4LHC15_nnlo_100_pdfas         103
  -9.8609656297557375       -9.8911123907193232       -9.8847603395742958       -9.8361178942861969       -9.8956815915024361       -9.9118542767910540       -9.8335093851882185       -9.8345195414400823       -9.8683300576280093       -9.8598090236397695       -9.8164717850349099       -9.9373363190658850       -9.8274893109278914       -9.7992955006101141       -9.8339321853762041       -9.9747684689708205       -9.8368660950277853       -9.8485048894369651       -9.9487013291588049       -9.7630922363563712       -9.8193327907304813       -9.8836543813372248       -9.7594561679487946       -9.8364652571078945       -9.9046847527283788       -9.8714523199709099       -9.8419389210481132       -9.8483200647653462       -9.8397232806113522       -9.8320194921376967       -9.8593540144082681       -9.7639222266316708       -9.8498935825200871       -9.7685728093857644       -9.8021422462884207       -9.8987942939904467       -9.8914888689590974       -9.8548056202463723       -9.8579182779731518       -9.8982644309704266       -9.8214229444165841       -9.8481817965188103       -9.8281154443723455       -9.8522034060945458       -9.8439021891295191       -9.8780506065916871       -9.8254051615892024       -9.7776692659560958       -9.8422684453996983       -9.8669375319836146       -9.8630469159890968       -9.8514199841798593       -9.8603567964400618       -9.8809265644595019       -9.8474587355656276       -9.8748532785730294       -9.8990113202674710       -9.8375414452050052       -9.8509830122730673       -9.8439726183219882       -9.8773931548809486       -9.8449118969212233       -9.8567714089316176       -9.8708918786946143       -9.8233086151836915       -9.9353348914236204       -9.8266410247455145       -9.8778149163148363       -9.8990793213787853       -9.8674791520454264       -9.8575445025757791       -9.8700107016366569       -9.8886245965762711       -9.8548436360957581       -9.8675543618063966       -9.8540655451432837       -9.8540272515224192       -9.8669373967940270       -9.8419083975305455       -9.8342817198315871       -9.8801287523673000       -9.8666608975871473       -9.8651821061400966       -9.8615217071612360       -9.8528820493882332       -9.8550040954313811       -9.8645285970957257       -9.8492162074530842       -9.8656745931675633       -9.8622300703828483       -9.8595220877948346       -9.8572816988415859       -9.8543608050242373       -9.8630900004942355       -9.8491589780772149       -9.8611438139059242       -9.8657596822829099       -9.8613557399022369       -9.8551249448684857       -9.8557524151002962       -9.8603306929543919       -9.9637663288156801       -9.7608123870400352     
 PDF4LHC15_nlo_30_pdfas          33
  -10.061209371156025       -10.240633179504023       -9.9303330601911135       -10.059495134841102       -10.063341201717193       -10.166438890782745       -10.160985933269762       -10.065827641253097       -10.057487930214894       -10.059741168832065       -10.080478299884540       -10.042210053499401       -10.008367843463020       -10.048833535147834       -9.9974025212793336       -10.024709405923559       -10.068521158044780       -10.030984694003553       -10.033598697802301       -10.034729594626604       -10.159284588451939       -10.063686266661172       -10.080608870184205       -10.066460562878722       -10.120597972308300       -10.037686721128878       -10.072645351747376       -9.8713758029408059       -10.100270894868711       -10.066777089510877       -10.057484957893314       -10.113839187105381       -9.9749731179784238     
 PDF4LHC15_nnlo_30_pdfas          33
  -9.8612729309283438       -9.9032645055984663       -10.001128191426966       -9.8648777136202828       -9.8642864559550389       -9.8243955087346109       -9.8628509859295654       -9.8321322925996544       -9.8983960594567311       -9.7309234397531910       -9.8431076220550224       -9.9732790064080898       -9.8768530963889400       -9.9021332677220517       -9.8345387358523002       -9.9305004106778529       -9.8710579080611485       -9.8871352868443658       -9.8625205764358110       -9.8837979987546181       -9.8572231315163830       -9.8256608623659503       -9.9428547143136008       -9.8644025211660953       -9.8202450746299963       -9.8687550327189211       -9.6438199233615531       -9.8631152271313987       -9.8530920648931897       -9.8570874593296089       -9.8568119100988962       -9.9637663288156801       -9.7608123870400352     
 HERAPDF20_NLO_EIG          29
  -11.630914988393071       -11.650947718504954       -11.610905016303313       -11.603559010850271       -11.658166516300634       -11.657255093384595       -11.604626609592684       -11.576168130999045       -11.684495391137764       -11.689594748996106       -11.572235827593772       -11.657471965463756       -11.608316368394128       -11.637968021802287       -11.623758044678066       -11.623391772208404       -11.621939063132364       -11.688532880749039       -11.579569679957080       -11.588326832755108       -11.668608203861401       -11.833532495287072       -11.427577777635028       -11.588369107929179       -11.637192560518264       -11.495742064253008       -11.778699023641954       -11.450095590005189       -11.749420791420103     
 HERAPDF20_NLO_VAR          14
  -11.630914988393071       -11.689071072265264       -11.567532158132696       -11.696870272306489       -11.586963381874241       -11.591913441389627       -11.534757058086848       -11.590595429626680       -11.671386935564263       -11.529928313198983       -11.734944926498084       -11.679797513670378       -11.690308317058724       -12.261091671892316     
 HERAPDF20_NNLO_EIG          29
  -10.384596576503229       -10.398831203169305       -10.373883460780558       -10.359954056449126       -10.412752789395578       -10.399708659539767       -10.373000512737256       -10.332262053852647       -10.439367880354094       -10.417348700550017       -10.355710514376320       -10.402556172224932       -10.370350053838747       -10.368361988413776       -10.403770681561442       -10.372808362013361       -10.382222343291378       -10.325207603985101       -10.447321408119814       -10.436903510947195       -10.336743019148795       -10.185843189786207       -10.586076141628190       -10.205397880418806       -10.573449562962962       -10.350322796653229       -10.390248007409147       -10.302775078524137       -10.402392543228284     
 HERAPDF20_NNLO_VAR          14
  -10.384596576503229       -10.425113568190916       -10.372464172080402       -10.448082514998392       -10.367737544951357       -9.9962778438699207       -10.614145559626133       -10.355412134888454       -10.437873883443746       -10.321555285784161       -10.231970813040386       -10.400605431007246       -10.567152925069154       -10.813198570030641     
 CT14qed_inc_proton          31
  -9.7565905408509082       -9.7524511814148607       -9.7483345605095852       -9.7442046100350641       -9.7400844597068232       -9.7359544733250498       -9.7318457054877339       -9.7276987769901897       -9.7235920051646261       -9.7194545809272270       -9.7153289583334672       -9.7112211871337948       -9.7070844943329408       -9.7029780838133330       -9.6988487836161728       -9.6947351436316165       -9.6906166746444722       -9.6865115367652823       -9.6823719428653749       -9.6782669628272568       -9.6741329229262636       -9.6700320558548700       -9.6659118842455687       -9.6618007138605186       -9.6576818618386593       -9.6535779704642355       -9.6494490096738090       -9.6453490416575303       -9.6412379706896729       -9.6371211641710843       -9.6330028412019075     
 LUXqed17_plus_PDF4LHC15_nnlo_100         108
  -9.7589759228572692       -9.7874431753252651       -9.7817509982195912       -9.7350719973269602       -9.7933286621499782       -9.8095443912010385       -9.7330539778113945       -9.7335234292066986       -9.7663877213804984       -9.7582997248654557       -9.7150417203329482       -9.8357726757564876       -9.7264311770720102       -9.6988655041057932       -9.7318458283113269       -9.8690314582917011       -9.7363118353114508       -9.7461647480533813       -9.8454769270543867       -9.6630354241156908       -9.7189885238524187       -9.7805935721345811       -9.6584378495769574       -9.7347984247163311       -9.8014488726779465       -9.7681052264209036       -9.7389646031922830       -9.7475826940676793       -9.7385532795070411       -9.7299553196290489       -9.7568202712754175       -9.6639251281980147       -9.7474956377538913       -9.6670109151570340       -9.7004360057669192       -9.7964569317847747       -9.7891428283485276       -9.7530047545398659       -9.7558403139964565       -9.7954350786882447       -9.7197950419589194       -9.7460073283470692       -9.7259207174790401       -9.7511248597771196       -9.7418717643224504       -9.7757521522109094       -9.7240480893882317       -9.6757639574581145       -9.7406732107714262       -9.7648516997957433       -9.7614042896752995       -9.7494197399209330       -9.7582100863029364       -9.7788504961560658       -9.7458615656202330       -9.7728844998531201       -9.7964754519051898       -9.7358504364485601       -9.7495560755731283       -9.7424309061122933       -9.7755485573815513       -9.7431754369925940       -9.7546410254023730       -9.7685122795220583       -9.7218551603754726       -9.8326860220789900       -9.7249695139651973       -9.7756085546093701       -9.7968845810111560       -9.7651921794045684       -9.7553457616141053       -9.7680883497197382       -9.7862213868145318       -9.7529433646592967       -9.7656727831699186       -9.7520823728079318       -9.7524455641626844       -9.7652046651576754       -9.7402512068079421       -9.7325313751601215       -9.7776876865024018       -9.7649856446231524       -9.7634766906878774       -9.7595683126225641       -9.7507974610932617       -9.7532446774252488       -9.7627374025193863       -9.7472643972032511       -9.7633677876514078       -9.7599814842660919       -9.7573604876756370       -9.7550958455381913       -9.7523829090033711       -9.7610093606133113       -9.7472410035885613       -9.7592675248247556       -9.7636826050833019       -9.7594353738037558       -9.7531944764506733       -9.7537480946892128       -9.7584050639160402       -9.7589053776202199       -9.7585317687659927       -9.7590465081218287       -9.7590591472245514       -9.7591819330430347       -9.7590057326704382       -9.7586787525252401     
 NNPDF30_nlo_nf_5_pdfas         103
  -10.073148642475266       -9.1006277295765212       -9.7581457206738200       -9.9290787123363131       -10.106042349979125       -9.6368763190192155       -9.7806384153873704       -10.530336917850645       -10.125354853670814       -10.196882820981125       -10.242870430906125       -9.6446831986603083       -10.085767230869305       -10.385685083801222       -9.9188984138250902       -10.004582872400412       -10.309539093963618       -9.9996382499161935       -9.9037417403880674       -10.135804757236855       -10.686010507952918       -10.112056711215235       -10.240342827060450       -10.616521111701990       -10.519278441651815       -10.205790762448522       -10.248156633945593       -10.248653710156669       -10.005893358240483       -10.025829581368777       -10.478468893502475       -10.454124587142314       -10.086072076340331       -10.302640927945630       -10.039482856250775       -10.551941802129759       -10.226259371977312       -10.313491324341877       -10.166156524736774       -9.5956383269808931       -10.151852437866777       -9.5412096614146211       -10.082095053782810       -10.338617044316200       -9.9362914728265590       -10.184935801906690       -9.6498844614022641       -9.8386398634103003       -10.067183785167439       -10.321156316696198       -9.9177754418731343       -9.8635063212941052       -10.096592941851130       -10.581361651853161       -10.127246761242409       -10.219647615040344       -9.6594637554567750       -9.7384087537190052       -9.7416761974168793       -10.388038767592366       -10.268028830883718       -10.089049813171938       -9.9851728660652821       -9.9537171605156622       -9.6236146412492296       -10.286251650735405       -10.342726166664074       -10.400361393723353       -10.188516761766964       -10.383579200462162       -10.282392872951345       -10.125906495013410       -10.011378788882100       -9.0761102604367636       -10.114391769937653       -9.7535901700079144       -9.8981474585029794       -10.161026145387469       -10.174861420579267       -9.9702185440913382       -10.373165716832114       -10.061505854699449       -10.157404706114924       -9.9003634880258833       -10.062853876123926       -9.8497789202884043       -9.7834612193675543       -9.7688588959180542       -9.8440183931269232       -9.8977913919960141       -10.212657762095176       -9.9432984583291955       -10.649695282038637       -10.005131468564786       -9.8704426206961191       -9.7967654396729813       -10.265034200179288       -10.279100016064568       -10.336447966468951       -10.002913567433348       -9.8448170602252976       -10.098845183385160       -9.9838928125410007     
 NNPDF30_nnlo_nf_5_pdfas                                                                                        1
  -9.8159625681031617     
 NNPDF31_lo_as_0118                                                                                             1
  -12.568478985336872     
 NNPDF31_lo_as_0130                                                                                             1
  -11.666629745683775     
 NNPDF30_lo_as_0118                                                                                             1
  -10.684765494648550     
 NNPDF30_lo_as_0130                                                                                             1
  -10.301858784424834     
