   0.0000000000000000        0.0000000000000000        0.0000000000000000        0.0000000000000000        0.0000000000000000        0.0000000000000000        0.0000000000000000        0.0000000000000000        0.0000000000000000        0.0000000000000000        0.0000000000000000        0.0000000000000000        0.0000000000000000     
   3.9538947104591118E-002   4.8243684315300961E-002   9.7882988444402564E-003   4.0773976282297147E-002   2.7584768713045278E-002   1.7362390325369140E-002   2.9950945076535340E-002   3.9547445902052399E-002  0.15172937305650372       0.12307788917435129       0.16043218576465837        3.6245768472062082E-002   2.9887703852223339E-002
   1.6503540790758569        1.3206439309895224        1.3502228081386247        1.3843779664057190        1.5745032635796670        1.2380311813530038        1.3110169944359582        1.5473464447770291        1.3984225329827686        1.2655225154788323        1.3530255315190056        1.8580044343803777        1.2540344971882846     
   5.6863572878177004E-002   8.4438216909371797E-002   2.1592921735132144E-002   8.2549794571031065E-002   6.4546355908192202E-002   3.8767377814549170E-002   6.0768698465793594E-002   7.6004635651483868E-002  0.23430575440026008       0.16678422084278047       0.23537493099708626        6.6544712369480924E-002   5.9402919927011036E-002
   1.7665681812888383        1.3822796259857690        1.3261201590523799        1.3018043217029960        1.5498390874011179        1.4897993830344622        1.5989537146973758        1.5824215413536553        1.9176993405691947        1.5561133571077930        1.7587136715107989        2.0261281042783139        1.7462086085006072     
   7.0737801946664430E-002  0.11873077594143158        3.5866865838484245E-002  0.12504743346839881        9.1625585070523458E-002   6.4127723889154331E-002   8.8527942702338810E-002  0.10436162079389277       0.27441593251015839       0.18819245489694247       0.26709294326978961        9.6173067172667548E-002   8.9659002314633807E-002
   1.6177905027101085        1.6074565934884983        1.1622754329856420        1.3814936689389012        1.2290768969506169        1.5170447264268978        1.3065829237984203        1.2105585885008785        1.6327790553527926        1.2153826368000145        1.3892624797955451        1.4839259114741243        1.3518697674415037     
   8.5770521847005884E-002  0.14966113506419904        5.4071416218299556E-002  0.16587333302161000       0.12711359874090075        8.8933264542469803E-002  0.11749341283821568       0.13501900862607558       0.31009178087311773       0.20984363001488099       0.29201035653552243       0.12232111291021319       0.12226144647657416     
   1.8087611389766751        1.3897564876803183        1.2684260511189773        1.5428811519424963        1.6189434110490988        1.5239062139523438        1.2919107158585128        1.5339423138941533        1.6796153287753846        1.2899053296652687        1.4383766108471550        1.4462239133093155        1.5865223153133723     
  0.10826109712882130       0.18040532735038167        7.8464820475272978E-002  0.20040193493929803       0.16142882819195384       0.11166134430059158       0.15157343589598130       0.16240806553252984       0.34005493546986121       0.23156113233174214       0.31920940717078827       0.15398202696779426       0.16211569042433549     
   1.7814276116694108        1.4357572063212096        1.4200532539388886        1.5697504649038141        1.3151154401234939        1.2671572047869621        1.3677732369336746        1.3861049949766557        1.4733743299200888        1.7721920154882449        1.3143335162723213        1.6440220967356500        1.6663209201427813     
  0.18923320184218700       0.21203371332666393       0.10853865502468647       0.23448521730009714       0.19037427303921473       0.13433930156547386       0.18883686820638060       0.19322722101151329       0.36639301910720479       0.24849279266208463       0.34947438509963347       0.18127094118249451       0.19825081091824120     
   1.4807585574634063        1.3877551379033832        1.4503635343986911        1.3214993835648976        1.4132670260635831        1.1429781748267278        1.3267981990701345        1.3599076593298982        1.8497640894721881        1.4189154076617110        1.4591091307356341        1.4461894912894651        1.5479566379208349     
  0.28812728273930815       0.24226791689388538       0.14891636459862376       0.26350279553135558       0.22403109639087007       0.15834215890307043       0.22516273914335080       0.22962427229367516       0.39566887892603331       0.26675471641164233       0.37662549772634502       0.21417080307174585       0.23113293329694048     
   2.1258250579465154        1.4091391662539481        1.6696201624636560        1.3604973068511415        1.4174542865894688        1.4331941108583570        2.0321107795015783        1.5658200372624109        1.5672274880239432        1.5237722843894685        1.5080431824215832        1.5821074714014691        1.5021952176650080     
  0.36647819752534105       0.27342374743454545       0.20562534290341597       0.28859597898603540       0.25749023708248281       0.18392319590579409       0.25908009089947720       0.26556047409612954       0.42022937179540409       0.28677853390805241       0.40223815279229558       0.24327173191673065       0.26430463973141555     
   1.4255960415769364        1.5740171851317013        1.3753601789959420        1.4351987596667022        1.4511548243665848        1.4224991062788859        1.3647337984881756        1.4692939034188637        1.5510095784789202        1.3983802640085523        1.4340894433118976        1.2702512740082561        1.6012838987030324     
  0.43265972052640606       0.30497860428232654       0.24205838519121700       0.31410787105314242       0.29474113322482415       0.21045369545553028       0.29231168826688630       0.29742570691605486       0.44436358668304715       0.30486701121586846       0.43024173745385724       0.27022449520009018       0.29783361448486373     
   1.4012364818328669        1.4152688955093780        1.3359114035993793        1.2697945811355069        1.6643333132874574        1.4746538080813683        1.4329551244152339        1.6478444767641556        1.2723849625978272        1.8412659362218127        1.4470987051198916        1.2436115618586785        1.4589862447748769     
  0.47464853665758155       0.33296614586318640       0.29008531780323621       0.34287513122784008       0.32998955485171411       0.23633546440138989       0.32314296460676911       0.32985590674857140       0.47031496060072214       0.32158040589722986       0.46073709265817808       0.30060040328551013       0.32835818724908789     
   1.1792289351215903        1.2974392639508798        1.5222408892577048        1.5337820694015751        1.7474381556390743        1.5456334342318243        1.4266926057177232        1.3335874069306179        1.4332088893029493        1.3794303077095913        1.4555403727384397        1.4316573724793888        1.4032581921551324     
  0.52430586306693161       0.36143559386706886       0.34440724701085235       0.37308881217184720       0.36230915440801115       0.26616482014393678       0.35189882976892950       0.36327003228179189       0.49405913604552010       0.33826335556055898       0.48922971753282224       0.33303836709051593       0.36107279077905652     
   1.3793625305913269        1.2503791437979386        1.6572771559673094        1.4065043940212683        1.6334688199974814        1.6221048456010578        1.5697686147402281        1.4839536141535701        1.2602315606128234        1.4292965744396529        1.4203178462492057        1.4650390330772800        1.3866459647108091     
  0.56605022304357933       0.39002314143434691       0.39528863170196826       0.40266541532052641       0.39627987822481703       0.29743129699589593       0.37822215672593429       0.38907470514987691       0.51991629712067267       0.35593202412245695       0.51533841960248084       0.36461723793410128       0.39590452409181021     
   1.4454489763073317        1.6320662122192047        1.6815134302215631        1.4340050579890591        1.3459139023112388        1.2016508956694119        1.4481915137790451        1.1982947029724851        1.4167050564453949        1.5056460829593745        1.3839784236272630        1.4444284379007681        1.2492179080367787     
  0.60193741520274824       0.41824381155741130       0.43259091340097700       0.42988823874597804       0.42360350805809682       0.32799252729031825       0.40613371869361509       0.42241438091391581       0.54510035916190736       0.37395786993627689       0.54297412359434150       0.39361375361100359       0.42811532147842107     
   1.4148790691960815        1.3196140150799349        1.2577060112090828        1.6567578751506169        1.3411231714587544        1.7336649720621109        1.4202472601381910        1.2853798693180687        1.5128929921572611        1.2234495001742269        1.3894881764876108        1.4042600270383887        1.5770076958489649     
  0.63835813243322570       0.45255793106147996       0.47505346066171683       0.45992699359778644       0.45197667018662552       0.35975026583376207       0.43585125383099810       0.45125316583932235       0.56717482759146254       0.39323156091104383       0.57244850413575454       0.42419622721282479       0.45599882326843633     
   1.5054517963899641        1.3283283801409500        1.2602000362828145        1.4988834420960784        1.2886245653417818        1.6605064032952168        1.3019875714303006        1.4977277458936264        1.2480233635438625        1.2594256074497434        1.3648917168414127        1.2201229069454247        1.3400311034632595     
  0.66775089063448145       0.48666461600135036       0.54061049532035144       0.48672918566910689       0.48113379089287389       0.39090001561193521       0.46609942990723413       0.48724420203334717       0.58648349561480684       0.41134374956665026       0.60353023566620578       0.45809627409552489       0.47940698325086400     
   1.1344399136814929        1.4845950799241443        1.7036567840882990        1.3985826745466219        1.3602711468039972        1.4835969680179315        1.4468303236638136        1.7875424620100575        1.1792730724937870        1.6135349869228706        1.6320380707752820        1.7278512989221757        1.4795459933791553     
  0.69664379906996088       0.51141418856204524       0.59797778932864998       0.51334214012196389       0.51624891456747424       0.42698347817229548       0.49620748160307976       0.52323271368963631       0.60475882420164817       0.42973329513515562       0.63232736240632126       0.49170149118839407       0.50630352598077211     
   1.4843195541163370        1.4128382651571789        1.3626438630175848        1.3248616650609673        1.2514761220548030        1.4400064604038132        1.4082451172512940        1.4335399158017781        1.3287132432268280        1.4085344155814157        1.3284083072301665        1.3930352200512868        1.3671374251537909     
  0.72360359768754323       0.53853253214259278       0.65145773327173717       0.53685078888357218       0.54887578777198187       0.46517307855633422       0.52757264355178735       0.55711371953134059       0.62328656717165309       0.44883544480973753       0.65608488104612073       0.52123396256403098       0.53342975304534335     
   1.3103103457263179        1.4137505400238992        1.4532277431132508        1.4107619073799413        1.5772666380056437        1.2127508401384766        1.5516587646686895        1.5761498775282743        1.2766615125598326        1.6207493254452991        1.3379856848379330        1.2357870873845829        1.3695829158594104     
  0.74863807223307022       0.56454113026145414       0.70658527459687248       0.55854350814916554       0.57939335528675584       0.50261633873317224       0.55932515358903545       0.58672416579371256       0.64246915371255009       0.46929952061400704       0.68013707231268350       0.55140685481526308       0.56000153652659113     
   1.1743405338341633        1.2726321559319775        1.4763241532753306        1.3168790650001934        1.5189592146148401        1.4911780468802176        1.4166237792907859        1.2363071404004127        1.3316377526948020        1.5962365732918020        1.4007570241324196        1.6834803916489940        1.2977588449922859     
  0.77431578461928352       0.59302882857762984       0.75724799335829773       0.58245282220462036       0.60812871962305282       0.54367663656386367       0.59059415503133683       0.61804446338624952       0.66394984713375738       0.48671041340332255       0.70511536659093199       0.57505424171474362       0.58809098654308845     
   1.2814852434053881        1.6529482989082434        1.3905318097099293        1.3687691238657420        1.2966502912527285        1.5269006152180942        1.3892809181585228        1.4192284208132615        1.2152467678599983        1.5887047614813008        1.4571287878820631        1.2096728506472376        1.2868280915098695     
  0.79849201196509845       0.62862518042334425       0.80224092254125856       0.61025721682520850       0.63762782827005182       0.58256110396127336       0.62315095395478248       0.64432354672890246       0.68492596143774120       0.50353880750252100       0.73379808204889496       0.60569943767268264       0.62279043351339836     
   1.3566041155030615        1.5693467765433291        1.6388438457188255        1.2202322250186550        1.2669245858910587        1.6982019039391214        1.5435168022408419        1.2524121483147268        1.5160275960567848        1.4936386635558436        1.6634365872497758        1.4308799537838064        1.4833041336783030     
  0.82110644887392237       0.66477963855400912       0.84168112386788807       0.63770085139216515       0.66865767902309325       0.62096066040905173       0.65628155407733302       0.67067480750552910       0.70579540311523004       0.51963500461622558       0.76144664469301793       0.63287077535135750       0.66013849385369594     
   1.2423022542337656        1.7418263789634636        1.6774366892078481        1.2234751244132887        1.3433272370798985        1.4490571984611194        1.4566797440336474        1.5210687244657906        1.1853227066497380        1.3737976874115838        1.3630857295818055        1.4232494888372305        1.5057645112283868     
  0.84103223789961035       0.69917105199596818       0.86940239215757598       0.66595280956011194       0.70159315356338725       0.66099414266182677       0.68633853744365581       0.70178043468487350       0.72888906970580603       0.53440267271146114       0.78741895532251160       0.65776670335913956       0.69324168929531027     
   1.4769570231223168        1.5175177080595981        1.3474159745834415        1.6219047162432410        1.4540945835693511        1.6498538980232467        1.4319709370972966        1.5761782510993556        1.5948062655639794        1.2569309209303636        1.6293695793480256        1.3751379279071694        1.2470050043268746     
  0.85986531040700975       0.73018448765580957       0.89626036531847997       0.69545446306717429       0.72818914354336073       0.70046462573376977       0.71635533343838287       0.73259421106689282       0.75012353895406281       0.54932398676540317       0.81182288981109685       0.68418161936541599       0.72803816128318477     
   1.3080735046392196        1.4927501556858362        1.2409631016731064        1.5841374454672172        1.6322047988663930        1.5512377759868348        1.4268505694683775        1.6157763753192675        1.3396733850464848        1.2297807216004306        1.4953450895132028        1.4694322817444181        1.4951691144169321     
  0.88008878074197527       0.75932811201800554       0.91754463987769341       0.72055418827719186       0.76413799664887982       0.73889245985263130       0.74439018632793519       0.76384331951980877       0.77479589372985180       0.56675776064259187       0.83644701087675843       0.71059143006094305       0.76087434183139668     
   1.1178057784820734        1.2454547329994281        1.5355153866927187        1.3072128408983079        1.6495768998861424        1.2772886936735588        1.3605701407661790        1.6450262344876869        1.4530332709934379        1.3341555632540791        1.3446757196662567        1.3912538457551509        1.5100320637548861     
  0.90049531503323488       0.78921889177359361       0.93714081570352337       0.74810749161636592       0.79788321416439856       0.77579337831158113       0.77280523879001084       0.79858618866910802       0.79716434232127298       0.58449512579681873       0.85800255859445951       0.74165647502813525       0.79067615072712727     
   1.3301378218647910        1.3117518340022818        1.4580363334005004        1.4248760883688154        1.3019523830755140        1.4378317494958746        1.3397702216670009        1.3821322833448955        1.3846333497561423        1.2885193296346140        1.2869309951859140        1.2558268403451720        1.3386537766871407     
  0.91802541318567710       0.82055742093165007       0.95499777259879959       0.77387981945389095       0.83023904132807591       0.81100721396128495       0.79956685841558306       0.82855076163457364       0.82109651139916995       0.60417306330689213       0.88334949153702891       0.77801311462502010       0.81844220819393587     
   1.4523394169153556        1.2886125655792757        1.2583593766007439        1.5052516527153612        1.3705592260631316        1.1914096588988654        1.3442609730383912        1.3580272540690097        1.1329892379096038        1.6124978989908458        1.8631283182809366        1.2430169347717592        1.3363036397744879     
  0.93398853202287779       0.85493657772769294       0.96722635374537336       0.80131030429545080       0.86339483376159631       0.84665343638369850       0.83403987627958098       0.85846323605841457       0.84100831861036518       0.62674077768907765       0.90644563032287928       0.81728625401854571       0.84523358842835661     
   1.5322232467363393        1.6184252212676051        1.3739990080386904        1.2313766104350741        1.5436123458817335        1.3917813308444995        1.4467972983609210        1.3326514363564492        1.3188316569086613        1.4636536629709422        1.1818264794118445        1.4611763754461087        1.4453205649570842     
  0.94873991763295262       0.89037808892162329       0.97827861828431784       0.83361665101162896       0.88869263045162517       0.88024530320858818       0.86967955033580302       0.88647313138960437       0.86535305293119658       0.65268900965617205       0.92381708111941729       0.85919672741326070       0.87308391617767778     
   1.4249726719707041        1.4301700287489620        1.4726944560140498        1.4146525433359565        1.3781326888721248        1.5769728151203160        1.6654593240972029        1.2168271812597264        1.4575865999506952        1.3240205899861541        1.3243351751917378        1.4324419317518318        1.2199455627297100     
  0.96228537685160287       0.91884929478916899       0.98564994640044445       0.87208229833293027       0.91721025133510115       0.90812552254098045       0.90214149431342372       0.91797659983068269       0.89408649086273462       0.67409847379433374       0.94277217608734931       0.89958264198944837       0.90473220336642102     
   1.3890759201981042        1.8108441731626588        1.6010831429007739        1.6708671577910539        1.5546441211015407        1.4676312743679851        1.3136577752908862        1.5298366162513382        1.6749311877971003        1.4096924310821117        1.3823685425133210        1.5151511521565810        1.3670507117062127     
  0.97669084173774035       0.94921504846351434       0.99134829578641781       0.91551547828966551       0.94891158884064120       0.94174768638390483       0.93248529302373917       0.94598101572580950       0.92286641051825824       0.71575040219909103       0.96054325422812836       0.93356890968829553       0.93704579884937589     
   1.5299356858173510        1.3057864752310433        1.4544273558321812        1.6363832807339187        1.4509027734238074        1.4635372854478947        1.3738062855369588        1.4638270667701772        1.5400759014918364        1.7662488686429529        1.4109283645618096        1.4064856250516067        1.6017956149320618     
  0.98915161902018700       0.97610190954767651       0.99578658344732418       0.95690423928927548       0.97532798875828752       0.97386243696907204       0.96699746241631412       0.97327192294665488       0.95800154626287259       0.77014027775114702       0.97765728594056522       0.96618374929116113       0.96869539531169202     
   1.4501657548156215        1.3733568716419768        1.3593779482397230        1.8224843318437474        1.3083313932098988        1.3440655103251857        1.6099353467878426        1.3580226384959244        1.8130685250578029        1.3055697579822703        1.4703621514796490        1.3516551615248718        1.4528420043330055     
   1.0000000000000000        1.0000000000000000        1.0000000000000000        1.0000000000000000        1.0000000000000000        1.0000000000000000        1.0000000000000000        1.0000000000000000        1.0000000000000000        1.0000000000000000        1.0000000000000000        1.0000000000000000        1.0000000000000000     
   1.3937286770946828        1.4481600645306789        1.6265202707840023        1.5695570583329339        1.2941043564701120        1.2632918429822351        1.3962053510778154        1.3492744950477131        1.3735158110769847        1.4536505875564649        1.4294654179686892        1.2883445493828798        1.6435639305894725     
   11.980256047892063        4.2507858258225619        13.847791747122397        11.426605181081955        7.5189895152351136        9.8072153889959193        7.8269281059571902        7.9127648019439256        9.9202040685318273        11.113105588201149        10.318741257636074        5.0036313848720635        6.6414148200448784     
   15.168500141078729        9.2546898402237723        6.5783987089069473        10.496568851546474        7.3212871863249687        7.2857425322317741        9.4252525786831889        6.0248446419683290        12.448675407319964        6.6825494030995971        15.280058482452219        9.5911797830670285        14.070997881648484     
   8.4604595949365660        6.1499658504676002        2.8300361056108310        14.191756311769117        15.146609233980667        8.9141338475066068        7.2267543003889800        9.6095689589011695        9.4093197710630498        7.3890660993788657        11.079380707199796        11.730573033093771        3.9703455754127792     
   11.998929973765696        8.3168747295892125        1.5168449661906283        11.316695287211109        8.0308731068959709        2.8256929805750532        2.7204423013643217        8.6334919790981921        12.360605971019135        6.4760117306726359        11.087682855712572        13.738794705072911        5.4241174833261194     
   8.6348999994777245        9.9313773427487622        2.2162878501494805        9.6542605945450219        3.4910649180153457        5.9730214196005269        6.8273731396661024        10.771414186409853        7.3762626353823171        11.429174393943802        6.2965530311905926        6.8004762015681806        6.4439171555997321     
   7.8295294984092365        8.1750313008811339        2.3765897175766661        3.9796436220477194        8.0773940838989979        5.0349358338700885        17.987158216660315        11.055656677726649        5.4095892528907275        11.530154018387231        5.9780033972693216        7.4149443173550349        10.040372781252749     
   9.4872516321807030        9.8805526950800626        8.1840779064778815        9.7136719892491321        6.5497015841159598        13.369591052755748        4.8246098101735413        7.5237926428920456        6.7965803120518498        3.6961348843654922        6.2503726893237452        3.3051098031096533        9.7748809237935337     
   4.7576040816301504        9.4908970059271454        7.7760803209295313       -7.2280853832967225        7.1736402537347042        11.958198843640018        9.2993438316124184        2.3723736773876336        7.1638677724815922        4.9345977423861980        10.902141720300120        11.570264545568028        10.156555786028949     
   2.9715423561558887     
           1           1           1           1           1           1           1           1           1           1           1           1           1
   2.1682306073625077        1.1214921812943321        5.5560942810085482E-003   7.5330349988445073        4.4867916314434542E-002   6.1607843590656783E-005
   4.3591219433222660E-002   3.7353341883644982E-002   6.1935692047190658E-003  0.51309055270824311        6.1926980545505429E-003   8.2970739049595468E-006
   5.0000000000000001E-003   6.4239825580136918     
