   0.0000000000000000        0.0000000000000000        0.0000000000000000        0.0000000000000000        0.0000000000000000        0.0000000000000000        0.0000000000000000        0.0000000000000000        0.0000000000000000        0.0000000000000000        0.0000000000000000        0.0000000000000000        0.0000000000000000     
   2.1495410339516297E-002   4.1568320670351051E-002   5.8067057751183121E-002   2.2793055030741496E-002   3.2866089524739850E-002   1.9048590439011855E-002   3.5141234302463215E-002   3.1020657090517333E-002  0.21542149471157010        6.5701807015476288E-002  0.13917430723052437        2.2512703626420275E-002   2.1758321281547165E-002
   1.9440854844507354        1.3237307086024630        2.1233360315488161        1.5344259186274933        1.6825869328653504        1.5410622734613661        1.6570819581054967        1.4449265807447642        1.4394640505200289        1.1356110927865914        1.5001606293656669        1.9997475920996939        1.5167934981862994     
   3.5397707072359820E-002   7.7781570197848426E-002  0.12101991726218228        4.3246239466282581E-002   6.2348043156500027E-002   3.9494800392433457E-002   6.7387328040581396E-002   5.8880128027536699E-002  0.30895151258537151       0.10194271234768812       0.21950140793672596        3.7072129978339252E-002   4.5203892190973011E-002
   1.4336533437032313        1.5194800296002799        1.5664971751569372        1.5452221534959674        1.3843528822381983        1.5661989610345324        1.5481524076547388        1.3945263951861435        2.0538882346907386        1.4127594079837491        1.7798749708459543        1.4358003288834849        1.6196561902203457     
   4.8226473445888068E-002  0.10932766018512018       0.19877819672325231        6.3223890577623246E-002   9.2260313805252278E-002   6.0729182246211294E-002   9.9349657200456520E-002   8.7315613519759000E-002  0.34939050450311826       0.12586588623359760       0.25541566380932867        4.9960238796207909E-002   7.1054325537045618E-002
   2.2164252954294916        1.4495175975242356        1.4316228758275575        1.5208455809328434        1.4686504706024532        2.0164150529507778        1.5153610534132644        1.4763394941187564        1.8147005397439002        1.8521527963684428        1.6484128627195105        1.5140836479066713        1.3887085746290977     
   5.8452635988491916E-002  0.14005712902865045       0.29358645407564665        8.4092391189958426E-002  0.12184703380662326        8.3419183954542106E-002  0.12913299659660918       0.11495223643793963       0.38814288921790396       0.14364200470401586       0.28419988887882991        6.9330690360607738E-002   9.9802403244727333E-002
   2.0113179350731607        1.4688279188839122        1.4770015869067545        1.4552104866821560        1.5497164285016674        1.4375636264819378        1.4275595304404050        1.7568065359429197        1.5546507555607962        1.6482295797822606        1.6009465169055703        1.9352200819870706        1.6771105616978492     
   6.6105033286814552E-002  0.17111968180370460       0.39396443611502513       0.10690461679207915       0.15081491018741780       0.10679509127691586       0.15707739544707949       0.14284177573001242       0.42031593269998585       0.15835283534825578       0.30949351293419514        8.9674235508983804E-002  0.13319177785218569     
   1.7994886973783530        1.6326655227649063        1.5142750822749036        1.5991268079687788        1.4550366717967369        1.4405064495173094        1.3937910743134505        1.4643336985009430        1.4560068818106655        1.5113839779218481        1.4672983715722578        1.9465592017237061        1.6390068174881105     
   7.5207624374996923E-002  0.20552221321221478       0.47900151079505593       0.13187082790232391       0.18680668162167247       0.13349982966908450       0.18757723126868095       0.17179275302460859       0.45088101333120856       0.17515528098724381       0.33348032329118388       0.11159248140085980       0.17064096750872054     
   1.8584452405673961        1.4973848265352609        1.5797376302383797        1.7147033428564580        1.6131091895209175        1.9634001283701474        1.8466207785930686        1.5675905491875222        1.5525019505700937        1.6580107729037203        1.5304401373900438        1.5931766094631576        1.7139676172569571     
   8.4176046544826411E-002  0.23548016813195899       0.54777620770536350       0.16141726257860495       0.21946711254924781       0.16098637717203534       0.21930129591688574       0.20004043370153698       0.47798073373600791       0.18974872246804272       0.35720649962208817       0.13348333081752733       0.20053446052614107     
   1.6313967992802425        1.4980513947082135        1.6567315154000772        1.7135074319079269        1.6609227210656574        1.6736227243293926        1.5789764923497835        1.4815678342968013        1.4070654051652896        1.7079194996727072        1.4903857312073328        2.2549067852045170        1.4746061516190061     
   9.5153674056808565E-002  0.26554289895136440       0.60464115650211503       0.19456021093304454       0.25212765913560953       0.18783205696249544       0.25113627079216849       0.23237442050124441       0.50132020878169770       0.20316812388567351       0.38108621621812044       0.15681038064926014       0.23546731090597542     
   1.9033962918991236        2.0241000537828593        1.3222993277964343        1.8304339276513908        1.8189675216460546        1.8023588845910046        1.5275403003821977        1.5769517594937830        1.6113726590641093        1.5332160097796670        1.4445613782569178        1.5153700719495229        1.7221758552282576     
  0.12823065290176783       0.29697674759500281       0.65107751627282451       0.22674493067781901       0.28564995913470165       0.21704479737586638       0.28342587647801476       0.26304089823271737       0.52103714348630270       0.21637977077071097       0.40405356791527869       0.18391886218419093       0.27156472905665879     
   1.5957714996149797        1.4909894265436323        1.5768060718776271        1.4602436861469661        1.9790991560653490        1.4808887758588021        1.5586654182761130        1.4881428136236485        1.5521705662224921        1.5478606470994090        1.6543852121951759        2.0197340805902289        1.9319725983065841     
  0.20482359728293217       0.32764747728210086       0.69380806172917375       0.26402756333597849       0.31867776723260527       0.24817504837629820       0.31606127857729621       0.29342795599375771       0.54215957853584573       0.22953115660185755       0.42712079270250675       0.21558603947724334       0.30822662282625213     
   1.6991448039651051        1.6020286327864020        1.5680167669857330        1.6058259302559854        1.6754370412834965        1.4814709554888454        1.3849222061009989        1.4412712895191497        1.4508072488729256        1.6279914445651165        1.4048629812890581        1.6396337280636588        1.5304822964307012     
  0.28257106359257234       0.35461750010120668       0.73481984351510110       0.29888333232912090       0.34902595797230535       0.28355590727646351       0.34768802569846524       0.32529544764360929       0.56653601758307204       0.24289123548465386       0.45019804178013195       0.24665405064002327       0.33934509495332527     
   1.4313398132209521        1.5183125995031750        1.5014502892932220        1.5902621496727243        1.5161620497697295        1.6864371508421621        1.6132879178912829        1.5389405973841999        1.5828631512236173        1.4482972222538184        1.6553454832429038        1.6005448577080787        1.3909809729252540     
  0.34923396475442903       0.38032752563069949       0.76625275641949175       0.33818097122056134       0.38177614060040721       0.32114541650820211       0.38155894452097322       0.35875214180939352       0.58975736243059695       0.25622445749970724       0.47648650198944686       0.27593571157410107       0.37511829167025523     
   1.4370818820182647        1.2608948672585267        1.5096178472781618        1.4470761549762428        1.5157064154008231        1.5806064215492286        1.5792828072645866        2.0235467036724724        1.5157510153813953        1.4411709468334950        1.3924010401349876        1.4339837145529135        1.5308095366530714     
  0.41016211046619089       0.40645805978930760       0.79819442757176906       0.37528190975812270       0.41337707813918884       0.35714028293701466       0.41566635171029520       0.39370750626221640       0.61261945303901455       0.27005086100480674       0.49984296250060595       0.30198796378919485       0.41015026068723870     
   1.7869595087354564        1.8529148654652565        1.3091495047256254        1.6169521243034941        1.7286589192040340        1.5966370336780402        2.0180484038715765        1.4925567718210910        1.6084820716678114        1.7344343589948377        1.4255546826566368        1.4629566607042808        1.5055042321085486     
  0.46288170093424708       0.43010026109776139       0.82321203867279924       0.41378295868510406       0.44655042986465698       0.39557643894790717       0.44646509284072033       0.42922367838552744       0.63424985943342460       0.28513302497856169       0.52451041312077784       0.32863112730388766       0.44360137934555582     
   1.5429684128464636        1.4403417639513432        1.4932181427378965        1.6249542533066945        1.5731277423793930        1.5557999494617987        1.4215843524078524        1.3972350364993138        1.4258284867269342        1.5362354978218293        1.6113673312650449        1.5875030141488868        1.5775162305973276     
  0.50932968967633396       0.45934445248416267       0.84277176809376808       0.45201654600979402       0.47225771773420594       0.43005404614962117       0.47733361100222654       0.46398552068053922       0.65487339878989470       0.30184737624525793       0.54773952140187043       0.35750674414290412       0.47492720652329856     
   1.5092506199753712        1.6479398569406511        1.6266036962751063        1.5688172645821747        1.4784954625281417        1.3480955345901799        1.3611768683085435        1.4981116885771073        1.7181498932071166        1.7690421823512308        1.4693547077033913        1.4187522639557710        1.4576264921426889     
  0.55258597716899016       0.49395947062916801       0.86265855624367749       0.49190531690155409       0.49612379251213828       0.45914256870511710       0.50323341156354384       0.49538873856421611       0.67497631514084988       0.31723329146275975       0.57080482158251133       0.38733362231299834       0.50562467603241346     
   1.3835675958969633        1.4932364117847841        1.4724096741285613        1.6696326404123938        1.4896055793044809        1.4404728316593807        1.6946575179832479        1.7381094959624206        1.4172326038166980        1.6445809906241609        1.3701793492205852        1.5696764066263611        1.5375430224286191     
  0.59411931563335107       0.53089099994208810       0.88039487393222848       0.53619676520257420       0.52381999044133665       0.49397583856336896       0.53160341894941887       0.52622462089606403       0.69649254856900278       0.33435688076748143       0.59166628425766332       0.41752088508315532       0.53449949502151295     
   1.6150705519569777        1.5975166428415861        1.5104528804513577        1.2680537545074566        1.3474316266628714        1.5031110469626372        1.6709481770135142        1.6712818466162112        1.4703901804180999        1.7633577305903110        1.6256517601063256        1.6832449224124024        1.5972261305916935     
  0.63156141640075858       0.56626015525405360       0.89686156736555644       0.57888376204523262       0.55272421866438048       0.52957479231288906       0.56016410852030429       0.55364931651923932       0.71884257880472857       0.34797305233387549       0.61465604494353232       0.45332990439552712       0.56091633813915132     
   1.5179699042964918        1.6879700790217438        1.3692511553573821        1.4844254754884272        1.7295037278139342        1.5238093826269747        1.6477981673629767        1.3787878148386614        1.3674264800204912        1.3888968581274665        1.5049133773042629        1.5499012740356075        1.4491631030678631     
  0.66690526893552526       0.60002852290880881       0.91148128496459879       0.62179573101075925       0.58850791188698770       0.56064012234938265       0.58939750101368638       0.58872660779301689       0.73928211203762140       0.36862490981846924       0.63954700153118083       0.48389427782791100       0.58860196122013342     
   1.5344505799592929        1.4756734428923368        1.6510537834726111        1.4763676403206976        1.8869685164470691        1.2269911629532464        1.9197265547258386        1.4507095854880903        1.6197824136266750        1.7373500599221534        1.7595926111982727        1.4973468366289431        1.5496194102835246     
  0.70093851081671510       0.63427651360315362       0.92460216328359623       0.66434191135996679       0.61432557739544869       0.58610404339206068       0.62150019149236690       0.62045649749633036       0.75966344635989713       0.39131261841437814       0.66643962348575636       0.51290674872349418       0.61815167284682515     
   1.4034024930462803        1.5919595069162518        1.4566210186781683        1.8373798505578838        1.4442098277492881        1.3674427009131571        1.3417524285323246        1.6762974832104776        1.8901623209798122        1.8673262520507410        1.6787742499704192        1.5796110641564749        1.8753565085114954     
  0.73338763569873100       0.66800124648153136       0.93640231848749067       0.70351670764888941       0.64878726017625199       0.61584423042534353       0.65458162012078847       0.65091633206577482       0.77846833478331690       0.41131494034110266       0.69107202737909623       0.54180678695514473       0.65029103307711422     
   1.5842120712312626        1.7854276977488517        1.3348513406119791        1.5530470365183633        1.5564813896746983        1.5116714762341881        1.5321780223744059        1.4315427166066637        1.4457600991218806        1.3199532166949948        1.6547680898187254        1.4133826432647265        1.3259514807100965     
  0.76462257817337087       0.69899032675238570       0.94589861197831793       0.74058048278312605       0.67618985385992059       0.64679591238667411       0.68463277173317605       0.67908592341641105       0.79856196004381186       0.43215003161921645       0.71314189752418267       0.57188105922859167       0.68091894321199964     
   1.5820828498089368        1.4337723367554682        1.5262686794837872        1.3622082745810447        1.4020263924133358        1.3563255588897583        1.4135799276972514        1.5774768342994301        1.5298560718335781        1.5675189888732115        1.7900377110017092        1.4181913925593674        1.6510474312639820     
  0.79411423186034003       0.72710624330456053       0.95386265142635951       0.77342638003955222       0.70794712899566126       0.68252650363682488       0.71820203501938051       0.70624166775832475       0.81708365221371682       0.45304279758086702       0.73703520845942072       0.60434346447167231       0.71187373953747990     
   1.4400606600690715        1.2379195034560870        1.3948985260189606        1.4135228366541683        1.4125281162889987        1.5948114673007137        1.4953418916921111        1.5312178950421034        1.4653782610557411        1.5263077556389817        1.5918746037875129        1.3970041368444153        1.5189232584158210     
  0.81814854316283148       0.75775253274281817       0.96146536846979824       0.80381464765659028       0.74456138050207321       0.72500416165341786       0.74914665542096448       0.73420279493463225       0.83726185581874213       0.47729450368307530       0.76566638061147796       0.63872414872255412       0.74800866975122249     
   1.3388607189292387        1.6254673688251577        1.5865031321043037        1.3244145951349870        1.6217291628559707        1.5336501719190201        1.6628313051531964        1.4370510127063643        1.6967075687360509        1.5915290074311743        1.4995490057710990        1.4887134955498562        1.7929070944955658     
  0.84205620254185309       0.79022573755870051       0.96830780817551099       0.83322753405861483       0.77460136527386547       0.75888355460143642       0.78305780456443119       0.76099817619886678       0.85622501608073431       0.50203812484244836       0.79353390703325799       0.67325255522209559       0.78038189632207489     
   1.3624878273835874        1.5222627325236686        1.8688196074591494        1.5664072237164399        1.5567794019331580        1.2743146721229357        1.5842580334384142        1.4869063014239183        1.3959889478681036        1.5414804260148107        1.8973013408553667        1.6214145282722932        1.5550788613166724     
  0.86267938631899366       0.82080466603566427       0.97471745888584338       0.85912779843899878       0.80550004395326946       0.79259173961885154       0.81638020061733785       0.79533831202880245       0.87635726408574810       0.52927074583645295       0.82308489260053275       0.71149202409929257       0.81369555939596327     
   1.3123643203077278        1.4537490911633439        1.6221563059678787        1.5138269456256426        1.5366937887940544        1.4579135769035831        1.4354582772825550        1.5948820288847816        1.4852560861871533        1.7823157645991865        1.8030456443941469        1.3082228348610663        1.3389840946318139     
  0.88330021166142314       0.85166124611240090       0.98105961191564917       0.88432908890592465       0.83824844780439922       0.83031703902938769       0.85016920417832598       0.82898947577088722       0.89489498225568820       0.55313304410196251       0.85218692749853309       0.75467900651395137       0.84161771962577658     
   1.3347349385457981        1.4560498625781892        1.5823380332614796        1.5676913031099511        1.3610466804359642        1.8428006720106989        1.6491721987698218        1.7464467476611789        1.7058570938651989        1.4014450537095284        1.6238762492284478        1.5999956378405962        1.5005756486964301     
  0.90695839665486633       0.88422414541376504       0.98690463424990293       0.90677220510206413       0.87432014758529941       0.86818103632049926       0.88822171711000153       0.86360191022808519       0.91397519879555011       0.58567061149443334       0.88181599533700183       0.79828523249169914       0.87511924813962361     
   1.5028454354170830        1.8629568071479026        1.8874541256217974        1.6013641141174246        1.5890808865335755        1.8156375894714181        1.7231606731088220        1.8480563573331921        1.5576663796749626        1.5682037184723754        1.6342293443012079        1.4580647926508186        1.5378976714346528     
  0.92954247613045216       0.91240942244456624       0.99181275844866990       0.92810591814456189       0.90797426723267749       0.90607380810349558       0.92509233878487673       0.89901093722161596       0.93261271568990134       0.62875918606195391       0.91321749162151755       0.84646422196228499       0.90740372007481684     
   1.4687465972766098        1.8061202768131390        1.4754822788494319        1.6196545629100962        1.6439922320831493        1.4428666331984410        1.6218321778751661        1.6102260427358961        1.5206997359142140        1.6262206711444733        1.6578821683381719        1.3817654751544428        1.3634104048759688     
  0.95071389472584045       0.94614306181557761       0.99555266046152180       0.95255695481060920       0.93929713696688044       0.94030156406279397       0.95200107352997732       0.93320278599611595       0.94877354292339855       0.67294237178987060       0.94014068162140918       0.89554645342367589       0.94058505375006252     
   1.5290632669384074        1.6787484621692474        1.6479254694061762        1.8279106754847816        1.4240772892236371        1.9443587626410987        1.5570038669501955        1.8731042649066223        1.7327370673190403        1.3906365567630830        1.4233158491323483        1.3895242592289312        1.6479934494825479     
  0.97280616433782241       0.97487225759242047       0.99790328905126480       0.97753672546260995       0.96943579618584663       0.97263676136226829       0.97684928820456252       0.96639388571200069       0.97037192927188365       0.75185788253363373       0.96742477641397295       0.94635388838178858       0.97204996393189702     
   1.4359835924912117        1.7258307298957016        1.7763982638038793        1.7391258235631479        1.5130607784682217        1.9300745293984536        1.5077984321887303        1.5679596406059506        1.5214511137394742        1.5536151567318619        1.3750636322151999        1.3852356685982032        1.6059968167117638     
   1.0000000000000000        1.0000000000000000        1.0000000000000000        1.0000000000000000        1.0000000000000000        1.0000000000000000        1.0000000000000000        1.0000000000000000        1.0000000000000000        1.0000000000000000        1.0000000000000000        1.0000000000000000        1.0000000000000000     
   1.3585373227381947        1.6998469675629504        1.9585088925715193        1.5988901061420557        1.6639041107366839        1.5207719108034332        1.4095206035996999        1.6211163818657703        1.7223458264909421        1.4962456588913455        1.3074755463868835        1.3999457415363716        1.7462440214998078     
  -14.961717393832187        9.6247920045799145        3.5585611032271123       -12.602978715236477        7.8998773989053452        14.915182367747997        6.4556653818669023        13.387664738114500        21.675555532664944        5.0799451089379000        13.265549293785178        17.411102702923341        6.6603696532199841     
  -12.014594846016079        5.0548929306499080       -3.9043824903835485        2.9330192214586250        11.836487352565403        14.392197212002634        4.6789807963341206        15.172408006043634        26.356293374935440        8.3036694440487047      -0.20927991978088578        4.2641358537274598        5.2696041949428594     
  -13.912980062629272        7.8407952828513938       -5.6171366118690420        10.076844087082208        11.427972806962307        1.2034532066524646        6.4034422375809221       -2.8073766382921339       -2.0782059171296341        5.5148929998791969        2.2191186692369955        3.8468747094610212        7.6330118566482899     
   6.1506548581813583        12.297352226167447       -5.0035804776505080        27.496946820726500       -8.4451148019005107       -3.5080993626561816        12.738933452545512      -0.79489671017017738        8.4654448843628938        7.0128641483800420       -3.8611055102042982        2.7040137580417039        12.105704172627103     
   1.4835220518623826        7.0939533246265425       -7.8273510647096840        18.724486223564899       -2.1080161329263163        2.4932091396349616        13.372676094940125        5.6449895574968156        4.9597845331579489        6.0496674098440355       -5.9583599384099974       -2.5915235704060864      -0.65636866165559682     
   5.8172607503719007        7.1937678969659276       -18.564347610607790        11.168969717709807        10.127916698347992       -7.9160897947414322       0.31625511919427879        6.1181914842653358        5.8375771822134981        8.4706331166360069        6.3784844784309076        1.9693368378391369        10.216824733397738     
   12.923425945309388       -5.6573568139090291       -7.8056381400535422      -0.29917513422496445      -0.13912654470014241        4.4927054301548397        4.5892577700605459        1.1068540868025285        2.3281042269973984       -1.5606494058695362        3.2667189022513483        9.6318788201963663       0.56093563880073649     
   9.2212501721256270       0.11758243215271502        12.559846390625438       -6.4087917367001150        12.632535415941796        12.060417749525437        3.0128932550033536       -3.3845205254582709       -2.0696416272389815       -9.6509149266546483        15.246297300349665        8.0466732143059794        9.1589343224606345     
   6.7887737252941376     
           1           1           1           1           1           1           1           1           1           1           1           1           1
   4.9802513632261789        1.4458394573041973        2.6263676690024867E-002   8.2515924049541702       0.14484153075826969        1.1671164858905176E-004
  0.12852032879214942       0.12084821917715531        2.1538447236443346E-002   1.0507226770714775        2.1535460789546851E-002   1.5426329116600500E-005
   5.0000000000000001E-003   5.1138534074416766     
