     
 Soft #          68
 
 part:           1
 comp:           0
   1.1110793297318675        306.93566483842841        276.25000000000000     
   1.0100982590850283        279.03964407223907        276.25000000000000     
   1.0010007296116625        276.52645155522180        276.25000000000000     
   1.0000999828986994        276.27762027576568        276.25000000000000     
   1.0000099973901364        276.25276177902521        276.25000000000000     
   1.0000009997300172        276.25027617541724        276.25000000000000     
   1.0000000999729117        276.25002761751688        276.25000000000000     
   1.0000000099972906        276.25000276175149        276.25000000000000     
   1.0000000009997287        276.25000027617506        276.25000000000000     
   1.0000000000999729        276.25000002761749        276.25000000000000     
 comp:           1
   0.0000000000000000        0.0000000000000000     
   0.0000000000000000        0.0000000000000000     
   0.0000000000000000        0.0000000000000000     
   0.0000000000000000        0.0000000000000000     
   0.0000000000000000        0.0000000000000000     
   0.0000000000000000        0.0000000000000000     
   0.0000000000000000        0.0000000000000000     
   0.0000000000000000        0.0000000000000000     
   0.0000000000000000        0.0000000000000000     
   0.0000000000000000        0.0000000000000000     
 comp:           2
   0.0000000000000000        0.0000000000000000     
   0.0000000000000000        0.0000000000000000     
   0.0000000000000000        0.0000000000000000     
   0.0000000000000000        0.0000000000000000     
   0.0000000000000000        0.0000000000000000     
   0.0000000000000000        0.0000000000000000     
   0.0000000000000000        0.0000000000000000     
   0.0000000000000000        0.0000000000000000     
   0.0000000000000000        0.0000000000000000     
   0.0000000000000000        0.0000000000000000     
 comp:           3
   1.1110793297318675        306.93566483842841        276.25000000000000     
   1.0100982590850283        279.03964407223907        276.25000000000000     
   1.0010007296116625        276.52645155522180        276.25000000000000     
   1.0000999828986994        276.27762027576568        276.25000000000000     
   1.0000099973901364        276.25276177902521        276.25000000000000     
   1.0000009997300172        276.25027617541724        276.25000000000000     
   1.0000000999729117        276.25002761751688        276.25000000000000     
   1.0000000099972906        276.25000276175149        276.25000000000000     
   1.0000000009997287        276.25000027617506        276.25000000000000     
   1.0000000000999729        276.25000002761749        276.25000000000000     
 
 part:           2
 comp:           0
   1.0000286040594875        276.25790187143343        276.25000000000000     
   1.0000027235132394        276.25075237053238        276.25000000000000     
   1.0000002711180225        276.25007489635374        276.25000000000000     
   1.0000000270995915        276.25000748626212        276.25000000000000     
   1.0000000027098370        276.25000074859247        276.25000000000000     
   1.0000000002709826        276.25000007485892        276.25000000000000     
   1.0000000000270983        276.25000000748594        276.25000000000000     
   1.0000000000027101        276.25000000074863        276.25000000000000     
   1.0000000000002709        276.25000000007481        276.25000000000000     
   1.0000000000000271        276.25000000000750        276.25000000000000     
 comp:           1
   0.0000000000000000        0.0000000000000000     
   0.0000000000000000        0.0000000000000000     
   0.0000000000000000        0.0000000000000000     
   0.0000000000000000        0.0000000000000000     
   0.0000000000000000        0.0000000000000000     
   0.0000000000000000        0.0000000000000000     
   0.0000000000000000        0.0000000000000000     
   0.0000000000000000        0.0000000000000000     
   0.0000000000000000        0.0000000000000000     
   0.0000000000000000        0.0000000000000000     
 comp:           2
   0.0000000000000000        0.0000000000000000     
   0.0000000000000000        0.0000000000000000     
   0.0000000000000000        0.0000000000000000     
   0.0000000000000000        0.0000000000000000     
   0.0000000000000000        0.0000000000000000     
   0.0000000000000000        0.0000000000000000     
   0.0000000000000000        0.0000000000000000     
   0.0000000000000000        0.0000000000000000     
   0.0000000000000000        0.0000000000000000     
   0.0000000000000000        0.0000000000000000     
 comp:           3
   1.0000286040594875       -276.25790187143343       -276.25000000000000     
   1.0000027235132394       -276.25075237053238       -276.25000000000000     
   1.0000002711180225       -276.25007489635374       -276.25000000000000     
   1.0000000270995915       -276.25000748626212       -276.25000000000000     
   1.0000000027098370       -276.25000074859247       -276.25000000000000     
   1.0000000002709826       -276.25000007485892       -276.25000000000000     
   1.0000000000270983       -276.25000000748594       -276.25000000000000     
   1.0000000000027101       -276.25000000074863       -276.25000000000000     
   1.0000000000002709       -276.25000000007481       -276.25000000000000     
   1.0000000000000271       -276.25000000000750       -276.25000000000000     
 
 part:           3
 comp:           0
  0.99871912818710895        103.20787693657255        103.34024254037985     
  0.99987774384600725        103.32760855977418        103.34024254037985     
  0.99998782835307476        103.33898471943448        103.34024254037985     
  0.99999878337101133        103.34011681364508        103.34024254037985     
  0.99999987834245407        103.34022996825955        103.34024254037985     
  0.99999998783429911        103.34024128317337        103.34024254037985     
  0.99999999878343049        103.34024241465926        103.34024254037985     
  0.99999999987834309        103.34024252780779        103.34024254037985     
  0.99999999998783429        103.34024253912264        103.34024254037985     
  0.99999999999878342        103.34024254025412        103.34024254037985     
 comp:           1
  0.99729485491541214       -53.115096468269350       -53.259170250882754     
  0.99974192482989954       -53.245425381460848       -53.259170250882754     
  0.99997430758172590       -53.257801894003734       -53.259170250882754     
  0.99999743190064039       -53.259033476041736       -53.259170250882754     
  0.99999974320148033       -53.259156574006674       -53.259170250882754     
  0.99999997432026233       -53.259168883201234       -53.259170250882754     
  0.99999999743202728       -53.259170114114660       -53.259170250882754     
  0.99999999974320275       -53.259170237205943       -53.259170250882754     
  0.99999999997432032       -53.259170249515073       -53.259170250882754     
  0.99999999999743205       -53.259170250745989       -53.259170250882754     
 comp:           2
  0.99811283819537300        56.339256954176072        56.445779272852207     
  0.99981996174382248        56.435616873183342        56.445779272852207     
  0.99998207646949810        56.444767565205709        56.445779272852207     
  0.99999820844395748        56.445678147075277        56.445779272852207     
  0.99999982085236006        56.445769160724062        56.445779272852207     
  0.99999998208531560        56.445778261643888        56.445779272852207     
  0.99999999820853236        56.445779171731417        56.445779272852207     
  0.99999999982085330        56.445779262740132        56.445779272852207     
  0.99999999998208533        56.445779271840998        56.445779272852207     
  0.99999999999820854        56.445779272751089        56.445779272852207     
 comp:           3
   1.0000000000000000       -68.238849014124412       -68.238849014124412     
   1.0000000000000000       -68.238849014124412       -68.238849014124412     
   1.0000000000000000       -68.238849014124412       -68.238849014124412     
   1.0000000000000000       -68.238849014124412       -68.238849014124412     
   1.0000000000000000       -68.238849014124412       -68.238849014124412     
   1.0000000000000000       -68.238849014124412       -68.238849014124412     
   1.0000000000000000       -68.238849014124412       -68.238849014124412     
   1.0000000000000000       -68.238849014124412       -68.238849014124412     
   1.0000000000000000       -68.238849014124412       -68.238849014124412     
   1.0000000000000000       -68.238849014124412       -68.238849014124412     
 
 part:           4
 comp:           0
  0.99829519412741408        140.72359349654988        140.96390959745429     
  0.99983732331938457        140.94097805655440        140.96390959745429     
  0.99998380454905034        140.96162662337073        140.96390959745429     
  0.99999838117173923        140.96368140109368        140.96390959745429     
  0.99999983812433679        140.96388677882794        140.96390959745429     
  0.99999998381250543        140.96390731560177        140.96390959745429     
  0.99999999838125131        140.96390936926915        140.96390959745429     
  0.99999999983812515        140.96390957463578        140.96390959745429     
  0.99999999998381239        140.96390959517242        140.96390959745429     
  0.99999999999838118        140.96390959722609        140.96390959745429     
 comp:           1
  0.99798249109106962       -97.193843005168432       -97.390328861289746     
  0.99980748947962406       -97.371580198401077       -97.390328861289746     
  0.99998083445676766       -97.388462322731542       -97.390328861289746     
  0.99999808429444426       -97.390142290095667       -97.390328861289746     
  0.99999980843792580       -97.390310204996339       -97.390328861289746     
  0.99999998084387742       -97.390326995668673       -97.390328861289746     
  0.99999999808438866       -97.390328674727726       -97.390328861289746     
  0.99999999980843890       -97.390328842633551       -97.390328861289746     
  0.99999999998084399       -97.390328859424130       -97.390328861289746     
  0.99999999999808442       -97.390328861103185       -97.390328861289746     
 comp:           2
  0.99856832204931001        101.32564904285924        101.47092272556159     
  0.99986338941747510        101.45706072369872        101.47092272556159     
  0.99998639962106872        101.46954268256202        101.47092272556159     
  0.99999864056441490        101.47078478237839        101.47092272556159     
  0.99999986406246011        101.47090893185398        101.47092272556159     
  0.99999998640630627        101.47092134619695        101.47092272556159     
  0.99999999864063116        101.47092258762518        101.47092272556159     
  0.99999999986406318        101.47092271176795        101.47092272556159     
  0.99999999998640632        101.47092272418223        101.47092272556159     
  0.99999999999864064        101.47092272542366        101.47092272556159     
 comp:           3
   1.0000000000000000        9.4657009519744406        9.4657009519744406     
   1.0000000000000000        9.4657009519744406        9.4657009519744406     
   1.0000000000000000        9.4657009519744406        9.4657009519744406     
   1.0000000000000000        9.4657009519744406        9.4657009519744406     
   1.0000000000000000        9.4657009519744406        9.4657009519744406     
   1.0000000000000000        9.4657009519744406        9.4657009519744406     
   1.0000000000000000        9.4657009519744406        9.4657009519744406     
   1.0000000000000000        9.4657009519744406        9.4657009519744406     
   1.0000000000000000        9.4657009519744406        9.4657009519744406     
   1.0000000000000000        9.4657009519744406        9.4657009519744406     
 
 part:           5
 comp:           0
   1.0015203313867340        253.69754116546207        253.31242233913028     
   1.0001448280915790        253.34910909383089        253.31242233913028     
   1.0000144161972213        253.31607414096933        253.31242233913028     
   1.0000014409585842        253.31278735183972        253.31242233913028     
   1.0000001440892521        253.31245883872774        253.31242233913028     
   1.0000000144088592        253.31242598907332        253.31242233913028     
   1.0000000014408852        253.31242270412440        253.31242233913028     
   1.0000000001440885        253.31242237562969        253.31242233913028     
   1.0000000000144089        253.31242234278022        253.31242233913028     
   1.0000000000014408        253.31242233949527        253.31242233913028     
 comp:           1
   1.0023800756412866        148.94360912383920        148.58995379427353     
   1.0002267755236260        148.62365035885080        148.58995379427353     
   1.0000225736983377        148.59330801906648        148.58995379427353     
   1.0000022563390489        148.59028906358856        148.58995379427353     
   1.0000002256236047        148.58998731967452        148.58995379427353     
   1.0000000225622574        148.58995714679833        148.58995379427353     
   1.0000000022562248        148.58995412952586        148.58995379427353     
   1.0000000002256224        148.58995382779875        148.58995379427353     
   1.0000000000225622        148.58995379762604        148.58995379427353     
   1.0000000000022562        148.58995379460879        148.58995379427353     
 comp:           2
   1.0015199225737965       -172.29552094911287       -172.03404252441854     
   1.0001448194467288       -172.05895639927544       -172.03404252441854     
   1.0000144156232189       -172.03652250235641       -172.03404252441854     
   1.0000014409040601       -172.03429040896887       -172.03404252441854     
   1.0000001440838282       -172.03406731174198       -172.03404252441854     
   1.0000000144083170       -172.03404500313957       -172.03404252441854     
   1.0000000014408310       -172.03404277229052       -172.03404252441854     
   1.0000000001440832       -172.03404254920574       -172.03404252441854     
   1.0000000000144083       -172.03404252689725       -172.03404252441854     
   1.0000000000014408       -172.03404252466640       -172.03404252441854     
 comp:           3
   1.0000000000000000        111.76984009758682        111.76984009758682     
   1.0000000000000000        111.76984009758682        111.76984009758682     
   1.0000000000000000        111.76984009758682        111.76984009758682     
   1.0000000000000000        111.76984009758682        111.76984009758682     
   1.0000000000000000        111.76984009758682        111.76984009758682     
   1.0000000000000000        111.76984009758682        111.76984009758682     
   1.0000000000000000        111.76984009758682        111.76984009758682     
   1.0000000000000000        111.76984009758682        111.76984009758682     
   1.0000000000000000        111.76984009758682        111.76984009758682     
   1.0000000000000000        111.76984009758682        111.76984009758682     
 
 part:           6
 comp:           0
  0.99978854121745420        54.871819940692518        54.883425523035562     
  0.99997970837769568        54.882311849294084        54.883425523035562     
  0.99999797877235996        54.883314591138912        54.883425523035562     
  0.99999979795602267        54.883414434169978        54.883425523035562     
  0.99999997979638966        54.883424414192220        54.883425523035562     
  0.99999999797964700        54.883425412151666        54.883425523035562     
  0.99999999979796472        54.883425511947173        54.883425523035562     
  0.99999999997979649        54.883425521926725        54.883425523035562     
  0.99999999999797962        54.883425522924675        54.883425523035562     
  0.99999999999979794        54.883425523024471        54.883425523035562     
 comp:           1
   1.0371721470178183        2.1361030392457581        2.0595453178989587     
   1.0035445666030152        2.0668455134501795        2.0595453178989587     
   1.0003528596221618        2.0602720482816577        2.0595453178989587     
   1.0000352701104538        2.0596179582898055        2.0595453178989587     
   1.0000035268526453        2.0595525816118112        2.0595453178989587     
   1.0000003526836805        2.0595460442669813        2.0595453178989587     
   1.0000000352683520        2.0595453905357282        2.0595453178989587     
   1.0000000035268350        2.0595453251626354        2.0595453178989587     
   1.0000000003526837        2.0595453186253265        2.0595453178989587     
   1.0000000000352682        2.0595453179715952        2.0595453178989587     
 comp:           2
  0.99599048575514804        14.060736848066290        14.117340526004732     
  0.99961767098683307        14.111943057132883        14.117340526004732     
  0.99996193936065059        14.116803210998398        14.117340526004732     
  0.99999619564589015        14.117286818642281        14.117340526004732     
  0.99999961958167460        14.117335155509689        14.117340526004732     
  0.99999996195833840        14.117339988957641        14.117340526004732     
  0.99999999619583557        14.117340472300047        14.117340526004732     
  0.99999999961958352        14.117340520634263        14.117340526004732     
  0.99999999996195843        14.117340525467686        14.117340526004732     
  0.99999999999619582        14.117340525951027        14.117340526004732     
 comp:           3
   1.0000000000000000       -52.996692035436880       -52.996692035436880     
   1.0000000000000000       -52.996692035436880       -52.996692035436880     
   1.0000000000000000       -52.996692035436880       -52.996692035436880     
   1.0000000000000000       -52.996692035436880       -52.996692035436880     
   1.0000000000000000       -52.996692035436880       -52.996692035436880     
   1.0000000000000000       -52.996692035436880       -52.996692035436880     
   1.0000000000000000       -52.996692035436880       -52.996692035436880     
   1.0000000000000000       -52.996692035436880       -52.996692035436880     
   1.0000000000000000       -52.996692035436880       -52.996692035436880     
   1.0000000000000000       -52.996692035436880       -52.996692035436880     
 
 part:           7
 comp:           0
   30.692735170584982        0.0000000000000000     
   2.7903888833178665        0.0000000000000000     
  0.27652637666202279        0.0000000000000000     
   2.7627761279318683E-002   0.0000000000000000     
   2.7625276103083471E-003   0.0000000000000000     
   2.7625027610059895E-004   0.0000000000000000     
   2.7625002761003513E-005   0.0000000000000000     
   2.7625000276100336E-006   0.0000000000000000     
   2.7625000027610040E-007   0.0000000000000000     
   2.7625000002761011E-008   0.0000000000000000     
 comp:           1
 -0.77077268964719581       -0.0000000000000000     
  -7.3490292439080465E-002  -0.0000000000000000     
  -7.3158506128629544E-003  -0.0000000000000000     
  -7.3125574096293033E-004  -0.0000000000000000     
  -7.3122283338507410E-005  -0.0000000000000000     
  -7.3121954287162968E-006  -0.0000000000000000     
  -7.3121921382272862E-007  -0.0000000000000000     
  -7.3121918091786282E-008  -0.0000000000000000     
  -7.3121917762737654E-009  -0.0000000000000000     
  -7.3121917729832798E-010  -0.0000000000000000     
 comp:           2
  0.56987810401127170        0.0000000000000000     
   5.4335745260495609E-002   0.0000000000000000     
   5.4090435902657292E-003   0.0000000000000000     
   5.4066087291969290E-004   0.0000000000000000     
   5.4063654238965697E-005   0.0000000000000000     
   5.4063410951730936E-006   0.0000000000000000     
   5.4063386623188108E-007   0.0000000000000000     
   5.4063384190335631E-008   0.0000000000000000     
   5.4063383947050400E-009   0.0000000000000000     
   5.4063383922721889E-010   0.0000000000000000     
 comp:           3
   30.677762966994955        0.0000000000000000     
   2.7888917017066359        0.0000000000000000     
  0.27637665886806689        0.0000000000000000     
   2.7612789503576474E-002   0.0000000000000000     
   2.7610304327706421E-003   0.0000000000000000     
   2.7610055834719356E-004   0.0000000000000000     
   2.7610030985666627E-005   0.0000000000000000     
   2.7610028500763819E-006   0.0000000000000000     
   2.7610028252273554E-007   0.0000000000000000     
   2.7610028227424531E-008   0.0000000000000000     
 
 part: i_fks reduced
 comp:           0
   1.0540925533894596        291.19306787383823        276.25000000000000     
   1.0050378152592121        277.64169646535731        276.25000000000000     
   1.0005003753127737        276.38822868015376        276.25000000000000     
   1.0000500037503124        276.26381353602380        276.25000000000000     
   1.0000050000375003        276.25138126035944        276.25000000000000     
   1.0000005000003749        276.25013812510355        276.25000000000000     
   1.0000000500000037        276.25001381250104        276.25000000000000     
   1.0000000050000000        276.25000138125000        276.25000000000000     
   1.0000000004999998        276.25000013812496        276.25000000000000     
   1.0000000000500000        276.25000001381250        276.25000000000000     
 comp:           1
   1.0540925533894596       -7.7077268964719572       -7.3121917726176688     
   1.0050378152592119       -7.3490292439080465       -7.3121917726176688     
   1.0005003753127737       -7.3158506128629543       -7.3121917726176688     
   1.0000500037503124       -7.3125574096293029       -7.3121917726176688     
   1.0000050000375000       -7.3122283338507401       -7.3121917726176688     
   1.0000005000003747       -7.3121954287162954       -7.3121917726176688     
   1.0000000500000037       -7.3121921382272843       -7.3121917726176688     
   1.0000000050000000       -7.3121918091786275       -7.3121917726176688     
   1.0000000004999998       -7.3121917762737629       -7.3121917726176688     
   1.0000000000500000       -7.3121917729832777       -7.3121917726176688     
 comp:           2
   1.0540925533894598        5.6987810401127170        5.4063383920018699     
   1.0050378152592121        5.4335745260495614        5.4063383920018699     
   1.0005003753127739        5.4090435902657292        5.4063383920018699     
   1.0000500037503124        5.4066087291969280        5.4063383920018699     
   1.0000050000375003        5.4063654238965695        5.4063383920018699     
   1.0000005000003749        5.4063410951730928        5.4063383920018699     
   1.0000000500000039        5.4063386623188103        5.4063383920018699     
   1.0000000050000002        5.4063384190335624        5.4063383920018699     
   1.0000000004999998        5.4063383947050383        5.4063383920018699     
   1.0000000000500000        5.4063383922721870        5.4063383920018699     
 comp:           3
   1.1111094388375553        306.77762966994953        276.10028224663523     
   1.0101009962805365        278.88917017066359        276.10028224663523     
   1.0010010008652752        276.37665886806684        276.10028224663523     
   1.0001000099996453        276.12789503576477        276.10028224663523     
   1.0000100000999870        276.10304327706416        276.10028224663523     
   1.0000010000009998        276.10055834719350        276.10028224663523     
   1.0000001000000101        276.10030985666623        276.10028224663523     
   1.0000000100000004        276.10028500763815        276.10028224663523     
   1.0000000009999999        276.10028252273548        276.10028224663523     
   1.0000000001000000        276.10028227424527        276.10028224663523     
 
 part: i_fks full/reduced
 comp:           0
  0.10540338544007806        30.692735170584982        291.19306787383823     
   1.0050323560337547E-002   2.7903888833178665        277.64169646535731     
   1.0004998330881483E-003  0.27652637666202279        276.38822868015376     
   1.0000499495644631E-004   2.7627761279318683E-002   276.26381353602380     
   1.0000049946192811E-005   2.7625276103083471E-003   276.25138126035944     
   1.0000004994585571E-006   2.7625027610059895E-004   276.25013812510355     
   1.0000000499458223E-007   2.7625002761003513E-005   276.25001381250104     
   1.0000000049945822E-008   2.7625000276100336E-006   276.25000138125000     
   1.0000000004994585E-009   2.7625000027610040E-007   276.25000013812496     
   1.0000000000499461E-010   2.7625000002761011E-008   276.25000001381250     
 comp:           1
  0.10000000000000001      -0.77077268964719581       -7.7077268964719572     
   1.0000000000000000E-002  -7.3490292439080465E-002  -7.3490292439080465     
   1.0000000000000000E-003  -7.3158506128629544E-003  -7.3158506128629543     
   1.0000000000000000E-004  -7.3125574096293033E-004  -7.3125574096293029     
   1.0000000000000001E-005  -7.3122283338507410E-005  -7.3122283338507401     
   1.0000000000000002E-006  -7.3121954287162968E-006  -7.3121954287162954     
   1.0000000000000002E-007  -7.3121921382272862E-007  -7.3121921382272843     
   1.0000000000000000E-008  -7.3121918091786282E-008  -7.3121918091786275     
   1.0000000000000003E-009  -7.3121917762737654E-009  -7.3121917762737629     
   1.0000000000000003E-010  -7.3121917729832798E-010  -7.3121917729832777     
 comp:           2
  0.10000000000000001       0.56987810401127170        5.6987810401127170     
   9.9999999999999985E-003   5.4335745260495609E-002   5.4335745260495614     
   1.0000000000000000E-003   5.4090435902657292E-003   5.4090435902657292     
   1.0000000000000002E-004   5.4066087291969290E-004   5.4066087291969280     
   1.0000000000000001E-005   5.4063654238965697E-005   5.4063654238965695     
   1.0000000000000002E-006   5.4063410951730936E-006   5.4063410951730928     
   1.0000000000000001E-007   5.4063386623188108E-007   5.4063386623188103     
   1.0000000000000002E-008   5.4063384190335631E-008   5.4063384190335624     
   1.0000000000000003E-009   5.4063383947050400E-009   5.4063383947050383     
   1.0000000000000003E-010   5.4063383922721889E-010   5.4063383922721870     
 comp:           3
  0.10000000000000001        30.677762966994955        306.77762966994953     
   1.0000000000000000E-002   2.7888917017066359        278.88917017066359     
   1.0000000000000002E-003  0.27637665886806689        276.37665886806684     
   9.9999999999999991E-005   2.7612789503576474E-002   276.12789503576477     
   1.0000000000000003E-005   2.7610304327706421E-003   276.10304327706416     
   1.0000000000000002E-006   2.7610055834719356E-004   276.10055834719350     
   1.0000000000000001E-007   2.7610030985666627E-005   276.10030985666623     
   1.0000000000000002E-008   2.7610028500763819E-006   276.10028500763815     
   1.0000000000000003E-009   2.7610028252273554E-007   276.10028252273548     
   1.0000000000000002E-010   2.7610028227424531E-008   276.10028227424527     
     
 Collinear #          52
 
 part:           1
 comp:           0
  0.99998596316228516        277.25229081306367        277.25618261310444     
  0.99999866042097496        277.25581120653766        277.25618261310444     
  0.99999986665130736        277.25614564135498        277.25618261310444     
  0.99999998667119250        277.25617891761016        277.25618261310444     
  0.99999999866717959        277.25618224357174        277.25618261310444     
  0.99999999986671873        277.25618257615139        277.25618261310444     
  0.99999999998667155        277.25618260940905        277.25618261310444     
  0.99999999999866718        277.25618261273490        277.25618261310444     
  0.99999999999986677        277.25618261306749        277.25618261310444     
  0.99999999999998646        277.25618261310069        277.25618261310444     
 comp:           1
   0.0000000000000000        0.0000000000000000     
   0.0000000000000000        0.0000000000000000     
   0.0000000000000000        0.0000000000000000     
   0.0000000000000000        0.0000000000000000     
   0.0000000000000000        0.0000000000000000     
   0.0000000000000000        0.0000000000000000     
   0.0000000000000000        0.0000000000000000     
   0.0000000000000000        0.0000000000000000     
   0.0000000000000000        0.0000000000000000     
   0.0000000000000000        0.0000000000000000     
 comp:           2
   0.0000000000000000        0.0000000000000000     
   0.0000000000000000        0.0000000000000000     
   0.0000000000000000        0.0000000000000000     
   0.0000000000000000        0.0000000000000000     
   0.0000000000000000        0.0000000000000000     
   0.0000000000000000        0.0000000000000000     
   0.0000000000000000        0.0000000000000000     
   0.0000000000000000        0.0000000000000000     
   0.0000000000000000        0.0000000000000000     
   0.0000000000000000        0.0000000000000000     
 comp:           3
  0.99998596316228516        277.25229081306367        277.25618261310444     
  0.99999866042097496        277.25581120653766        277.25618261310444     
  0.99999986665130736        277.25614564135498        277.25618261310444     
  0.99999998667119250        277.25617891761016        277.25618261310444     
  0.99999999866717959        277.25618224357174        277.25618261310444     
  0.99999999986671873        277.25618257615139        277.25618261310444     
  0.99999999998667155        277.25618260940905        277.25618261310444     
  0.99999999999866718        277.25618261273490        277.25618261310444     
  0.99999999999986677        277.25618261306749        277.25618261310444     
  0.99999999999998646        277.25618261310069        277.25618261310444     
 
 part:           2
 comp:           0
   1.0001906310038609        276.30266181481659        276.25000000000000     
   1.0000182631886145        276.25504520585474        276.25000000000000     
   1.0000018186847885        276.25050241167281        276.25000000000000     
   1.0000001817924864        276.25005022017439        276.25000000000000     
   1.0000000181784887        276.25000502180751        276.25000000000000     
   1.0000000018178412        276.25000050217864        276.25000000000000     
   1.0000000001817839        276.25000005021781        276.25000000000000     
   1.0000000000181783        276.25000000502177        276.25000000000000     
   1.0000000000018179        276.25000000050221        276.25000000000000     
   1.0000000000001816        276.25000000005019        276.25000000000000     
 comp:           1
   0.0000000000000000        0.0000000000000000     
   0.0000000000000000        0.0000000000000000     
   0.0000000000000000        0.0000000000000000     
   0.0000000000000000        0.0000000000000000     
   0.0000000000000000        0.0000000000000000     
   0.0000000000000000        0.0000000000000000     
   0.0000000000000000        0.0000000000000000     
   0.0000000000000000        0.0000000000000000     
   0.0000000000000000        0.0000000000000000     
   0.0000000000000000        0.0000000000000000     
 comp:           2
   0.0000000000000000        0.0000000000000000     
   0.0000000000000000        0.0000000000000000     
   0.0000000000000000        0.0000000000000000     
   0.0000000000000000        0.0000000000000000     
   0.0000000000000000        0.0000000000000000     
   0.0000000000000000        0.0000000000000000     
   0.0000000000000000        0.0000000000000000     
   0.0000000000000000        0.0000000000000000     
   0.0000000000000000        0.0000000000000000     
   0.0000000000000000        0.0000000000000000     
 comp:           3
   1.0001906310038609       -276.30266181481659       -276.25000000000000     
   1.0000182631886145       -276.25504520585474       -276.25000000000000     
   1.0000018186847885       -276.25050241167281       -276.25000000000000     
   1.0000001817924864       -276.25005022017439       -276.25000000000000     
   1.0000000181784887       -276.25000502180751       -276.25000000000000     
   1.0000000018178412       -276.25000050217864       -276.25000000000000     
   1.0000000001817839       -276.25000005021781       -276.25000000000000     
   1.0000000000181783       -276.25000000502177       -276.25000000000000     
   1.0000000000018179       -276.25000000050221       -276.25000000000000     
   1.0000000000001816       -276.25000000005019       -276.25000000000000     
 
 part:           3
 comp:           0
  0.99975354328773303        25.722912461667441        25.729253608920978     
  0.99992350549445841        25.727285462388210        25.729253608920978     
  0.99997584965026043        25.728632238447783        25.729253608920978     
  0.99999236374064482        25.729057133667403        25.729253608920978     
  0.99999758517767434        25.729191477344941        25.729253608920978     
  0.99999923636045140        25.729233961045367        25.729253608920978     
  0.99999975851530354        25.729247395699979        25.729253608920978     
  0.99999992363576373        25.729251644126176        25.729253608920978     
  0.99999997585150147        25.729252987598134        25.729253608920978     
  0.99999999236357318        25.729253412441416        25.729253608920978     
 comp:           1
   1.0007486281065872        15.923915255124724        15.912003082385148     
   1.0002321524469433        15.915697092836492        15.912003082385148     
   1.0000732738298259        15.913169015791198        15.912003082385148     
   1.0000231669612121        15.912371715143363        15.912003082385148     
   1.0000073259148490        15.912119652364805        15.912003082385148     
   1.0000023166551513        15.912039945009056        15.912003082385148     
   1.0000007325907334        15.912014739371157        15.912003082385148     
   1.0000002316655463        15.912006768648034        15.912003082385148     
   1.0000000732590788        15.912004248083836        15.912003082385148     
   1.0000000231665562        15.912003451011463        15.912003082385148     
 comp:           2
  0.99910746707080911       -19.866929050829420       -19.884676779641566     
  0.99972322211567277       -19.879173140871966       -19.884676779641566     
  0.99991264112929745       -19.882939676733812       -19.884676779641566     
  0.99997237977632814       -19.884127560421270       -19.884676779641566     
  0.99999126586327503       -19.884503104155840       -19.884676779641566     
  0.99999723802647811       -19.884621858690810       -19.884676779641566     
  0.99999912658722334       -19.884659412110807       -19.884676779641566     
  0.99999972380261060       -19.884671287545750       -19.884676779641566     
  0.99999991265871579       -19.884675042888361       -19.884676779641566     
  0.99999997238025917       -19.884676230431946       -19.884676779641566     
 comp:           3
   1.0000000000000000        3.6609122561901746        3.6609122561901746     
   1.0000000000000000        3.6609122561901746        3.6609122561901746     
   1.0000000000000000        3.6609122561901746        3.6609122561901746     
   1.0000000000000000        3.6609122561901746        3.6609122561901746     
   1.0000000000000000        3.6609122561901746        3.6609122561901746     
   1.0000000000000000        3.6609122561901746        3.6609122561901746     
   1.0000000000000000        3.6609122561901746        3.6609122561901746     
   1.0000000000000000        3.6609122561901746        3.6609122561901746     
   1.0000000000000000        3.6609122561901746        3.6609122561901746     
   1.0000000000000000        3.6609122561901746        3.6609122561901746     
 
 part:           4
 comp:           0
   1.0002885080794095        204.84753262990262        204.78844950764991     
   1.0000893860036963        204.80675472875456        204.78844950764991     
   1.0000282048249147        204.79422553001285        204.78844950764991     
   1.0000089167212443        204.79027554916823        204.78844950764991     
   1.0000028195892421        204.78902692695905        204.78844950764991     
   1.0000008916235499        204.78863210185423        204.78844950764991     
   1.0000002819553546        204.78850724884981        204.78844950764991     
   1.0000000891620389        204.78846776700561        204.78844950764991     
   1.0000000281955048        204.78845528176362        204.78844950764991     
   1.0000000089162013        204.78845133358496        204.78844950764991     
 comp:           1
   1.0005163544068161        183.76454419939972        183.66970553754680     
   1.0001600939354462        183.69910994352858        183.66970553754680     
   1.0000505272724567        183.67898586680056        183.66970553754680     
   1.0000159749041340        183.67263964348510        183.66970553754680     
   1.0000050515958492        183.67063336266892        183.66970553754680     
   1.0000015974502632        183.66999894076625        183.66970553754680     
   1.0000005051578769        183.66979831974530        183.66970553754680     
   1.0000001597449288        183.66973487785086        183.66970553754680     
   1.0000000505157796        183.66971481576516        183.66970553754680     
   1.0000000159744928        183.66970847157720        183.66970553754680     
 comp:           2
  0.99625571038488481       -37.595737566538787       -37.737035958382990     
  0.99883909568307760       -37.693226870431047       -37.737035958382990     
  0.99963360680369429       -37.723209365159093       -37.737035958382990     
  0.99988415966463751       -37.732664487481983       -37.737035958382990     
  0.99996336888457216       -37.735653608662894       -37.737035958382990     
  0.99998841625760948       -37.736598822279866       -37.737035958382990     
  0.99999633690084266       -37.736897723878371       -37.737035958382990     
  0.99999884162646768       -37.736992244799346       -37.737035958382990     
  0.99999963369014344       -37.737022134934762       -37.737035958382990     
  0.99999988416264696       -37.737031587024632       -37.737035958382990     
 comp:           3
   1.0000000000000000        82.338717724857915        82.338717724857915     
   1.0000000000000000        82.338717724857915        82.338717724857915     
   1.0000000000000000        82.338717724857915        82.338717724857915     
   1.0000000000000000        82.338717724857915        82.338717724857915     
   1.0000000000000000        82.338717724857915        82.338717724857915     
   1.0000000000000000        82.338717724857915        82.338717724857915     
   1.0000000000000000        82.338717724857915        82.338717724857915     
   1.0000000000000000        82.338717724857915        82.338717724857915     
   1.0000000000000000        82.338717724857915        82.338717724857915     
   1.0000000000000000        82.338717724857915        82.338717724857915     
 
 part:           5
 comp:           0
  0.99975096453344992        174.83723396908283        174.88078548708725     
  0.99992270588095056        174.86726823083436        174.88078548708725     
  0.99997559727639784        174.87651791961568        174.88078548708725     
  0.99999228394834760        174.87943609791341        174.88078548708725     
  0.99999755994561901        174.88035876846047        174.88078548708725     
  0.99999922838139033        174.88065054581870        174.88078548708725     
  0.99999975599210311        174.88074281479459        174.88078548708725     
  0.99999992283785788        174.88077199291124        174.88078548708725     
  0.99999997559918141        174.88078121985293        174.88078548708725     
  0.99999999228378267        174.88078413766911        174.88078548708725     
 comp:           1
  0.99949398143373158       -159.92599504473856       -160.00696153800899     
  0.99984308156233759       -159.98185349558935       -160.00696153800899     
  0.99995047212210986       -159.99903673275637       -160.00696153800899     
  0.99998434078677578       -160.00445595488091       -160.00696153800899     
  0.99999504820400220       -160.00616921617723       -160.00696153800899     
  0.99999843410631417       -160.00671098411823       -160.00696153800899     
  0.99999950482090239       -160.00688230590617       -160.00696153800899     
  0.99999984341060977       -160.00693648261645       -160.00696153800899     
  0.99999995048208645       -160.00695361479811       -160.00696153800899     
  0.99999998434105986       -160.00695903246955       -160.00696153800899     
 comp:           2
   1.0027305255480612        44.299122467117201        44.178491966128874     
   1.0008467471977534        44.215899980402163        44.178491966128874     
   1.0002672572607707        44.190298988876727        44.178491966128874     
   1.0000844986421877        44.182224988713912        44.178491966128874     
   1.0000267203742752        44.179672431969124        44.178491966128874     
   1.0000084497150892        44.178865261799061        44.178491966128874     
   1.0000026720347173        44.178610012593168        44.178491966128874     
   1.0000008449716258        44.178529295701054        44.178491966128874     
   1.0000002672034918        44.178503770776189        44.178491966128874     
   1.0000000844971686        44.178495699086355        44.178491966128874     
 comp:           3
   1.0000000000000000        55.039279060988981        55.039279060988981     
   1.0000000000000000        55.039279060988981        55.039279060988981     
   1.0000000000000000        55.039279060988981        55.039279060988981     
   1.0000000000000000        55.039279060988981        55.039279060988981     
   1.0000000000000000        55.039279060988981        55.039279060988981     
   1.0000000000000000        55.039279060988981        55.039279060988981     
   1.0000000000000000        55.039279060988981        55.039279060988981     
   1.0000000000000000        55.039279060988981        55.039279060988981     
   1.0000000000000000        55.039279060988981        55.039279060988981     
   1.0000000000000000        55.039279060988981        55.039279060988981     
 
 part:           6
 comp:           0
  0.99993881943606144        147.09251164291845        147.10151139634189     
  0.99998095544689003        147.09870991379555        147.10151139634189     
  0.99999398199327805        147.10062613845750        147.10151139634189     
  0.99999809658986505        147.10123140183424        147.10151139634189     
  0.99999939802896698        147.10142284549312        147.10151139634189     
  0.99999980963326518        147.10148339310749        147.10151139634189     
  0.99999993980004975        147.10150254083823        147.10151139634189     
  0.99999998096303300        147.10150859597528        147.10151139634189     
  0.99999999397997530        147.10151051078716        147.10151139634189     
  0.99999999809630025        147.10151111630478        147.10151139634189     
 comp:           1
  0.99827891223613374       -39.506635468962124       -39.574747081922922     
  0.99946631819760379       -39.553626759570868       -39.574747081922922     
  0.99983155835179616       -39.568081046297195       -39.574747081922922     
  0.99994674419303098       -39.572639496831478       -39.574747081922922     
  0.99998315934753790       -39.574080617361041       -39.574747081922922     
  0.99999467452722290       -39.574536327684676       -39.574747081922922     
  0.99999831593785482       -39.574680435589457       -39.574747081922922     
  0.99999946745278800       -39.574726006501699       -39.574747081922922     
  0.99999983159378669       -39.574740417289625       -39.574747081922922     
  0.99999994674527648       -39.574744974380707       -39.574747081922922     
 comp:           2
   1.0075486560170575        13.544699021264083        13.443220771895682     
   1.0023407175586461        13.474687554801214        13.443220771895682     
   1.0007387816518896        13.453152376744260        13.443220771895682     
   1.0002335788889800        13.446360824467893        13.443220771895682     
   1.0000738627600569        13.444213725285948        13.443220771895682     
   1.0000233574155644        13.443534770789773        13.443220771895682     
   1.0000073862624044        13.443320067051863        13.443220771895682     
   1.0000023357412684        13.443252171781218        13.443220771895682     
   1.0000007386262348        13.443230701411224        13.443220771895682     
   1.0000002335741374        13.443223911884377        13.443220771895682     
 comp:           3
   1.0000000000000000       -141.03890904203706       -141.03890904203706     
   1.0000000000000000       -141.03890904203706       -141.03890904203706     
   1.0000000000000000       -141.03890904203706       -141.03890904203706     
   1.0000000000000000       -141.03890904203706       -141.03890904203706     
   1.0000000000000000       -141.03890904203706       -141.03890904203706     
   1.0000000000000000       -141.03890904203706       -141.03890904203706     
   1.0000000000000000       -141.03890904203706       -141.03890904203706     
   1.0000000000000000       -141.03890904203706       -141.03890904203706     
   1.0000000000000000       -141.03890904203706       -141.03890904203706     
   1.0000000000000000       -141.03890904203706       -141.03890904203706     
 
 part:           7
 comp:           0
   1.0482808096381024        1.0547619243089095        1.0061826131044453     
   1.0046268574460666        1.0108380766199905        1.0061826131044453     
   1.0004607646599430        1.0066462264940130        1.0061826131044453     
   1.0000460573421697        1.0062289552013424        1.0061826131044453     
   1.0000046055430660        1.0061872471218023        1.0061826131044453     
   1.0000004605523951        1.0061830765042576        1.0061826131044453     
   1.0000000460552205        1.0061826594444074        1.0061826131044453     
   1.0000000046055222        1.0061826177384416        1.0061826131044453     
   1.0000000004605518        1.0061826135678447        1.0061826131044453     
   1.0000000000460552        1.0061826131507852        1.0061826131044453     
 comp:           1
 -0.25582894082373819       -0.0000000000000000     
  -7.9326781204828015E-002  -0.0000000000000000     
  -2.5037103538137848E-002  -0.0000000000000000     
  -7.9159069160423205E-003  -0.0000000000000000     
  -2.5031814954165955E-003  -0.0000000000000000     
  -7.9157397235738618E-004  -0.0000000000000000     
  -2.5031762078677692E-004  -0.0000000000000000     
  -7.9157380692478709E-005  -0.0000000000000000     
  -2.5031761208356966E-005  -0.0000000000000000     
  -7.9157383624964675E-006  -0.0000000000000000     
 comp:           2
 -0.38115487101308032       -0.0000000000000000     
 -0.11818752390035896       -0.0000000000000000     
  -3.7302323728084556E-002  -0.0000000000000000     
  -1.1793765278551702E-002  -0.0000000000000000     
  -3.7294444363321689E-003  -0.0000000000000000     
  -1.1793516181543584E-003  -0.0000000000000000     
  -3.7294365585096499E-004  -0.0000000000000000     
  -1.1793513716793471E-004  -0.0000000000000000     
  -3.7294364288421530E-005  -0.0000000000000000     
  -1.1793514153699205E-005  -0.0000000000000000     
 comp:           3
  0.94379388580087831       0.94962899824712621        1.0061826131044453     
  0.99461667062118719        1.0007660006828696        1.0061826131044453     
  0.99946393088563401        1.0056432296821480        1.0061826131044453     
  0.99994641562281539        1.0061286974357881        1.0061826131044453     
  0.99999464178752129        1.0061772217642120        1.0061826131044453     
  0.99999946418100427        1.0061820739726881        1.0061826131044453     
  0.99999994641812295        1.0061825591912923        1.0061826131044453     
  0.99999999464181266        1.0061826077131304        1.0061826131044453     
  0.99999999946418094        1.0061826125653135        1.0061826131044453     
  0.99999999994641775        1.0061826130505318        1.0061826131044453     
 
 part: i_fks+j_fks
 comp:           0
   1.0001605948800421        278.30705273737260        278.26236522620889     
   1.0000153957469071        278.26664928315768        278.26236522620889     
   1.0000015332351528        278.26279186784899        278.26236522620889     
   1.0000001532604044        278.26240787281148        278.26236522620889     
   1.0000000153254094        278.26236949069357        278.26236522620889     
   1.0000000015325348        278.26236565265566        278.26236522620889     
   1.0000000001532530        278.26236526885344        278.26236522620889     
   1.0000000000153253        278.26236523047334        278.26236522620889     
   1.0000000000015326        278.26236522663532        278.26236522620889     
   1.0000000000001530        278.26236522625146        278.26236522620889     
 comp:           1
 -0.25582894082373819        0.0000000000000000     
  -7.9326781204828015E-002   0.0000000000000000     
  -2.5037103538137848E-002   0.0000000000000000     
  -7.9159069160423205E-003   0.0000000000000000     
  -2.5031814954165955E-003   0.0000000000000000     
  -7.9157397235738618E-004   0.0000000000000000     
  -2.5031762078677692E-004   0.0000000000000000     
  -7.9157380692478709E-005   0.0000000000000000     
  -2.5031761208356966E-005   0.0000000000000000     
  -7.9157383624964675E-006   0.0000000000000000     
 comp:           2
 -0.38115487101308032        0.0000000000000000     
 -0.11818752390035896        0.0000000000000000     
  -3.7302323728084556E-002   0.0000000000000000     
  -1.1793765278551702E-002   0.0000000000000000     
  -3.7294444363321689E-003   0.0000000000000000     
  -1.1793516181543584E-003   0.0000000000000000     
  -3.7294365585096499E-004   0.0000000000000000     
  -1.1793513716793471E-004   0.0000000000000000     
  -3.7294364288421530E-005   0.0000000000000000     
  -1.1793514153699205E-005   0.0000000000000000     
 comp:           3
  0.99978277545779881        278.20191981131080        278.26236522620889     
  0.99997919941856428        278.25657720722052        278.26236522620889     
  0.99999792873473470        278.26178887103714        278.26236522620889     
  0.99999979296099595        278.26230761504593        278.26236522620889     
  0.99999997929697426        278.26235946533598        278.26236522620889     
  0.99999999792970640        278.26236465012408        278.26236522620889     
  0.99999999979297050        278.26236516860035        278.26236522620889     
  0.99999999997929701        278.26236522044803        278.26236522620889     
  0.99999999999792988        278.26236522563283        278.26236522620889     
  0.99999999999979283        278.26236522615125        278.26236522620889     
     
 Collinear #          71
 
 part:           1
 comp:           0
  0.99995619665036428        279.56424305171794        279.57648943843475     
  0.99999582131616394        279.57532117667739        279.57648943843475     
  0.99999958404723954        279.57637314782221        279.57648943843475     
  0.99999995842378420        279.57647781470229        279.57648943843475     
  0.99999999584256904        279.57648827611479        279.57648943843475     
  0.99999999958425867        279.57648932220326        279.57648943843475     
  0.99999999995842603        279.57648942681163        279.57648943843475     
  0.99999999999584255        279.57648943727241        279.57648943843475     
  0.99999999999958422        279.57648943831850        279.57648943843475     
  0.99999999999995870        279.57648943842321        279.57648943843475     
 comp:           1
   0.0000000000000000        0.0000000000000000     
   0.0000000000000000        0.0000000000000000     
   0.0000000000000000        0.0000000000000000     
   0.0000000000000000        0.0000000000000000     
   0.0000000000000000        0.0000000000000000     
   0.0000000000000000        0.0000000000000000     
   0.0000000000000000        0.0000000000000000     
   0.0000000000000000        0.0000000000000000     
   0.0000000000000000        0.0000000000000000     
   0.0000000000000000        0.0000000000000000     
 comp:           2
   0.0000000000000000        0.0000000000000000     
   0.0000000000000000        0.0000000000000000     
   0.0000000000000000        0.0000000000000000     
   0.0000000000000000        0.0000000000000000     
   0.0000000000000000        0.0000000000000000     
   0.0000000000000000        0.0000000000000000     
   0.0000000000000000        0.0000000000000000     
   0.0000000000000000        0.0000000000000000     
   0.0000000000000000        0.0000000000000000     
   0.0000000000000000        0.0000000000000000     
 comp:           3
  0.99995619665036428        279.56424305171794        279.57648943843475     
  0.99999582131616394        279.57532117667739        279.57648943843475     
  0.99999958404723954        279.57637314782221        279.57648943843475     
  0.99999995842378420        279.57647781470229        279.57648943843475     
  0.99999999584256904        279.57648827611479        279.57648943843475     
  0.99999999958425867        279.57648932220326        279.57648943843475     
  0.99999999995842603        279.57648942681163        279.57648943843475     
  0.99999999999584255        279.57648943727241        279.57648943843475     
  0.99999999999958422        279.57648943831850        279.57648943843475     
  0.99999999999995870        279.57648943842321        279.57648943843475     
 
 part:           2
 comp:           0
   1.0006278888914586        276.42345430626546        276.25000000000000     
   1.0000601313274242        276.26661127920096        276.25000000000000     
   1.0000059877805174        276.25165412436792        276.25000000000000     
   1.0000005985256961        276.25016534272356        276.25000000000000     
   1.0000000598500471        276.25001653357555        276.25000000000000     
   1.0000000059849794        276.25000165335058        276.25000000000000     
   1.0000000005984975        276.25000016533494        276.25000000000000     
   1.0000000000598497        276.25000001653348        276.25000000000000     
   1.0000000000059848        276.25000000165329        276.25000000000000     
   1.0000000000005986        276.25000000016536        276.25000000000000     
 comp:           1
   0.0000000000000000        0.0000000000000000     
   0.0000000000000000        0.0000000000000000     
   0.0000000000000000        0.0000000000000000     
   0.0000000000000000        0.0000000000000000     
   0.0000000000000000        0.0000000000000000     
   0.0000000000000000        0.0000000000000000     
   0.0000000000000000        0.0000000000000000     
   0.0000000000000000        0.0000000000000000     
   0.0000000000000000        0.0000000000000000     
   0.0000000000000000        0.0000000000000000     
 comp:           2
   0.0000000000000000        0.0000000000000000     
   0.0000000000000000        0.0000000000000000     
   0.0000000000000000        0.0000000000000000     
   0.0000000000000000        0.0000000000000000     
   0.0000000000000000        0.0000000000000000     
   0.0000000000000000        0.0000000000000000     
   0.0000000000000000        0.0000000000000000     
   0.0000000000000000        0.0000000000000000     
   0.0000000000000000        0.0000000000000000     
   0.0000000000000000        0.0000000000000000     
 comp:           3
   1.0006278888914586       -276.42345430626546       -276.25000000000000     
   1.0000601313274242       -276.26661127920096       -276.25000000000000     
   1.0000059877805174       -276.25165412436792       -276.25000000000000     
   1.0000005985256961       -276.25016534272356       -276.25000000000000     
   1.0000000598500471       -276.25001653357555       -276.25000000000000     
   1.0000000059849794       -276.25000165335058       -276.25000000000000     
   1.0000000005984975       -276.25000016533494       -276.25000000000000     
   1.0000000000598497       -276.25000001653348       -276.25000000000000     
   1.0000000000059848       -276.25000000165329       -276.25000000000000     
   1.0000000000005986       -276.25000000016536       -276.25000000000000     
 
 part:           3
 comp:           0
  0.99884441078852360        212.64380647869902        212.88981965752842     
  0.99964094321696439        212.81338012374115        212.88981965752842     
  0.99988659885434716        212.86567770808142        212.88981965752842     
  0.99996413861063504        212.88218513281385        212.88981965752842     
  0.99998865907816004        212.88740529072317        212.88981965752842     
  0.99999641361512048        212.88905615269820        212.88981965752842     
  0.99999886587799647        212.88957821449961        212.88981965752842     
  0.99999964135836394        212.88974330637521        212.88981965752842     
  0.99999988658748118        212.88979551315774        212.88981965752842     
  0.99999996413580283        212.88981202240595        212.88981965752842     
 comp:           1
  0.99104792640511130       -61.559479730305547       -62.115542639399905     
  0.99722356444917037       -61.943082838556805       -62.115542639399905     
  0.99912360954522139       -62.061105170737342       -62.115542639399905     
  0.99972290396100161       -62.098330668574292       -62.115542639399905     
  0.99991237516198628       -62.110099775037995       -62.115542639399905     
  0.99997229053947378       -62.113821451223075       -62.115542639399905     
  0.99999123749015617       -62.114998351346074       -62.115542639399905     
  0.99999722905005972       -62.115370520340740       -62.115542639399905     
  0.99999912374859901       -62.115488210568643       -62.115542639399905     
  0.99999972290495098       -62.115525427490574       -62.115542639399905     
 comp:           2
  0.99834924479232001        104.17131730610454        104.34356298609171     
  0.99948802750605892        104.29014195192302        104.34356298609171     
  0.99983839430140387        104.32670047170133        104.34356298609171     
  0.99994890371213385        104.33823141736039        104.34356298609171     
  0.99998384204998536        104.34187700801664        104.34356298609171     
  0.99999489039765144        104.34302983197722        104.34356298609171     
  0.99999838420019627        104.34339438778312        104.34356298609171     
  0.99999948903904823        104.34350967060546        104.34356298609171     
  0.99999983841994278        104.34354612625283        104.34356298609171     
  0.99999994890389465        104.34355765454202        104.34356298609171     
 comp:           3
   1.0000000000000000        174.86038870995165        174.86038870995165     
   1.0000000000000000        174.86038870995165        174.86038870995165     
   1.0000000000000000        174.86038870995165        174.86038870995165     
   1.0000000000000000        174.86038870995165        174.86038870995165     
   1.0000000000000000        174.86038870995165        174.86038870995165     
   1.0000000000000000        174.86038870995165        174.86038870995165     
   1.0000000000000000        174.86038870995165        174.86038870995165     
   1.0000000000000000        174.86038870995165        174.86038870995165     
   1.0000000000000000        174.86038870995165        174.86038870995165     
   1.0000000000000000        174.86038870995165        174.86038870995165     
 
 part:           4
 comp:           0
   1.0003053414725307        58.426927080654515        58.409092362383397     
   1.0000938614439445        58.414574724132017        58.409092362383397     
   1.0000295463069977        58.410818135357793        58.409092362383397     
   1.0000093338045701        58.409637541436631        58.409092362383397     
   1.0000029507764534        58.409264714557807        58.409092362383397     
   1.0000009330381878        58.409146860297085        58.409092362383397     
   1.0000002950447795        58.409109595681173        58.409092362383397     
   1.0000000933005753        58.409097811985319        58.409092362383397     
   1.0000000295041545        58.409094085694285        58.409092362383397     
   1.0000000093300256        58.409092907341723        58.409092362383397     
 comp:           1
   1.0107705771610895        14.327829689931455        14.175155088282695     
   1.0033387506158824        14.222482396063926        14.175155088282695     
   1.0010537236027330        14.190091783771619        14.175155088282695     
   1.0003331487282849        14.179877523173598        14.175155088282695     
   1.0001053485007811        14.176648419619587        14.175155088282695     
   1.0000333140229036        14.175627319723969        14.175155088282695     
   1.0000105348136354        14.175304420899804        14.175155088282695     
   1.0000033314001890        14.175202311397035        14.175155088282695     
   1.0000010534811867        14.175170021541900        14.175155088282695     
   1.0000003331400174        14.175159810594106        14.175155088282695     
 comp:           2
  0.99802961116355482        23.954256467876874        24.001548851791839     
  0.99938920293287770        23.986888776146770        24.001548851791839     
  0.99980722990119564        23.996922070848221        24.001548851791839     
  0.99993905317001397        24.000086033474567        24.001548851791839     
  0.99998072735501808        24.001086278461802        24.001548851791839     
  0.99999390547248812        24.001402573692033        24.001548851791839     
  0.99999807274216868        24.001502594618849        24.001548851791839     
  0.99999939054763332        24.001534223991086        24.001548851791839     
  0.99999980727424909        24.001544226075314        24.001548851791839     
  0.99999993905476359        24.001547389011769        24.001548851791839     
 comp:           3
   1.0000000000000000        51.328478465035516        51.328478465035516     
   1.0000000000000000        51.328478465035516        51.328478465035516     
   1.0000000000000000        51.328478465035516        51.328478465035516     
   1.0000000000000000        51.328478465035516        51.328478465035516     
   1.0000000000000000        51.328478465035516        51.328478465035516     
   1.0000000000000000        51.328478465035516        51.328478465035516     
   1.0000000000000000        51.328478465035516        51.328478465035516     
   1.0000000000000000        51.328478465035516        51.328478465035516     
   1.0000000000000000        51.328478465035516        51.328478465035516     
   1.0000000000000000        51.328478465035516        51.328478465035516     
 
 part:           5
 comp:           0
   1.0478402231580326        3.4856294355023336        3.3264894384347752     
   1.0045826881342603        3.3417337021130322        3.3264894384347752     
   1.0004563475844102        3.3280074738545706        3.3264894384347752     
   1.0000456156340483        3.3266411783596639        3.3264894384347752     
   1.0000045613722492        3.3265046117913872        3.3264894384347752     
   1.0000004561353131        3.3264909557640769        3.3264894384347752     
   1.0000000456135123        3.3264895901676423        3.3264894384347752     
   1.0000000045613513        3.3264894536080618        3.3264894384347752     
   1.0000000004561347        3.3264894399521023        3.3264894384347752     
   1.0000000000456133        3.3264894385865076        3.3264894384347752     
 comp:           1
  -1.4439532547013099       -0.0000000000000000     
 -0.44765487857875452       -0.0000000000000000     
 -0.14128626482127371       -0.0000000000000000     
  -4.4669982014779536E-002  -0.0000000000000000     
  -1.4125614919194521E-002  -0.0000000000000000     
  -4.4669029946835387E-003  -0.0000000000000000     
  -1.4125584809590590E-003  -0.0000000000000000     
  -4.4669020525472323E-004  -0.0000000000000000     
  -1.4125584315746763E-004  -0.0000000000000000     
  -4.4669022179434113E-005  -0.0000000000000000     
 comp:           2
  0.44727800786208294        0.0000000000000000     
  0.13866527995178482        0.0000000000000000     
   4.3764740210101946E-002   0.0000000000000000     
   1.3836944168208978E-002   0.0000000000000000     
   4.3755411612622971E-003   0.0000000000000000     
   1.3836649256270506E-003   0.0000000000000000     
   4.3755318345312414E-004   0.0000000000000000     
   1.3836646337915298E-004   0.0000000000000000     
   4.3755316815585028E-005   0.0000000000000000     
   1.3836646850245413E-005   0.0000000000000000     
 comp:           3
  0.94417517433342291        3.1407887454524439        3.3264894384347752     
  0.99465516386347119        3.3087098974764477        3.3264894384347752     
  0.99946778277423787        3.3247190234543242        3.3264894384347752     
  0.99994680083633225        3.3263124719787007        3.3264894384347752     
  0.99999468030911898        3.3264717425392436        3.3264894384347752     
  0.99999946803316631        3.3264876688527214        3.3264894384347752     
  0.99999994680333948        3.3264892614766457        3.3264894384347752     
  0.99999999468033440        3.3264894207389637        3.3264894384347752     
  0.99999999946803309        3.3264894366651929        3.3264894384347752     
  0.99999999994680333        3.3264894382578172        3.3264894384347752     
 
 part:           6
 comp:           0
   1.0008950540093828        272.06115621219641        271.81786454271560     
   1.0002766843249633        271.89307228507954        271.81786454271560     
   1.0000872478159482        271.84158005773264        271.81786454271560     
   1.0000275770879516        271.82536048787290        271.81786454271560     
   1.0000087196974217        271.82023471224824        271.81786454271560     
   1.0000027573276433        271.81861403362745        271.81786454271560     
   1.0000008719356466        271.81810155040108        271.81786454271560     
   1.0000002757294826        271.81793949091474        271.81786454271560     
   1.0000000871932391        271.81788824339566        271.81786454271560     
   1.0000000275729171        271.81787203752702        271.81786454271560     
 comp:           1
   1.0141246465004987        51.027712536923616        50.317002661367155     
   1.0043775818191418        50.537269457411270        50.317002661367155     
   1.0013814966384338        50.386515431399893        50.317002661367155     
   1.0004367699150576        50.338979614345519        50.317002661367155     
   1.0001381147963169        50.323952183941003        50.317002661367155     
   1.0000436755186719        50.319200282556409        50.317002661367155     
   1.0000138113959998        50.317697609416435        50.317002661367155     
   1.0000043675455268        50.317222423167053        50.317002661367155     
   1.0000013811390096        50.317072156142380        50.317002661367155     
   1.0000004367545146        50.317024637545231        50.317002661367155     
 comp:           2
   1.0016089210280452       -137.05037156804158       -136.83022254571569     
   1.0004986449353304       -136.89845224318825       -136.83022254571569     
   1.0001573645748707       -136.85175477551604       -136.83022254571569     
   1.0000497519212768       -136.83703011217605       -136.83022254571569     
   1.0000157324857701       -136.83237522524482       -136.83022254571569     
   1.0000049750243591       -136.83090327940590       -136.83022254571569     
   1.0000015732390506       -136.83043781236509       -136.83022254571569     
   1.0000004975017136       -136.83029061898588       -136.83022254571569     
   1.0000001573238377       -136.83024407237141       -136.83022254571569     
   1.0000000497501671       -136.83022935304211       -136.83022254571569     
 comp:           3
   1.0000000000000000       -229.41368949090196       -229.41368949090196     
   1.0000000000000000       -229.41368949090196       -229.41368949090196     
   1.0000000000000000       -229.41368949090196       -229.41368949090196     
   1.0000000000000000       -229.41368949090196       -229.41368949090196     
   1.0000000000000000       -229.41368949090196       -229.41368949090196     
   1.0000000000000000       -229.41368949090196       -229.41368949090196     
   1.0000000000000000       -229.41368949090196       -229.41368949090196     
   1.0000000000000000       -229.41368949090196       -229.41368949090196     
   1.0000000000000000       -229.41368949090196       -229.41368949090196     
   1.0000000000000000       -229.41368949090196       -229.41368949090196     
 
 part:           7
 comp:           0
  0.99860972228484601        9.3701781509313236        9.3832234373726138     
  0.99956818500732314        9.3791716208127198        9.3832234373726138     
  0.99986363532559497        9.3819438971637066        9.3832234373726138     
  0.99995687831241964        9.3828188169430504        9.3832234373726138     
  0.99998636321475998        9.3830954803697395        9.3832234373726138     
  0.99999568760077284        9.3831829731671146        9.3832234373726138     
  0.99999863629214580        9.3832106413971150        9.3832234373726138     
  0.99999956875694462        9.3832193909226689        9.3832234373726138     
  0.99999986362889692        9.3832221577720833        9.3832234373726138     
  0.99999995687566068        9.3832230327273027        9.3832234373726138     
 comp:           1
  0.98968875174779292       -2.3521092418482170       -2.3766151102499506     
  0.99680176488084626       -2.3690141363396378       -2.3766151102499506     
  0.99899044206750121       -2.3742157796129013       -2.3766151102499506     
  0.99968079672782273       -2.3758564869300529       -2.3766151102499506     
  0.99989905952986957       -2.3763752136034029       -2.3766151102499506     
  0.99996807973365276       -2.3765392480626266       -2.3766151102499506     
  0.99998990591255843       -2.3765911204892127       -2.3766151102499506     
  0.99999680796784407       -2.3766075240180964       -2.3766151102499506     
  0.99999899059067154       -2.3766127112724882       -2.3766151102499506     
  0.99999968079671053       -2.3766143516265896       -2.3766151102499506     
 comp:           2
  0.99910538331255527        8.4775197861981137        8.4851107078321562     
  0.99972251715427829        8.4827562351666828        8.4851107078321562     
  0.99991240950161753        8.4843674927564265        8.4851107078321562     
  0.99997230552819671        8.4848757171729101        8.4851107078321562     
  0.99999124227961456        8.4850363976051373        8.4851107078321562     
  0.99999723055810086        8.4850872088110432        8.4851107078321562     
  0.99999912422445381        8.4851032767796912        8.4851107078321562     
  0.99999972305533114        8.4851083579259807        8.4851107078321562     
  0.99999991242239472        8.4851099647264796        8.4851107078321562     
  0.99999997230552662        8.4851104728414839        8.4851107078321562     
 comp:           3
   1.0000000000000000        3.2248223159148317        3.2248223159148317     
   1.0000000000000000        3.2248223159148317        3.2248223159148317     
   1.0000000000000000        3.2248223159148317        3.2248223159148317     
   1.0000000000000000        3.2248223159148317        3.2248223159148317     
   1.0000000000000000        3.2248223159148317        3.2248223159148317     
   1.0000000000000000        3.2248223159148317        3.2248223159148317     
   1.0000000000000000        3.2248223159148317        3.2248223159148317     
   1.0000000000000000        3.2248223159148317        3.2248223159148317     
   1.0000000000000000        3.2248223159148317        3.2248223159148317     
   1.0000000000000000        3.2248223159148317        3.2248223159148317     
 
 part: i_fks+j_fks
 comp:           0
   1.0005192367041660        283.04987248722028        282.90297887686950     
   1.0000497555804353        282.91705487879040        282.90297887686950     
   1.0000049548605423        282.90438062167681        282.90297887686950     
   1.0000004952800179        282.90311899306192        282.90297887686950     
   1.0000000495259425        282.90299288790618        282.90297887686950     
   1.0000000049525737        282.90298027796734        282.90297887686950     
   1.0000000004952574        282.90297901697926        282.90297887686950     
   1.0000000000495257        282.90297889088049        282.90297887686950     
   1.0000000000049527        282.90297887827063        282.90297887686950     
   1.0000000000004956        282.90297887700973        282.90297887686950     
 comp:           1
  -1.4439532547013099        0.0000000000000000     
 -0.44765487857875452        0.0000000000000000     
 -0.14128626482127371        0.0000000000000000     
  -4.4669982014779536E-002   0.0000000000000000     
  -1.4125614919194521E-002   0.0000000000000000     
  -4.4669029946835387E-003   0.0000000000000000     
  -1.4125584809590590E-003   0.0000000000000000     
  -4.4669020525472323E-004   0.0000000000000000     
  -1.4125584315746763E-004   0.0000000000000000     
  -4.4669022179434113E-005   0.0000000000000000     
 comp:           2
  0.44727800786208294        0.0000000000000000     
  0.13866527995178482        0.0000000000000000     
   4.3764740210101946E-002   0.0000000000000000     
   1.3836944168208978E-002   0.0000000000000000     
   4.3755411612622971E-003   0.0000000000000000     
   1.3836649256270506E-003   0.0000000000000000     
   4.3755318345312414E-004   0.0000000000000000     
   1.3836646337915298E-004   0.0000000000000000     
   4.3755316815585028E-005   0.0000000000000000     
   1.3836646850245413E-005   0.0000000000000000     
 comp:           3
  0.99930030047585572        282.70503179717036        282.90297887686950     
  0.99993302367196379        282.88403107415382        282.90297887686950     
  0.99999333090941489        282.90109217127656        282.90297887686950     
  0.99999933337503466        282.90279028668101        282.90297887686950     
  0.99999993334034321        282.90296001865403        282.90297887686950     
  0.99999999333406275        282.90297699105599        282.90297887686950     
  0.99999999933340666        282.90297868828827        282.90297887686950     
  0.99999999993334054        282.90297885801135        282.90297887686950     
  0.99999999999333422        282.90297887498372        282.90297887686950     
  0.99999999999933376        282.90297887668100        282.90297887686950     
