 scale variations:
          -1           3           3
   5.6390674136322891        4.2377564814724469        7.8042530158926011        6.8124087056379103        5.1207037250702960        9.4255638038552245        4.3374280404638350        3.2584259283314694        6.0053111217607125     
 pdf variations:
 NNPDF31_nnlo_hessian_pdfas         103
   5.6390674136322891        5.6327637861501723        5.6423899006899774        5.6422667593577200        5.6651666105714256        5.6315478949492039        5.6120803807205499        5.6209758595531145        5.6055480897959340        5.6565627843360433        5.6198183723948016        5.6132993175265176        5.6553132312272627        5.6314700793050347        5.6493694229011586        5.6752579346617535        5.6621785962664184        5.6200412340569104        5.6376464366922221        5.6198643235102770        5.6464734762878184        5.6484265605714405        5.6569346077249802        5.6353662371625175        5.6729144633573947        5.6609303083836480        5.6479360668881515        5.6297334386928028        5.6227259319807166        5.6510992769558683        5.6666775335444814        5.6462716574527292        5.6377356151969042        5.6314685598483205        5.6360472554326870        5.6392909749748554        5.6485144093682287        5.6388259735744573        5.6405282079291279        5.6363181803949454        5.6419675299497802        5.6379913505095178        5.6438244782005551        5.6414058808617087        5.6558517692978532        5.6432037194288798        5.6413315279157663        5.6406253501087154        5.6333542380658299        5.6444963253754876        5.6450814811569527        5.6428867441683703        5.6315686317907989        5.6381549991110704        5.6363640974511924        5.6423240786429627        5.6418225504995574        5.6431934335769096        5.6383244462098272        5.6313444444729193        5.6395687135170842        5.6382524944750241        5.6389901134448452        5.6423087163823142        5.6442378411797280        5.6402282615549604        5.6357037520336375        5.6392378739553806        5.6453085825317766        5.6383133636379670        5.6418590439347049        5.6337650228373679        5.6338714555599454        5.6361736598876586        5.6396470014132518        5.6376162774919329        5.6379782005517090        5.6391727893456682        5.6392737997068947        5.6409639403939371        5.6419960355600391        5.6393588519311892        5.6407079011853813        5.6404288366062936        5.6415886554525274        5.6377870931223280        5.6384085091348988        5.6380434795979992        5.6391622018116268        5.6393064492953666        5.6390240396214368        5.6392674484826122        5.6402549539227076        5.6380652794345067        5.6379336199959358        5.6394968776940813        5.6401457377295161        5.6386577238447213        5.6390061989145703        5.6402422946540529        5.6382275872533016        5.2143488896712435        6.0842262205929414     
 NNPDF31_nnlo_as_0108                                                                                           1
   5.3560194216971393     
 NNPDF31_nnlo_as_0110                                                                                           1
   5.4575619343656321     
 NNPDF31_nnlo_as_0112                                                                                           1
   5.5632374045047914     
 NNPDF31_nnlo_as_0114                                                                                           1
   5.6986501453428620     
 NNPDF31_nnlo_as_0117                                                                                           1
   5.8992749299739078     
 NNPDF31_nnlo_as_0119                                                                                           1
   6.0228479536134580     
 NNPDF31_nnlo_as_0122                                                                                           1
   6.1959171437577512     
 NNPDF31_nnlo_as_0124                                                                                           1
   6.3227496874449329     
 NNPDF31_nlo_hessian_pdfas         103
   5.6885273268280203        5.6889972376255908        5.6955162443180241        5.6862017233886277        5.7217583124005920        5.7016487202489152        5.6708167083211389        5.7096027836137173        5.6951532041197677        5.7097933777176335        5.6554151680067202        5.6757899762117461        5.7083338182885415        5.7028274382143929        5.6969031055396071        5.6689268544918781        5.7237543051832169        5.6817538968706973        5.7119076022083108        5.6827021902354273        5.6701498161502997        5.6950773506157288        5.6829012502940701        5.6512683611972729        5.7056857026032901        5.6864822068568275        5.7056104044804705        5.6811227817324657        5.6662405114272492        5.7028880540293825        5.7156765504022138        5.6874455269617430        5.7000701779719920        5.6823474116190980        5.6999491764590005        5.6922400727669276        5.6824963646861750        5.6859730218556743        5.6917635557574133        5.6790329634209353        5.6822943423415895        5.6898575614280338        5.6793205898731340        5.6941667777953153        5.6923149134505460        5.7005076465539890        5.6874487294427443        5.6862236426685424        5.6886468164587143        5.6754030554518682        5.6910330209879509        5.6965928857888901        5.6815862278718017        5.6852419232361839        5.6821854584858453        5.6858754693631886        5.6898254648722961        5.6899049838189368        5.6867042984845737        5.6860148572068434        5.6937994768359275        5.6925541838047149        5.6912873639291481        5.6864757557171508        5.6887255681032274        5.6946460254761320        5.6843499180426313        5.6871413137934255        5.6871167803586218        5.6839493816509794        5.6902213434594442        5.6869289072451732        5.6816879161901888        5.6890237831690440        5.6908677622278319        5.6946464799190935        5.6887201401164740        5.6890720694407175        5.6892634834339431        5.6907341599872101        5.6853376509903724        5.6884958304094839        5.6870957714141115        5.6892837374360878        5.6859852288568735        5.6900273348303507        5.6879775264800463        5.6905998622631015        5.6873741468408125        5.6874624290913260        5.6888535180177602        5.6892187355385531        5.6879173362956257        5.6876595856198264        5.6869845831643149        5.6886901314201888        5.6869226878600889        5.6888194328135535        5.6887200672514657        5.6874727313799900        5.6891922940561193        5.5673004932677790        5.8145740446840843     
 CT14nnlo          57
   5.8069339580565824        5.7484940666608129        5.7763038180300672        5.8014450169245730        5.8215869508676734        5.7451511511230837        5.7837198397159133        5.7565706105388150        5.7538630484507056        5.9032516652306422        5.7392943873361659        5.8097374706003322        5.7729755152668512        5.7462061899783725        5.8203272601571117        5.8432015863548736        5.6835831541728554        5.7844987860051722        5.8275557124872188        5.8984585230879452        5.7283125655890901        5.8377506094333826        5.7874638933686722        5.7746671167658921        5.8408662699102578        5.8189635668210471        5.7960982287327809        5.7868488847557984        5.8326681773200653        5.7520181288668333        5.8386614130027050        5.7895353103903089        5.8286422870807071        5.9241231722078984        5.6913703181637416        5.8289116830791210        5.7890920397029779        5.7703069482286962        5.8444870917449068        5.9558656841120010        5.6835658486209555        5.8856029042576905        5.7735909491692130        5.8646473032769828        5.6863528890923893        5.9249606158995887        5.7357748145242908        5.9130564683085343        5.7538177452946719        5.7674052134318767        5.8908789460357829        5.7670987532849862        5.8727988294643474        5.8670592935288273        5.9136059342908425        5.7366315098776459        5.9112542767114586     
 CT14nnlo_as_0116                                                                                               1
   5.6242489992350952     
 CT14nnlo_as_0120                                                                                               1
   5.9901953014571170     
 CT14nlo          57
   5.4113422357554191        5.4534189137603111        5.3443920710405752        5.4442189392144016        5.3886653917444125        5.4837978317460534        5.3753118816326415        5.5274506194469319        5.3552385707446515        5.3740485307178112        5.4052429335223984        5.4467891852091928        5.3960641332597339        5.2853121589577068        5.4638207498725269        5.5445850638527903        5.2848916844588176        5.4329256864964872        5.3901717670000373        5.4603581770912024        5.3558078717357533        5.4323004010783427        5.3668973087753979        5.4737908610552344        5.3410811885946750        5.4949911725706482        5.3412117097735701        5.3751311572163747        5.4545470102120017        5.3711469083762111        5.4250093671980606        5.4041652415217571        5.4199248601829604        5.3622722391321771        5.5177676073588859        5.4653739368443501        5.3616130566014375        5.4237078031190107        5.3745434853641694        5.3850918467588267        5.4133287125571545        5.3874208204472618        5.4418083803060329        5.4457366497756787        5.3982750530437986        5.3573925504631674        5.4103535795139974        5.3278197954007611        5.3957373972922742        5.3377420748692073        5.3994627647467981        5.3799771715922153        5.3680315160016425        5.2890088315722856        5.4273449470102886        5.3429955705503840        5.4965464056995561     
 CT14nlo_as_0116                                                                                                1
   5.2576851474956499     
 CT14nlo_as_0120                                                                                                1
   5.5641405678243450     
 CT14lo                                                                                                         1
   4.2018650883519717     
 MMHT2014nlo68clas118          51
   5.5581616258486548        5.5663906796295475        5.5493230018393342        5.5386696877819928        5.5712521037891056        5.5738731593625701        5.5435643609377356        5.5364866225829665        5.5823190810709979        5.5680869302207103        5.5481776561312790        5.5683671942902100        5.5358407774621075        5.5510007970186876        5.5709750466773551        5.5435399751390966        5.5663369446317263        5.5530631357343392        5.5646169728587402        5.5866215668506625        5.5335445513240629        5.5456760708070885        5.5751378325489478        5.5400548881233300        5.5712259299284579        5.5293419662062062        5.5768715678071885        5.5799503060886000        5.5551603290094320        5.5594837923915694        5.5567410824132608        5.5458404577240978        5.5705759105928117        5.5661266744053917        5.5504130986725535        5.5557093370088513        5.5737353843141788        5.5583273244738063        5.5651886844787395        5.5536929308876024        5.5627901425515471        5.4604872953458798        5.6263788060767803        5.6404730254759263        5.4937760309713042        5.5384532951053460        5.6042790336079626        5.5911406317768000        5.4769766222781939        5.5806796899847502        5.5458237286631213     
 MMHT2014nnlo68cl          51
   5.9223781475667439        5.9238973100336825        5.9203597979445624        5.9509074758820155        5.8939496737984607        5.9016968563867218        5.9306535457243363        5.9003778736542083        5.9443059016032036        5.9255263683464330        5.9193219324469037        5.8868418725202663        5.9376952706653112        5.9219304638658512        5.9228715486318642        5.9086745798383626        5.9371638354935943        5.9504117538050041        5.9064406177233248        5.9097062120661423        5.9393639041169077        5.9386505119137993        5.9109676415984778        5.9758178413702829        5.8700822617531756        5.9368959198975100        5.8865271031175110        5.9518588933008889        5.9094914804595735        5.9157616631156662        5.9376070809520254        5.9192177162364255        5.9310990513731570        5.9202722320166021        5.9304969943395891        5.9358299984864411        5.9192502486706937        5.9173111562538194        5.9372849742200051        5.9171135597981515        5.9258859676269688        5.9549626890767842        5.8289671056764600        5.9320877071797229        5.8676840063137687        5.8218041078734357        5.9783710376839352        5.9718798232393526        5.8994688149842771        5.9070312784644097        5.9175138063012396     
 MMHT2014lo68cl                                                                                                 1
   5.1301258402743892     
 ABMP16als118_5_nnlo          30
   5.9850595975249670        5.9838105073956420        5.9872390660650829        5.9804945979846664        5.9850743478730024        5.9823913411408434        5.9681909339464649        5.9944564332399803        5.9946194992224724        5.9942911582085987        5.9849735403132982        5.9874056990385460        5.9671889230624728        5.9808567205831213        5.9922446439826622        5.9890141077987815        5.9792735297355968        5.9042458049229234        6.0182305213964220        5.9827063373437150        5.9881073533043425        5.9747545395836994        5.9776889994264879        5.9905114675493198        5.9717826694839591        5.9862730726267923        6.0034277517163126        6.0014063072029842        5.9774644892357927        5.9570134471899472     
 PDF4LHC15_nlo_100_pdfas         103
   5.6456667417311905        5.6219903091087229        5.6828048093402010        5.6758398660079141        5.6110492210441176        5.6474263489091188        5.6702097644653096        5.5916248967170628        5.5406078215225802        5.7030789991000388        5.7966257791775577        5.5990835745795380        5.5995529150472887        5.6188843419931613        5.5344344075776375        5.6701805280383706        5.6011105425025276        5.6278211033407892        5.6796063939346135        5.6111157683905608        5.6519175543327664        5.6769594973890793        5.6913112295376269        5.6302578417051174        5.6449992774835769        5.6887480390834186        5.6632279161220564        5.6317496106593996        5.6213520162368331        5.6483891939216635        5.6538241809600276        5.6472648688946014        5.6509754350591912        5.6408061819603086        5.6644085354559186        5.6428456992061093        5.6486176898055156        5.6520519990762530        5.6536401325507519        5.6606340637315640        5.6527332868817215        5.6528939048835030        5.6486424274215352        5.6413382048919019        5.6541221450849442        5.6498807590293438        5.6394811530567619        5.6394310286243163        5.6514331061002334        5.6475884545079102        5.6310716917688435        5.6478767891138979        5.6331715125643882        5.6345759887804876        5.6422353619697780        5.6448150005202793        5.6422253107947062        5.6519424127462887        5.6465493088983658        5.6485217857425400        5.6421087418716951        5.6541272988475821        5.6514131251870410        5.6448141271881429        5.6430183390680329        5.6496882565506672        5.6553654007288570        5.6460156720959169        5.6485638526607751        5.6470758778626005        5.6418655663464312        5.6388399637828908        5.6425955911582975        5.6478613012236121        5.6336967221544834        5.6422802469467257        5.6486482813720338        5.6398706886480134        5.6414832088719180        5.6452704490258530        5.6451392110500027        5.6494045943591944        5.6497742539634617        5.6399798624175164        5.6523762240327677        5.6448746984850100        5.6491480158886258        5.6491568875760603        5.6511118728035177        5.6434993849721016        5.6487631757109869        5.6401334154962566        5.6445000620005832        5.6484119937810000        5.6413166870144194        5.6409914578222544        5.6499583748099562        5.6463082386660997        5.6449936955566988        5.6443033177221302        5.6450349489939802        5.5481873336796532        5.7402769351631253     
 PDF4LHC15_nnlo_100_pdfas         103
   6.0180399204382509        5.9733191218497765        6.0703367603983525        5.9354659686279607        6.0041229371690408        6.0522889760823517        6.0165517336197754        6.0474038903880523        6.0155847444213810        5.9988237309919832        5.9361079703054287        6.1615491633285444        6.0466793771408005        5.9409145414845552        6.0172783758147679        6.0947088385896819        6.1068232306144328        5.9696420712545279        6.0085916809585376        6.0134365644976375        6.0480694916547799        6.0248335162667352        5.9749023263885697        6.0218972065027598        5.9667561199568020        6.0093137231372884        6.0010656743478572        6.0201316000300231        6.0407314216713726        6.0100833795238460        5.9940521717957465        6.0262723467403374        5.9915321492019835        6.0170079929928111        6.0219407967881251        6.0352287309098163        6.0244391307081457        6.0137742962686858        6.0196925674730002        6.0116486997542236        6.0176226194627604        6.0350262174279949        6.0258434681461592        6.0040241931667380        6.0061966392284312        6.0338353782309522        6.0220276043735712        6.0251642398693770        6.0260976482495394        6.0248825654855809        6.0216886214675247        6.0161566358061842        6.0236413506450983        6.0081997584571250        6.0169010786496804        6.0181935980715897        6.0110563608259699        6.0243065237238946        6.0046888173291153        6.0173351054676516        6.0149681445642518        6.0192960668861222        6.0179974246258503        6.0104720175301942        6.0259711624063783        6.0119007797163997        6.0160440940330489        6.0168873902760600        6.0173424384311529        6.0199861200321623        6.0179315575581560        6.0153523568471980        6.0152567744916379        6.0198202099439193        6.0202554828595884        6.0201592517851061        6.0168872323914373        6.0179506364978943        6.0126016711353287        6.0174290995748549        6.0225599739858637        6.0199715637999489        6.0190968967497440        6.0193944132565589        6.0149418816656040        6.0137434763296103        6.0208693364089383        6.0118498840694397        6.0144816507011489        6.0139561840720637        6.0175998141405049        6.0126621160890164        6.0142373527121125        6.0189559916150746        6.0138650883819729        6.0153916973650770        6.0220489479986865        6.0188658337641012        6.0139252286612441        6.0215900099338890        6.0209822156709514        5.9035345620055928        6.1062378782533937     
 PDF4LHC15_nlo_30_pdfas          33
   5.6457025976005371        5.7055656345043495        5.5350204727341765        5.6427927473969390        5.4960353007819096        5.7172433980163353        5.6252330946266085        5.6516439594631782        5.6747858375372555        5.6449750545214323        5.6841040485878800        5.6059051846050298        5.6621730076244203        5.6613925034905543        5.5318274946428421        5.6352564979540523        5.6044735407862278        5.6755338476099109        5.6641760896864692        5.6604642161400056        5.6564371902223041        5.6374977259758188        5.6414063196955100        5.6447277543271932        5.6230362457798009        5.6532942035985689        5.6708441005158123        5.6693910414828572        5.6958273114269211        5.6551623218196072        5.6447713458733979        5.5481873336796532        5.7402769351631253     
 PDF4LHC15_nnlo_30_pdfas          33
   6.0181314644377704        5.9162992573815485        6.1693137784918388        5.9951879341530621        6.1147665854186926        5.9538816363446196        6.0148350889022453        5.9885393624643912        5.9733153221649031        5.9712713029438218        6.0288893222256004        6.0580889377149374        6.0481348144135936        6.0506689035360210        6.0199064055100937        6.0128338252908069        5.9929154778901168        6.0494094622021892        6.0109637562880840        5.9895198001644783        6.0597695391784088        6.0340063332809830        6.1041656892417411        6.0267318916608614        6.0704928613421441        6.0253703403567762        6.0336827738573877        6.0251634181989759        6.0680067403700688        6.0279846870040856        6.0192444672480141        5.9035345620055928        6.1062378782533937     
 HERAPDF20_NLO_EIG          29
   5.7631123246452232        5.7637329195475377        5.7625004027286684        5.7687054619711740        5.7575163114630614        5.7741614544435267        5.7520879396844418        5.7767048024407730        5.7494661430420884        5.7878754654982352        5.7387374278759848        5.7448914114793155        5.7827417398261520        5.7442077620092817        5.7821581214297160        5.7586785352763687        5.7605701245426095        5.7717718722450142        5.7552818078369290        5.7672034608578784        5.7577298311936049        5.7826704903604291        5.7383328006136960        5.7542358958403090        5.7481762720056420        5.7578489786559048        5.7754554390693693        5.7996932834958459        5.7320431349438667     
 HERAPDF20_NLO_VAR          14
   5.7631123246452232        5.8543840224121304        5.6476219515747061        5.8909720479634089        5.7277553170828241        5.7700886952399841        5.7626658574462866        5.9136784627372618        5.6229973630270349        5.7431203546375880        5.7823818962717617        5.7400572722623719        5.7957373631137337        5.6114409737718631     
 HERAPDF20_NNLO_EIG          29
   6.0391127362873300        6.0427311069734984        6.0349522897188210        6.0366584657385518        6.0410239127737837        6.0491291950294102        6.0285603955539164        6.0541779269120513        6.0232849900169043        6.0406911531808971        6.0371415663231636        6.0681642725484641        6.0101177260952774        6.0211068445960390        6.0564153080203083        6.0307270077286361        6.0396749591406218        6.0481018707713519        6.0287547530707295        6.0428299736500870        6.0359096336690472        6.0166114803886668        6.0538801267860043        6.0403538798646670        6.0365592822621306        6.0198379749456192        6.0445977553895425        6.0525365136884792        6.0328124495510345     
 HERAPDF20_NNLO_VAR          14
   6.0391127362873300        6.1496074647600212        5.9011924869830965        6.1858659764800130        5.9934842374252240        6.0237784629549198        6.0114355050031163        6.1887718267705409        5.9050164790064832        6.0259238278594598        6.0351012438115923        6.0422634781790991        6.0821498208328482        6.0243552698424105     
 CT14qed_inc_proton          31
   5.3719662398706056        5.3706579698656061        5.3693666536737892        5.3680763043506472        5.3667753004665499        5.3654897958037227        5.3641988939929384        5.3629085658779356        5.3616068544225195        5.3603166456817997        5.3590288144401983        5.3577479789032960        5.3564331848795099        5.3551431650782746        5.3538533730315656        5.3525521978168094        5.3512604302985887        5.3499764781676094        5.3486828677112266        5.3473879233424375        5.3460986219390429        5.3448151271811914        5.3435298615351901        5.3422249273965816        5.3409333811179396        5.3396437259942298        5.3383679844809127        5.3370484358482964        5.3357661888909114        5.3344847043676147        5.3331761115702427     
 LUXqed17_plus_PDF4LHC15_nnlo_100         108
   5.9732792716136967        5.9252552101720504        6.0255529817793718        5.8899219361087649        5.9581472852134443        6.0065180221080547        5.9736614605910008        6.0056887701014796        5.9712367263830410        5.9538070790020923        5.8902168676738711        6.1196107340151160        6.0031964936128226        5.8966299849929618        5.9732505216923233        6.0466958082695959        6.0650218689340161        5.9235041077306541        5.9631862803658144        5.9707779183440648        6.0050159481576646        5.9793450718265282        5.9295246034231326        5.9781863748934674        5.9211061395885638        5.9627042021927164        5.9543688587126065        5.9777458047690430        5.9966629520135681        5.9639688256835921        5.9482979537397043        5.9836572723288661        5.9457759836792583        5.9711028948365250        5.9773207297032522        5.9895585095957236        5.9798609284140145        5.9687025664081235        5.9745112266656282        5.9658964509273416        5.9729055924807248        5.9901600412318841        5.9811076803644880        5.9603020442123098        5.9611908152198971        5.9890943694754046        5.9778464886936460        5.9804103618609750        5.9817513497239281        5.9800826245900289        5.9770321313225052        5.9710847736500154        5.9788024338837582        5.9631788026084269        5.9724511093403931        5.9737620811443968        5.9655026517701053        5.9797669363967234        5.9604942349871237        5.9729043521439333        5.9705359015599537        5.9746077051031365        5.9731884852597998        5.9651661286419539        5.9817537236709786        5.9669361066752895        5.9709965629442614        5.9717956156073342        5.9725319702471102        5.9747524875417222        5.9730693046864793        5.9706667110017326        5.9701557377212477        5.9749953042775097        5.9754160217225749        5.9755696655500321        5.9725004004299960        5.9732226122454977        5.9679218050893947        5.9726496167786980        5.9775118130967817        5.9756175232102482        5.9744883748935811        5.9747487785715894        5.9700452814890550        5.9690419877086249        5.9765512851147360        5.9669096299916093        5.9694693018599949        5.9689576637223114        5.9726106335212767        5.9675512329853939        5.9691365490179376        5.9742218761683414        5.9686267051508821        5.9706176857189837        5.9774923514043694        5.9741261830571135        5.9690078503298150        5.9769977176867517        5.9763410666172598        5.9732434409772690        5.9730536222657928        5.9733145995294805        5.9733211525117973        5.9733834171076614        5.9732942220056495        5.9731294929752172     
 NNPDF30_nlo_nf_5_pdfas         103
   5.9691372193615413        5.6319631823080343        6.0429311492167441        6.2292458623785993        5.9873406763121180        5.3840796074038533        5.8697145321346618        5.9930279729543541        6.0807889253319054        6.0418512876174200        5.6256282958879478        5.5405888806749752        6.0695404880386548        6.0600247222824075        5.8391677298778397        6.0556787676703880        5.9916529529187077        5.8763154088699832        5.8672849379533307        6.1146299372175781        6.2524719316263235        6.1442547931333280        5.9120501328409674        6.2967637041418207        5.9940808519644113        6.0588713507913852        5.8671411837688519        6.0099608201861372        5.8825059152258641        6.0364428926196103        6.2047806835925199        6.0888972093961042        5.5819439492163587        5.9634843886048232        5.9219655603943187        6.2300797500139051        6.0325251000347002        6.0893559753831807        5.7942983658916676        5.9694316317580149        6.0242025647621533        6.1272228573803540        6.0334085111039002        5.9641693083477119        5.9506969137066941        5.9407767219972474        6.0820198801802050        5.8959614572843417        5.8913450481671550        5.9994153799130761        6.0330047674601879        5.9868220389505904        5.8237899984094623        5.7531007837483452        5.9799998118669571        5.8960061020666945        5.8808183154277280        6.2373358920117017        5.9108592358925973        6.1898878917907192        6.0424941183732983        6.0005098692271561        6.0609694328832093        5.8645925412375375        5.8992816796310095        6.0281109868660554        5.9867248079284234        6.1685366780249815        5.9668110913631836        5.7689542946458152        5.8566988546176511        5.9408556410349158        5.7829371460989236        5.3982227235369136        5.9176274219325133        6.0725593634328936        5.6820044933907239        5.8467057754957281        6.1477774438730615        5.8282652213114590        6.0311665785527957        6.0359770232077770        5.9524631056761006        6.1201747799526585        6.0254555123582421        5.9376159124462671        5.9495486862799938        5.9307886806730927        6.0547050341298645        6.1007403107344267        5.9612117242013305        6.0759236920932214        5.8728332655113151        6.0130827326872387        6.0058238189397253        5.9242355861245732        5.9847262441322222        6.0926522199747568        6.0935460936682073        6.1677720714238671        6.1438314751752090        5.9155152003858680        6.0268433301683544     
 NNPDF30_nnlo_nf_5_pdfas                                                                                        1
   6.3142474829999200     
 NNPDF31_lo_as_0118                                                                                             1
   5.1732350139564129     
 NNPDF31_lo_as_0130                                                                                             1
   5.6521723229067593     
 NNPDF30_lo_as_0118                                                                                             1
   5.1139870273349599     
 NNPDF30_lo_as_0130                                                                                             1
   5.5415051257014527     
