   0.0000000000000000        0.0000000000000000        0.0000000000000000        0.0000000000000000        0.0000000000000000        0.0000000000000000        0.0000000000000000        0.0000000000000000        0.0000000000000000        0.0000000000000000        0.0000000000000000        0.0000000000000000        0.0000000000000000     
   3.1579071233671832E-002  0.17007689549650512       0.11095851973267311        2.2215034791361072E-002   3.3005813317867755E-002   3.2259331545629738E-002   3.9078467603804956E-002   4.3451318424660844E-002  0.28322758288330296       0.20613069851318044       0.14698111591307594        1.1572178322249847E-002   2.8003105852338755E-002
   1.8290341502446499        1.7962085586668062        1.6273168798820439        1.9465807035609581        1.8940251854856487        2.1007481460447077        1.9984083538822257        1.7685020689163031        2.6350735208109528        2.0071569905231308        1.6075021458467609        1.7609623100274332        1.6133749532522323     
   6.3249080249246512E-002  0.30681957703471707       0.18691536272853992        4.4677200851944411E-002   6.4220270521770748E-002   6.1505935472976211E-002   6.6462595932601079E-002   8.5742694227780386E-002  0.37676018598108496       0.25077149729176496       0.20579125365732437        2.2123356211813425E-002   5.6512341318741180E-002
   1.7063925499322530        1.6687427518422533        1.7280592434406241        1.7382773278571026        1.9794801373256394        1.6043418649065819        2.3004839140174553        1.7701161434971058        2.3026273006894167        1.6689691376598612        1.7987529859212756        1.8786086609922121        1.8420146237717281     
   9.3025917061930669E-002  0.40108271365496534       0.26454669577065770        6.8673459890582447E-002   9.3734915318004472E-002   9.3488180475359492E-002   9.0901514242567594E-002  0.11816521517089047       0.42536499149911922       0.27783944014779732       0.23975380457208920        3.3139602886882571E-002   8.6787313843273498E-002
   1.5737729441242021        2.1129027007430885        1.7686763345041636        1.6789187316458278        1.6718969593070201        1.9523523460289838        2.1331549422621947        1.8300459023892588        1.8023506196979762        1.6141004365203979        2.1137144657655362        2.2716545897962424        1.6828193493206001     
  0.12289636550600275       0.49305020095624347       0.33581534169687521        9.1316267802593776E-002  0.12903864659798406       0.12704692604055290       0.11489773927385627       0.14912785065302694       0.46523028202356331       0.30117646003868936       0.26664326421690610        4.5168942949293793E-002  0.11864511242773101     
   1.9647633689372175        1.7579691650163141        1.6745413289649898        1.9198072820307368        1.8577407016988225        1.6859451420645015        1.5938805587162477        1.7345987017460633        1.8633732818297852        1.5726199135945500        1.5683961815472842        1.8479689442428735        1.9368949316854316     
  0.15429656891703439       0.57210583000753024       0.40303627175738588       0.11504373117347955       0.15644838261772331       0.15949460960395812       0.13557205211855033       0.18011572842370763       0.49809288881345420       0.32507001766988286       0.29048726811125480        5.7860298852901712E-002  0.15111365144836106     
   1.9796136006728793        1.7887920525433043        1.9975510853907972        1.7856123257952234        1.5816882365075629        1.9716628638348586        1.6491428819898066        1.7305954035842324        1.7524589554303831        1.8707124964617008        1.7003665231440841        1.6432334592218283        2.0110951217269935     
  0.18473614607740751       0.63159608613689000       0.47241582269915960       0.14118262575841742       0.18637627617407695       0.19101149904200351       0.15670568865278511       0.21140653561518180       0.52680344252009004       0.34688071577816720       0.31366756082073122        7.1977339906047835E-002  0.18547049963216844     
   1.6922132587564918        1.7750643568603268        1.6269821686778223        1.6417375311482851        1.8643125726391918        1.6112180012871868        1.9155851321641735        1.8651333010225382        1.5500778506511375        2.0913139278317976        1.5061085930100593        1.8939904096365623        1.9775113877603421     
  0.21539107475645178       0.68295340847815222       0.53076788730013269       0.16675501344423010       0.21688404279170892       0.21787521741838689       0.17706185857506179       0.24145476648218142       0.55607126436489185       0.36496679897780460       0.33785560453965569        8.7480408087107539E-002  0.22148492667934477     
   1.6658484924351238        1.8091999243070225        1.6607364554777699        1.6188818791325050        1.7252056136427774        1.6173253014612174        1.6805526736187686        1.7695240418267513        1.6921578229871714        1.7412693338375205        1.9030971120073723        1.7295747424332946        2.2405189255537579     
  0.24570100563494698       0.72727305518497753       0.58210883991601658       0.19289847318997905       0.24661680277822468       0.24974289695164148       0.19538187276556124       0.27230110238927990       0.58450774661678584       0.38131593920689566       0.36420642816818688       0.10439543617368927       0.25757612814889158     
   1.5706562905566126        1.9955415106189363        1.8522667404573192        1.8997443932521745        1.5501580519751583        1.8872492760076620        1.6497496804884617        1.9122570134419377        1.8660312212225796        1.6554298269077172        1.8354991665500759        1.4663351814227359        1.7492136910263469     
  0.27579058009327395       0.76587670580342848       0.63030379058463304       0.21899862233245970       0.27604903769765421       0.27981637001668813       0.21313246768516403       0.30140004423013267       0.60825425384423171       0.39739853950065313       0.39382709612956801       0.12371848083796681       0.29314385952395317     
   1.5814940840344707        1.5877520338895008        1.6052356468734079        1.7843936736601553        1.7489364365068065        1.6881360453104439        1.4872630960480508        1.6679838817863355        1.6345050995092050        1.6829719410873061        1.9272865458872948        1.6105420531330503        1.5323016640416445     
  0.30692327720285645       0.79911451554837498       0.67436560617161956       0.24804024473823727       0.30681152347905366       0.31395314398946700       0.23178305063193583       0.32887952668667508       0.63172853100588855       0.41370896663484874       0.42454783665597851       0.14527760132140827       0.32800871507006107     
   1.4592136413409680        1.7373533505481764        1.5915768310576863        1.7411729162038416        1.8834863822883217        1.8689181529054515        1.5722570138208796        1.7902395247283798        1.5748551062698861        1.7105939571922686        1.8728165350133130        1.5521654713733839        1.6499146217431373     
  0.33773061124131593       0.82763704378063319       0.71491480792494777       0.27737288116702458       0.33966855356064873       0.34810290262700538       0.25236493701400708       0.35680365780452244       0.65399211245335820       0.42791470464433673       0.45708615407103853       0.16614588803985861       0.35966495304249235     
   1.4808342106833703        1.8539168020720416        1.8095050293411259        1.7682641737549949        1.8479798511157868        1.7059016634770618        1.7101548430033569        1.6904970984451184        1.7040271112152305        1.5071327824956855        1.4835572424544399        1.7532076804398264        1.8902357533150456     
  0.36883256620862148       0.85230116595979588       0.75136006015812695       0.30549427823516184       0.37472540607915550       0.38225973205368757       0.27511889257011418       0.38724225710417548       0.67397400244043526       0.44295709827349916       0.49142792503844507       0.19058124073260133       0.38929141165216929     
   2.2540461286681457        1.8410424309683395        1.6983575932176687        1.6663657424503981        1.9549534578811434        1.8234609864370694        1.6673350817197621        1.4398468775797877        1.5742082816577161        1.6120700243030577        1.7724730493082823        1.9437529059532266        1.5831630580489686     
  0.39966740163837350       0.87341748403436725       0.78318342076668002       0.33406246453826682       0.40576126075238911       0.41403510170135432       0.29703862068482539       0.41831556327201658       0.69284147982744493       0.45840474909185863       0.52590513761134028       0.21962478226608750       0.41966672123685772     
   1.5335808678078986        1.8530467435761702        1.8596959843727190        1.7297379518472289        1.7692283925869476        1.7558498397934919        1.6430800315674092        1.8542148164872128        1.7400071698100397        2.1108232400453484        1.4512909532980074        1.7672624657670546        1.6519403406823181     
  0.43269730240616044       0.89127407572472828       0.81235681098279744       0.36576814923948375       0.43858430933315701       0.44596643304865291       0.32124416640946535       0.44620336452791060       0.71278306344037778       0.47225364147883281       0.56034713066947883       0.24492256961645470       0.44519085773262634     
   1.5988335306411374        1.4848544702838906        1.9348187730723434        1.5666880277326884        1.7423625685496493        1.8895537348862970        1.8849958283244690        1.6150884900849922        1.5348064397730794        1.6275548566493299        1.8212357813766817        1.4085827246811227        1.7334101770240451     
  0.46366963744593309       0.90651464458364062       0.83874430026894287       0.40259557654007549       0.46705008824512140       0.47600399233146695       0.34535037722964512       0.47455210471170434       0.73170329812745893       0.48703508751317642       0.59915978247700230       0.27589943951295010       0.47155032580709866     
   2.0314613693298820        1.5101133357678465        1.8089256370193898        1.6842201432757875        1.8091030084209032        1.4670946751109883        1.6670409262863846        1.4835939564809237        2.0515026697018253        1.7391874440002753        2.4406966299511375        1.7471466325595824        1.8626317456523434     
  0.49376349474202713       0.92048524354380312       0.86206292981770982       0.44108518276995057       0.49949041528272009       0.50725621531112119       0.37005258370943095       0.50239441245639449       0.74853223224795817       0.49969353601761179       0.63425278982601840       0.31006263324801098       0.50096413080990232     
   1.7319529066531973        1.4924576837347479        1.5633708365799952        1.7744097626568391        1.5333478442009603        1.6571009502883955        1.6357134779141904        1.4762643273232254        1.5152139417536845        1.7671743346851079        1.6705972000745630        1.7479105459377209        1.7873116655470198     
  0.52604331864357290       0.93232175695962216       0.88205067888431110       0.47743835065648460       0.53233873909992890       0.53886157688829295       0.39412467776910431       0.53127035098181752       0.76532218885886416       0.51556077503073039       0.67188612023987471       0.34661812942583325       0.52838754549495548     
   2.0681222452697483        1.6396352783411032        1.7577275905931753        1.5749305480112834        1.7746050739581116        1.6349033437433671        1.7357810747253510        1.8936839994333625        1.4616615097111809        1.9743735072681319        1.8347175505003210        1.8547490675040563        1.7377659162550472     
  0.55702335785390533       0.94300874112670674       0.89881290253662816       0.51550961211632107       0.56158744915677850       0.57158209958385975       0.41853988620281302       0.55974469900602797       0.78071717336758673       0.52827043558716180       0.70542166569602782       0.38565559233445301       0.55839864164752406     
   1.7244397378006115        1.5696740805481955        1.7289305354237552        1.6558609237550657        1.6631354405221832        2.0084640102269273        1.8743261654513712        1.5166059418381892        1.8295571558835559        1.6445335629885423        1.8085941934046619        1.8659744824815816        1.5515875733717901     
  0.58989258531237376       0.95220060396248363       0.91330905110016036       0.55105292116153548       0.59070810732300993       0.60321143545977474       0.44405055051238596       0.58759106697973096       0.79723694033801873       0.54138270647134346       0.73960724737893957       0.42128909793763286       0.59090464553253919     
   2.0634369512535073        1.6199611757861796        1.7131718785501808        1.7221646985552261        1.9755491118961901        1.8713828857701060        1.6953844850091120        1.8848550159413733        1.8297516101078646        2.0181915415185245        1.7592243518663364        2.0583566748300184        1.6262188575914642     
  0.62377747008378048       0.95968236470406243       0.92593652598103693       0.59047902711955047       0.62014899575586346       0.63505746525977003       0.47052535124383887       0.61807548261988488       0.81204562466979247       0.55456321003553100       0.76718135082531969       0.45965157056956196       0.62210125434625552     
   1.6784915616002181        1.8716697368038744        1.8331484998418734        1.7018602730161509        1.6770024060334916        1.5725219652297411        1.6653961352890094        1.9717814464641199        1.4951919413560375        1.5655686542455001        1.6525939820396700        1.7045547945342283        1.6434066081788670     
  0.65320582485531242       0.96604718883326812       0.93801959903743071       0.62970080627864744       0.64998353637253170       0.66977808529186955       0.49722808907993199       0.64941352690849596       0.82625110919686173       0.56883935550597275       0.79274642836528830       0.49486404109952054       0.65601122816766766     
   1.5261694261042740        1.4714337884849653        1.7706941226142336        1.8426598175397335        1.5476965382448147        1.8809898012966799        1.6244187418281668        2.0816065215661466        1.7658023218613621        1.7431034924693014        1.6725605000996548        1.5434183794647132        2.0006409751963314     
  0.68344852199914219       0.97117812152346383       0.94873079822565831       0.66633673763696399       0.68473792408847522       0.70221948676225288       0.52477802062282008       0.67860128592041424       0.83990213531776015       0.58482560693292795       0.81783426273784066       0.53076915135761693       0.68999168701156344     
   1.4686927601586932        1.5975697005842979        1.7454453734996418        1.5491199762347383        1.8110254704892685        2.0097034051380707        1.6694558987929264        1.7643217733982903        1.4421085849837607        1.9169243754683458        1.8236112580275712        1.8578260475834305        1.7711623027255829     
  0.71510569387049894       0.97625989703955596       0.95793185331979658       0.70304213765046875       0.71488322895922340       0.73546894180377853       0.55259113463762222       0.70693206837991363       0.85321281540131066       0.60036970677274215       0.84194198591377611       0.56876906705314489       0.72075103861894374     
   1.8621726675108701        1.7791440374051601        1.8324776564471978        1.5837993678518119        1.7632241731503189        1.9436949700148665        1.7393145703677331        1.7864797124137546        1.6739856697981879        1.4239605243697731        1.6052228920930953        1.6892718982180395        1.5269187064730882     
  0.74538256799187896       0.98047269042807450       0.96591007799265693       0.73665032358967208       0.74664532324893640       0.76643661860446322       0.58162491498602664       0.73946266299316443       0.86782522172503473       0.61646727895072040       0.86427968022030077       0.60557909076054672       0.75770138159996547     
   1.6680817557829837        1.5443422946406387        1.8167710217063433        1.8238938651660692        1.7490900524351942        1.7301055138126111        1.7246297043239796        1.8239754601292819        1.8494600506443331        1.6774393743122176        1.5884458129677514        1.7520845620030900        1.9082934833821976     
  0.77906886626787919       0.98459341014396518       0.97250349536738989       0.77098398674420787       0.77799965779207647       0.79560207049763665       0.61208768461222196       0.76839332135163374       0.88237572927437502       0.63422209990357936       0.88517149309933330       0.63947530223829130       0.78772158748302079     
   1.9346697227667466        1.8728290908211715        1.6278265634411224        1.7315613712281213        2.2301397110592980        1.7690800763118539        1.5329766390762474        2.0164515872431861        1.7160504160862209        1.9461356713678610        1.7064438319272788        1.7644543050750843        1.5542733233140869     
  0.81032925190382865       0.98767856291325984       0.97778151604708663       0.80486670221473888       0.81029488936960037       0.82776190374710756       0.64190151792867289       0.80239205573373407       0.89530979805854116       0.65258463601184125       0.90550870089662905       0.67413440431967142       0.82028987039244960     
   1.7934625747271078        1.7877948671690786        1.5373628482912869        1.4955150943840048        1.7674999918337770        1.7712817854909639        1.6723591542700660        1.8153705599307428        1.5906077084591581        1.7558220251916610        1.9586278605014642        2.0567483724125859        1.5720009552381802     
  0.83951303694243384       0.99075955876228228       0.98237109430104785       0.84035735786927435       0.84290226708065741       0.85771660574294439       0.67199921793812500       0.83180039344259671       0.90865469320479686       0.67458711363061807       0.92417611075004591       0.71393732134768850       0.85295901747084613     
   1.7605910085391261        1.6667222354869282        1.7768749701164970        1.8407394342849430        1.8229074177853237        1.7805698674407620        1.9092984792569421        1.6573196005319335        1.4268749445496098        1.8498427897065686        1.9001447198907782        1.9166712077827788        1.8195653335355755     
  0.87094140260639896       0.99338959939155680       0.98656609034742548       0.87210493712532711       0.87462731876803712       0.88749266410473115       0.70621140983509356       0.86389124237768655       0.92209873694585753       0.69878765132628162       0.94102780568221089       0.76180822746045318       0.88248736357843260     
   1.7264948350509903        1.9123748852912699        1.8248732159806180        2.2794414473861053        1.6873107317797820        1.6336991219662385        1.9695330821434878        1.8290407982976846        1.8958404762198837        1.6026744982799652        1.6940279473531834        1.7979507507011836        1.8299380594008698     
  0.89777528949691932       0.99529930435395197       0.99063968518935830       0.90586792855097786       0.90585030368356145       0.91642945589235703       0.74252405556531698       0.88812991143005526       0.93381058500995828       0.72046829571023097       0.95781270468097301       0.81791800104931633       0.91274775860407831     
   1.9527839258025244        1.8430358838398133        1.8361006311229318        2.1807989245746651        1.5332153754597877        1.7027030822085054        1.7906435680285300        1.5951062158663372        2.2025090637262230        1.8941604090912745        2.0866882667765778        1.7754276079517306        1.9024558651022845     
  0.92960081376013226       0.99686130903373116       0.99416692628396319       0.93757118260293781       0.93607951593890193       0.94491267920812272       0.78027792027822507       0.92334718155841444       0.94877379247985072       0.75288039524247441       0.97080275802752125       0.87891485686809645       0.94300876549633472     
   1.5513591274911667        1.9473093648064146        2.3505761805507204        1.9696187061754729        1.5578243353945349        1.5471866318545646        1.8737549301188290        1.7540681482882581        1.9388590226836970        1.9216834423250817        1.7987641580520042        1.6549683751848050        1.8098343203657885     
  0.96391031926650084       0.99829165011903498       0.99654085301975182       0.96815122384982977       0.96766453290635490       0.97341745852190309       0.88507566377488500       0.96093165104291234       0.96436546066672646       0.82967719583093780       0.98490296795081489       0.93837897086885225       0.97058485378588322     
   2.1681003585301073        2.2688833818309835        1.5960151843405510        1.9616367215230364        1.7507590468894829        1.7315169541228022        2.4807295740772162        2.0441658288900073        1.9677494857823463        2.0661647368894380        1.5742741422660091        1.6205398974838179        1.7794570071960056     
   1.0000000000000000        1.0000000000000000        1.0000000000000000        1.0000000000000000        1.0000000000000000        1.0000000000000000        1.0000000000000000        1.0000000000000000        1.0000000000000000        1.0000000000000000        1.0000000000000000        1.0000000000000000        1.0000000000000000     
   2.1331629390702940        2.1886196149849351        1.9562999812970761        1.6981993723545967        1.7838129572041026        1.6425426908748808        1.5453747160518629        1.7030318422091699        1.9922684261310684        1.6168796308782170        1.7074979981936553        1.6397941780324088        1.7689813044374234     
   9.1762727240330033        3.0219581572719454        5.9959714677247860        8.0498649399473408        3.9667173890181244        6.8512138472130664        5.4152423789449138        9.9465257886964604        9.4038634120448954       -5.0385835793729887        1.9547533884475097        2.1438779980532092        2.3915931449180463     
   10.829915244835043       -3.1561347826314057      -0.81793347395190263        9.7851076609359691        8.4249497510648794        9.1941463192470341        9.0532913331598408        15.197622338767886        7.2730298494633310        11.306809449130363        5.6396325381327603        7.0805497682627907        5.3842381683487837     
   5.0433588610167002       -1.8157003175718205        4.9847676425166147        7.0548282879069637       -2.5680261411110021        8.9805637764178154        3.4778214037205593        3.6699757379582580        2.8462959445305041        11.138434454120230        6.8235944966785604        8.2273145118031206        7.0807402853893402     
   13.657999481210167      -0.34207333640044268        2.1580569000492180        4.1965336187625866      -0.74530536349628673        3.7819074015341982        1.1576416350095919        2.6944786364610422        7.3146625110089527        9.0769430014846151        7.2667568860392597        13.223896018024703        8.4999412382016324     
 -0.80396863684468967        3.6355356440246163        2.7400019024063118       -5.6695753883734601E-002   8.0115307030006448        3.4763192642979082        8.9425813539385413        6.3718041768477764        7.7991897719669971        4.9757801680387050        4.9970555776028673        9.1200039052015267        6.8060281055672762     
   6.3395698474361195        7.4892836044553075        5.6730176040875469        4.1851421909229689        11.088900331838651        7.8864596030942993        3.5352498392121499        5.5500853035723194        1.8550674573237709        2.8074718617012522        8.9553734311265103        4.3842864900321086        6.8375819618200850     
   9.2667357216714183        4.3648443194102065        4.0851721824393197        6.7457329024356483        14.280755160010958        13.269025907580652        2.1374002909921797        5.9952043726205204        7.3793413694791496        3.2334186954581225        7.7553735677922608        4.9430176380997892        1.0371130976987448     
   4.5667054282192483        7.9344291120773658        10.984401412525427        11.172380909458990        9.0287848314742742        3.6665764071306555        9.7505935616475892        8.2727905380031768        15.031833699657717       -3.0219656578174963        10.135114869615704        4.3896174120516660        14.478808826072118     
   18.517735607275203     
           1           1           1           1           1           1           1           1           1           1           1           1           1
   30.655141260178080        6.4404093581035262        8.6344570356962844E-002   5.5614730502503757       0.58100780269051511        7.3128244984318981E-004
  0.58173784187595168       0.36793143130336481        8.5089236384973857E-002  0.48333276572982076        8.5055193205381116E-002   1.1342834177819942E-004
   5.0000000000000001E-003   5.4719390637454346     
