   0.0000000000000000        0.0000000000000000        0.0000000000000000        0.0000000000000000        0.0000000000000000        0.0000000000000000        0.0000000000000000        0.0000000000000000        0.0000000000000000        0.0000000000000000        0.0000000000000000        0.0000000000000000        0.0000000000000000     
   2.3867288242914227E-002  0.40987326245274475        4.8013777519259664E-002   3.0041279371787404E-002   1.5217193985294553E-002   3.1338477537472743E-002   2.4255305561401257E-002   3.2149173066610581E-002  0.46944505878016807       0.23386644111865770       0.16810303973358948        6.4775470425256443E-002   3.1176274423705377E-002
  0.90604780835649490        1.2195417060927465       0.90269380203249328       0.97678100209201701        1.0392901318361094       0.88093768077828949        1.0748227086554067       0.99110236339518443        1.1316690068658126        1.0313529982789131       0.95907265501496741        1.0345502134707252        1.0266358483454670     
   4.9806748685670005E-002  0.48166659158818531        9.4154736292842503E-002   6.1667279270458272E-002   3.1028642504301034E-002   6.8301307647723672E-002   4.9307558751837038E-002   6.1355459694554262E-002  0.56103416686924135       0.29842295513054978       0.22551656202768258       0.11583048082018595        5.9569574839874205E-002
  0.79066655783565831        1.0184475125811012       0.89836636611549736        1.0428579668731732       0.93635917412100822        1.1096252324569458        1.1149954568340690       0.82392197871697692        1.0172080189136197        1.0419341630412959       0.91018272252022725        1.0497233464617242       0.95933656179933768     
   7.6760787273502357E-002  0.54030973211976718       0.13238655285345574        9.4415637274031447E-002   4.7264768959030611E-002   9.6422919488790074E-002   7.6445204382979109E-002   9.0298335373605237E-002  0.64159310449518747       0.33192665262230242       0.25728343337147241       0.16028054353767685        8.8567684073726644E-002
  0.86743667266075175        1.0247127513511374       0.93998347368265367       0.95178211335381890       0.97449281089363871       0.92214912005159289       0.98581736973796030       0.83503445489750572        1.3772844944360125       0.80189314967964298       0.96670153216283772       0.93439190133908656       0.89239686791529838     
  0.10537632153378065       0.59043500966465423       0.17080429943905548       0.12750047900534567        6.4962080101244477E-002  0.12759243392039074       0.10484897933739203       0.12090157634628750       0.68069078663083615       0.36169327540469282       0.28417648276724505       0.20050568633889951       0.12023715694805941     
  0.91619966014189680       0.99469838780662767        1.0139456706727756       0.85214274006314272       0.91183472374385399       0.88706611352728715       0.87565523977553861       0.93421375255820960        1.0014791237770793       0.90696654495426121       0.84348880723686070       0.86983871191065620        1.1209422665873285     
  0.13644791965793793       0.60874100657174957       0.19998868133877698       0.15842259179774271        8.4308781743415079E-002  0.15755565632229379       0.13926450289743220       0.15190562259215409       0.70551168741062631       0.38957132271604661       0.30742233464707425       0.23802873736957361       0.15409734660507893     
  0.88701072312708651       0.81494568948539392       0.93936702278673634       0.82550060961007921       0.84117339678355729       0.91441293681392155        1.0163943739657919       0.99340315925813250       0.83687795870899850        1.0459088643563299       0.75977318274458205       0.94289275773027093        1.0122898174766464     
  0.16897960579028815       0.63574561890852566       0.22983272334187396       0.18841352570965458       0.10547553411785879       0.18957993820619806       0.17510399691415818       0.18250861174989741       0.72967722173732275       0.41231487218795804       0.33112426543670570       0.27405067075942585       0.18766437381847820     
  0.88178156652682194       0.94234162986535319        1.0125471220013784       0.84028653701604838        1.0297802264477565        1.0037054972316570        1.0185156243770819       0.89620809517072375       0.88163359878401881       0.91116122497469521        1.0349126482549573       0.86977096181539781       0.90197521032059669     
  0.20217145897464084       0.66156754977732357       0.25627675530061306       0.21922365686493755       0.12832504842962364       0.22163922634105238       0.21572830238130625       0.21245348002895967       0.75169086881427960       0.43165070474630729       0.35216481019651547       0.30904684402098270       0.22196951120906527     
   1.1071448592073689       0.88195965110760011       0.87270222496491312       0.83598319533568122       0.86804187847014547       0.94817297330758621       0.90426122567912592       0.85428240886400242       0.96264446620896615       0.82421280047900691       0.82415619701464360       0.80507519606400768        1.2301105093811924     
  0.23409718361739124       0.68473220455425543       0.28379860126847467       0.25020249391703642       0.15259913802293959       0.25302240437309925       0.25738177637035814       0.24343385575915993       0.77178835121556832       0.45064277334459713       0.37472137009079620       0.34389890850424765       0.25537540621657773     
   1.1631631656041612       0.88628948333095159       0.89834716583835261       0.89781189370266345       0.92823813489107565       0.95158643750237781       0.85078549000400316       0.91584319115247170       0.97032254191641121       0.85694167293534851       0.77976633839340903       0.99221659113088789       0.81675334872939653     
  0.26450786196488413       0.70538478533373739       0.31120712135638023       0.28275103224032516       0.17877657748133632       0.28570480549465938       0.30045519356756650       0.27463628436312765       0.78826596377335356       0.46937592669320155       0.39862807360888886       0.37515122230786518       0.28891365498940985     
  0.96279163128837975       0.96910540887122343       0.91278175954129981        1.1149451305908125       0.93940980565875287       0.87574535617517146       0.91835348083318225       0.89288617741464371       0.80000424576623808       0.99775563041090087       0.92958000200875301       0.93541845428796744       0.92123297648461433     
  0.29431466932655131       0.72402947111821037       0.33832291829628891       0.31374956046912950       0.20544630168583555       0.31684314662050433       0.34257834066589754       0.30538210694971762       0.80371561057176366       0.48803281932580428       0.42452379488564435       0.40237397704816458       0.32131653333175747     
  0.95336130612506698       0.87200057932587682       0.76801068812850204       0.95589154857427916       0.90048725499862969       0.83942183752281108       0.98684296230333868       0.92298646366855319       0.91699542571450232       0.85577149592455704       0.97151711231287052       0.94817712472084792       0.94116694134543044     
  0.32480794518824918       0.74080092719989699       0.36546937324754025       0.34734459192264139       0.23424708279458742       0.34617284275793447       0.38542268268321289       0.33615491461218816       0.81826228531045619       0.50594942882804994       0.45049049482005382       0.43188262781976211       0.35312296782012381     
   1.0075542203177823        1.0485048730797284       0.85936652751487452       0.94980061956754180       0.98801725517696914       0.85809800057363572       0.86520730025235026       0.89315778428183790       0.93694539306527713       0.89787684368293941       0.96592064895909124       0.88213807659286048       0.84489385509900727     
  0.35632885424690874       0.75651268984672138       0.39173626177825294       0.37922179467117967       0.26414925073535184       0.37421054090674821       0.43259104918248920       0.36718383734876869       0.83082225052968983       0.52349066100434150       0.47801629510216659       0.46135730420419019       0.38520824389740260     
  0.88488199016105551       0.83460538257972250        1.0486093459320007       0.86617466776876828       0.93027359490996187       0.87256107156123819       0.84863772236037771       0.86052295895332209       0.88070938753590033       0.92541163835547735       0.94351068342137800       0.83261780759394033       0.81686082635658475     
  0.38825452775770969       0.77106589102191236       0.41768964749206733       0.41310256484804458       0.29783366198179773       0.40189706393622593       0.48063799336172158       0.39847900100495925       0.84246888796611008       0.53826005966931878       0.50466154069626101       0.49036200248922651       0.41835300677493886     
  0.78793418524768388       0.88137786437896204        1.0032064390743780       0.90388565796457476       0.97100954418281726        1.0473851710789377       0.95556552497367897       0.98981708109199162       0.79060466510013205       0.86917148408279532       0.95021870521404417       0.95804904841038507       0.90613496592473541     
  0.42070306612067981       0.78535685773539410       0.44286423536783581       0.44530480386490767       0.33181712588662099       0.43219150592765798       0.52748798608979663       0.43022804692929706       0.85364277604643080       0.55390655335848749       0.53035672837197068       0.51886481036342058       0.44935933740988843     
  0.97905589664987402       0.77717116781210949       0.89176931901686818        1.0221194163583764       0.83772660903913210       0.88339558947052410       0.85836131769530044       0.87395408997107316       0.92321313165323815       0.87261612364354035       0.92169728610353607        1.1481125445681515       0.87035126140327235     
  0.45138102572809202       0.79947721806044969       0.46750387122462655       0.47664031312907845       0.36923200506590675       0.46308659562499976       0.57365990175508219       0.46206435623316849       0.86433946947475493       0.56845495139967894       0.55663045321465610       0.54705818788583116       0.47908065154117108     
  0.87793490873882607       0.83411377015029464       0.88303693457547994       0.85020134335455233       0.89215049691535808       0.89998211917259607       0.99480345524217006       0.84835031173995379       0.85519200404372731       0.91198786795520270        1.0068368980583473       0.90184431522479969       0.83940781386201102     
  0.48265221316823359       0.81257273078684711       0.49254626901215370       0.50721876683202805       0.40836948549548158       0.49426308179765843       0.61846838021193207       0.49603084678445231       0.87424641054031738       0.58395646550369518       0.58470299624124566       0.57534593041253856       0.50700428364756078     
   1.0500220170395211        1.0205985768357588       0.89413127171103246       0.90373709649025624       0.85009769463560658       0.96790802976247237       0.94871270107800998        1.1488030638066917       0.86069118049175053       0.92935791802239176       0.95148164623813647       0.92926810014462469       0.96279991148768995     
  0.51499312217247284       0.82547854742966920       0.51837436912838186       0.53691100155738547       0.44944365798228325       0.52695940320674028       0.65886631804446627       0.53092091630120464       0.88383213317801013       0.60011117923995994       0.61343669648143773       0.60179419814747137       0.53561538264594888     
  0.96697776141649339       0.91597767076818160       0.91698093141906656       0.91493002349873065       0.85166398595317239       0.97171871561949363       0.88244585367060968       0.95312628279518696       0.85824720291250689       0.98242864923869866       0.89374508211572223       0.97492191464553624       0.86818777041830342     
  0.54724601174660892       0.83801384122992228       0.54421718148457021       0.56777967779341276       0.49172612960817813       0.55741269968010221       0.69655940630239377       0.56526935554106739       0.89329998827790424       0.61658681663438286       0.63970775957285031       0.62904209488092544       0.56383613511040120     
  0.84461511409611412       0.81175007432757162        1.0736769452684409       0.88743920336440996       0.81872821731154666       0.78742106539015866       0.81703638355684993        1.0494900202261570       0.85067304584905479       0.86111407844038745       0.85559656339994528       0.85165744218371575       0.86482878960611265     
  0.57881186741633905       0.85007915517709520       0.57007819356358724       0.59914065263570571       0.53452807729623886       0.58863231006518213       0.73220883835941419       0.59897282053051504       0.90218396223917752       0.63237727644084463       0.66718641163982806       0.65490174192190209       0.59344343979332193     
  0.84439128931687790        1.0275189134945033        1.0416984439399570       0.87208630479439209        1.0385632450906517       0.95794382702255676       0.85027544091281471       0.87504926083285151       0.82680427105070098       0.95820450540050506       0.89577578629966603       0.90907149042492541       0.93416425133425618     
  0.60888963420143849       0.86171148859913826       0.59611987024094537       0.62977472864058770       0.57631609792773497       0.61853487254216710       0.76569992099390194       0.63092285545346316       0.91032356642247370       0.64784728097429434       0.69416164633702349       0.67964427976883612       0.62583071965050940     
  0.90745029057834037       0.77215436843738061        1.0691987380396375       0.93777492495266490       0.87297668855255328        1.0111073686309542       0.82925697941053467       0.92265433944617070       0.78760154995002973       0.85572227941230117       0.78396906858222792       0.86135332830538025       0.86693620615041467     
  0.64064468471449143       0.87307883726974111       0.62209173334170376       0.65990771730977971       0.61815534135574224       0.64923241538233023       0.79577794861654250       0.66292252155672526       0.91796848577280921       0.66332413145695091       0.72356473924834375       0.70489124610602194       0.65893690689278117     
  0.97639042063898740       0.91438040176044122       0.83918419174468939       0.89720771509469932       0.89214515237701209       0.81718875995273710       0.86408563501757230       0.88428690255007780       0.86156034466520570       0.93506186085214349       0.88654962559482209       0.87194019464959949       0.98027293458956954     
  0.67432163612580154       0.88402426169086723       0.64979513336646599       0.68958843442465123       0.65830834644704539       0.68050503797259410       0.82227199413085938       0.69669298494711651       0.92527692043710685       0.68021276245223428       0.75393821175121389       0.73020100314108194       0.69157548468423025     
  0.96197761894479339       0.88657204785527255       0.92409040317718738       0.90174758235202035       0.97825335247728507       0.88855480689399646       0.89180351198658048       0.85152260345913489       0.91046425433350775       0.98961829197543072       0.88112013811898038       0.88259754866229412       0.88259276211041238     
  0.70609282197612011       0.89467881602080257       0.67795143075042141       0.71990577883346085       0.69789996332790860       0.71109349785099185       0.84602954770280192       0.72573637216047715       0.93248240221796896       0.69715502032322074       0.78329974492193433       0.75650115742712642       0.72320603123774085     
  0.91626623959383102       0.96840564349159253       0.78210946219514443        1.0507272856585872       0.87562443630873599       0.93844642343295814       0.75775217463571587        1.1734911324151391       0.91800399175438385       0.90936544363107263       0.89481701318057538       0.86759151232755216       0.91310561758843212     
  0.73779652041263255       0.90509800962234743       0.70719319561027194       0.74860950369386892       0.73666918997659891       0.74174427835899115       0.86890988312000850       0.75730016615353701       0.93936883586699227       0.71298281509908312       0.81061905979848592       0.78375470228325106       0.75485359509442729     
  0.98810936705144592       0.82943182710422758       0.93216507915274949        1.0505033263749783        1.0187169312289208       0.98350661163020370       0.94963704714477670       0.88813924829367996       0.91721026850687604       0.91125705214050889        1.0164521349060358       0.83140080632866242       0.98169344420138904     
  0.76841474335994309       0.91538786211940260       0.73719932158990564       0.77815889384877879       0.77371198929558693       0.77268284120521502       0.89074259702074143       0.78669832518546645       0.94584891031910756       0.72948563842915493       0.83718656408462222       0.81133720798631426       0.78594676610826142     
  0.81289611446779364       0.91794632290869160       0.84765885341904157       0.92098666997922063       0.87577799937300771       0.86837917058946612       0.97419081081576864        1.0385173550016864       0.81119923834363838       0.96051367794511777       0.95341954477502333       0.95370934309809918       0.97751714623684105     
  0.79941466160767638       0.92570306515950929       0.76515587394412587       0.80801820993346474       0.81241297992978645       0.80340313532210161       0.91115233086091285       0.81770415088614778       0.95214037171378385       0.74673408482133063       0.86409322150034207       0.83892997935668712       0.81639332789496089     
   1.0337680886100289       0.80964591319034029       0.91753200612911756       0.96633122700950858        1.0471987566568444       0.75559578882927225       0.88038875893813973       0.86226894344420835       0.87950653449165550       0.99248930486950027       0.89513772636275846        1.0354546311404595       0.81983825201409644     
  0.83041777447538589       0.93580727376692219       0.79642635182014043       0.83851580353989397       0.84917634409759990       0.83461991265570812       0.92962683331318086       0.84882214737900696       0.95852229249492948       0.76610840954659576       0.89012889873722001       0.86544660881554025       0.84693400950573128     
  0.96656408885244716       0.95615953899607709       0.87215521104647320       0.84412388561664953       0.85723970300462460       0.95455466873781269       0.94356044403676864       0.87778391949124501       0.89128753619021561       0.90951081451066895       0.95992834926005721       0.90795341393610518       0.85238849998250932     
  0.86283112034005405       0.94565711488326820       0.82980253856131292       0.86977612218107103       0.88610461925483175       0.86637486556869892       0.94576118642819673       0.87874154750721223       0.96530805489655291       0.78376886892852649       0.91541576254415802       0.89107655070849690       0.87856624611625889     
  0.91343720149666952       0.88410582054508191       0.95374161815286895       0.94805133413634490       0.94573583129951622       0.83131893693473402       0.84206915071409538       0.93501288512981595       0.90520161870697580       0.92343432825053373       0.91501410259783345       0.94670875432217017       0.91470823733770612     
  0.89724758365487634       0.95632591636851394       0.86828515483161794       0.90248286780729747       0.91856854254315801       0.90041335872213857       0.96121084372855070       0.90831151067349614       0.97223899719662088       0.80672954260685703       0.94031111035945913       0.91800988772395575       0.91081441697668486     
  0.94741342126523331       0.95362146590635444       0.95771996394125092       0.84769499085272548       0.86796203446261311        1.0040050035142456       0.99097761159619269       0.97878336126493537       0.96307121361356662       0.99040033725815824       0.99651534693359356       0.88126810993107729        1.0162201561602162     
  0.93101570959037616       0.96780126844352410       0.90807610355110269       0.93622658909965006       0.94992855919030461       0.93310146793497795       0.97510894243770985       0.93739045431307555       0.97920475937288198       0.83753348547800288       0.96377582101240422       0.94573338723362943       0.94139509922395193     
  0.98847695939879221       0.95180713680354223        1.0543172249867114       0.97526472314101831       0.87603536905461432        1.0626512353923601       0.87385582672794015       0.98243421905032524        1.1593813850652475       0.96252089388603890       0.85373300668583407       0.98957577834478327       0.96688382133093020     
  0.96454666587886173       0.98123915337861867       0.95522998274930349       0.96895906183289526       0.97528937423328277       0.96653648251553381       0.98748064965574256       0.96818811819595219       0.98731850584216674       0.87781454643722601       0.98350441206599926       0.97306221464724030       0.97135185903489074     
  0.83433564963769025        1.2216987896701159       0.98203433864266410        1.0068383803698868        1.1245790587483486        1.1249549808266825        1.1451191639973799       0.95294489753788070        1.1651962336506008       0.96452161827656213        1.4216371674647221       0.96021841200240965        1.0961797122239949     
   1.0000000000000000        1.0000000000000000        1.0000000000000000        1.0000000000000000        1.0000000000000000        1.0000000000000000        1.0000000000000000        1.0000000000000000        1.0000000000000000        1.0000000000000000        1.0000000000000000        1.0000000000000000        1.0000000000000000     
  0.90535481500203219        1.0629050198444743       0.91136119835105911       0.99044672663763755        1.0290703535350536        1.0223707104518907        1.1530113384626912       0.92165982607716945        1.1138679761769932       0.99223268597722647        1.0849591809653640        1.0464755700231709       0.85207594500222428     
   11.521409667613131       -29.441965263065700      -0.64912182847764743        5.2883139697429868        2.0349469925096528       -3.6616780327128637       -4.2715278417929667        5.3403544345940404        5.7172823409323525       -9.0227852817883374        6.9189509770562445        5.1622059997999994        3.5777647899615759     
   5.4910149412606222       -24.728432778928379        4.2110772789542184        5.4878535639432835        9.6884850620361931       -1.6642675238491780      -0.27405587576091772        1.0879596793597175        16.134562980958346       -4.7401540815882841        4.3021199896475171        7.2640096371735829      -0.66396158877554279     
   3.5792417027639769       -1.9258772813016334        3.2572958410632231        2.3742365034320976        1.8046484458719951       -4.9001432285483002      -0.34705405639585729       -2.0330477628932782        13.425986366920549        5.5141829044199930        4.3870454386257496        6.1980280609709268        1.7110783910992535     
   1.6906041246227934        3.6655948317269460        6.6509208732208220       -1.7031631899836812        3.1018498926653701       -1.3381139885984119        7.9414539105377733        2.5648222076238802        10.235324536527834        5.2254618489675897        4.3766143822672738        2.9023364119173167        2.6401327300780437     
   5.8514430659012175        23.046700284252921        1.6469826912787386        2.5051410315323426        2.3246239735574785       0.82987944479013842        7.4095088382531822        5.7106456489251318        13.355753543336123        6.5099184192772839        4.6691107237321452        4.4607984421779667       0.30734676857066806     
  -2.2655835950155385        1.9416212638509578       0.54427165150805557       0.10296941976317142       -1.9390628387057718        6.0982571989228251        3.4268606368793195      -0.35572330069216862        11.270040847355705       -1.8729280168111364      -0.77371601909766330        1.1614325124592415        5.7447098850589482     
   2.5948324031010528        2.1425189243844103        2.2163426088260096        3.0965431508444348        1.7475206434164965        5.3443556951803197        3.0405329083429771        4.6392192587957108        4.5477696834201549       0.53666955191821275       0.34660476431137560       0.78767898395790192      -0.22677643589980345     
  0.73126688944263329       -1.3311661092284250        3.8899264326612220        2.4448497309772748        1.0243465955950248        8.6680142691527031        4.1146478948898864      -0.59234207128446092       -2.3932668020199190       0.52121113571934430        2.0133841094214420        1.6717097653380375        1.0615340868324870     
   3.5631784074571439E-002
           1           1           1           1           1           1           1           1           1           1           1           1           1
   1.1525630021332983E-002   7.3661256600086808E-003   3.9002682392665844E-006   2.0041464460922884        4.2267527856182797E-004   1.2964199218383362E-006
   1.4653086633990815E-004   1.3101133875160928E-004   3.3384279811538154E-005  0.31594406934260671        3.3329167958585664E-005   7.2059344733727667E-008
   1.8356357586811194E-002   4.4635154856816603     
