 scale variations:
          -1           3           3
  -4.5360018823324291       -3.4347508584799518       -6.2880496395149184       -5.1012107355307723       -3.8627382456335995       -7.0715725343019402       -3.9016184900006858       -2.9543831342283795       -5.4086332801427988     
 pdf variations:
 NNPDF31_nnlo_hessian_pdfas         103
  -4.5360018823324291       -4.6404218786502014       -4.3872198140361442       -4.4684020552905466       -4.2390312856359547       -4.6388354879019484       -4.5320280276459171       -4.5140557011211406       -4.5337292105621856       -4.4319448961774741       -4.5937770527916371       -4.5451481060667209       -4.5214725815813370       -4.5009693172552891       -4.4524673670608212       -4.5938549425180168       -4.5224731006995400       -4.4892899630381606       -4.5578796282622314       -4.4594806742117798       -4.4931775879506022       -4.5438095248134704       -4.4686260714443655       -4.5483143509494202       -4.4512979841933475       -4.4191411239329659       -4.6112288226036471       -4.4441504689239997       -4.4927477949713994       -4.9372330510634121       -4.7360819032724253       -4.5663875414398190       -4.7618237741825622       -4.4965262495823319       -4.5102056331985869       -4.4686106215819752       -4.4421015984923038       -4.4613813104442626       -4.6466984624296828       -4.5901384809958765       -4.5189815843756174       -4.5919243112350747       -4.6076180167848531       -4.6269041215035269       -4.3916186756732021       -4.6574259298983920       -4.4254776727319500       -4.4003601760531623       -4.5345190669529982       -4.3422505908717044       -4.3212243629000673       -4.2656271113981461       -4.5497454317606234       -4.5191608126541842       -4.4770375396969921       -4.4210114755093413       -4.4845764309112397       -4.6624444411516448       -4.8674592378089843       -4.7726913550889307       -4.7433576436687499       -4.6949033834331191       -4.7358093726613761       -4.5247279922463255       -4.4759222197704851       -4.7503180385087536       -4.3389087730780735       -4.7331855516309984       -4.5754142926450045       -4.5302211917219042       -4.4875809242857780       -4.4582883358505878       -4.4945914850493578       -4.3560825004081520       -4.6030557081690668       -4.6440648770699200       -4.5961964105150122       -4.6182619217279708       -4.4991772782938542       -4.5620548569130293       -4.4829729604473298       -4.4365319093294939       -4.4859473219825983       -4.5416587125641490       -4.5788072827001232       -4.3895647963578623       -4.5180246386247713       -4.4947024976322769       -4.6106803269036503       -4.5724292398853512       -4.5719121379619203       -4.6308620674032817       -4.5660896748981221       -4.4851925930063850       -4.5811267392655779       -4.5280763646356466       -4.5733107049838688       -4.5985995936344590       -4.5498535113290570       -4.5296757734114532       -4.5411117578218665       -4.2531573585808760       -4.9920783280825427     
 NNPDF31_nnlo_as_0108                                                                                           1
  -4.1746485058570002     
 NNPDF31_nnlo_as_0110                                                                                           1
  -4.3458812538640128     
 NNPDF31_nnlo_as_0112                                                                                           1
  -4.3398735187024320     
 NNPDF31_nnlo_as_0114                                                                                           1
  -4.2221395882843940     
 NNPDF31_nnlo_as_0117                                                                                           1
  -4.7990734612960368     
 NNPDF31_nnlo_as_0119                                                                                           1
  -4.6700484671608011     
 NNPDF31_nnlo_as_0122                                                                                           1
  -5.1135129953101801     
 NNPDF31_nnlo_as_0124                                                                                           1
  -5.4223838858475375     
 NNPDF31_nlo_hessian_pdfas         103
  -4.6532435467828623       -4.5617827500007735       -4.7676755499540855       -4.5709185114869504       -4.3130112749922240       -4.6062795249766264       -4.6185831546656058       -4.6378150801583571       -4.8578427167744360       -4.6339440119258013       -4.7755099815890061       -4.6660139947787069       -4.6929980123964246       -4.7145801492121846       -4.6043809595748879       -4.7212349114983505       -4.6711306016423668       -4.6238820715707014       -4.6364477310470882       -4.7497199437448403       -4.7130958445813542       -4.6413150741000777       -4.6193196125902629       -4.6203796361833858       -4.7070145773279819       -4.7665471442602909       -4.7428032769525901       -4.6612107748871878       -4.6271959026193903       -4.5888668585312988       -5.1017233101707529       -4.7275854747120789       -4.5410715986445229       -4.5146116809907060       -4.6513635715644766       -4.4472538166519735       -4.6916061923285346       -4.7571919091703601       -4.6489207781386330       -4.6409925431935504       -4.7316728463414055       -4.5400415390392457       -4.6239955536733390       -4.6244748310486017       -4.5905998915785462       -4.5308495292414888       -4.6501331770433270       -4.6734709817146616       -4.4765567162664421       -4.9045564051009380       -4.7314009578237179       -4.2690471903284237       -4.4628582220981317       -4.5385760473961483       -4.4945582723824753       -4.7882290488634540       -4.6356955182408939       -4.5507039843588002       -4.7563220372648329       -5.1410496552854097       -4.6085353608017821       -4.7336083721876685       -4.3436490730513819       -4.8532798972892595       -4.4162017673781300       -4.7567356884594645       -4.6165623197336121       -4.5725726698595475       -4.7593926987085400       -4.6176461042040540       -4.6449446860512653       -4.5122066286986406       -4.6056745054915043       -4.5728343411645884       -4.6143884336308334       -4.7140325893866368       -4.6765034831949928       -4.6824912652441482       -4.7144685165714169       -4.5645667154902396       -4.4996416334030842       -4.5423969321959525       -4.6740432980669189       -4.5819159561618603       -4.6347162119590575       -4.6291201758697440       -4.6137975094318904       -4.6783260187668851       -4.6563441658478588       -4.6771052596600562       -4.5280280219940927       -4.6693853204144293       -4.5819248044936636       -4.6958194121392554       -4.6166225539157262       -4.7213622609858330       -4.6607239136340484       -4.6790995158182858       -4.5992326524422564       -4.6588113286868955       -4.7088674047721071       -4.4144100315240244       -4.6794755098248482     
 CT14nnlo          57
  -3.6502617560202903       -3.5708103898695254       -3.5978176182668875       -3.5692888916538514       -3.8038748848291402       -3.8026550291389807       -3.7598961865784610       -3.7395839547614740       -3.4962795049706323       -3.4986612077939427       -3.7947866813264364       -2.7733181262955697       -5.4378120547996334       -3.6314944642604221       -3.5828885655604150       -3.6057147944747219       -3.7694463396946842       -3.7469902441716756       -3.5528237412520949       -3.5999793597127296       -3.7036163037655361       -3.6442300679292883       -3.6544335485979933       -3.6125149863004191       -3.6937930851653751       -3.6544423482658557       -3.6474255631090702       -3.5959072435451658       -3.7410962029104051       -3.7768518862775102       -3.5721488426337045       -3.7409706254811859       -3.5164790698665387       -3.6243767382911520       -3.6748618205203312       -3.5852777046293083       -3.7100537760317582       -3.5828780350269569       -3.7290010877059498       -2.8081961810132801       -4.3316426656803149       -3.6771161848062177       -3.6489698812432181       -3.5962105460471774       -3.7255744189289723       -3.5929048820106360       -3.7836148862844974       -3.6702087203734628       -3.6443870616883216       -3.6059608959851732       -3.7471698358203693       -3.6984592201736830       -3.6380200802237774       -4.0074629026973199       -3.9484205458105777       -4.8710161682727788       -2.7690470299036614     
 CT14nnlo_as_0116                                                                                               1
  -3.4660907741135891     
 CT14nnlo_as_0120                                                                                               1
  -3.8145181717707737     
 CT14nlo          57
  -3.3985417085090850       -3.4143182096122526       -3.4227357717159204       -3.4206345626601293       -3.4868030431321504       -3.4706952141961915       -3.3687509452388973       -3.4826497050141803       -3.3829451729490794       -3.4670428877314303       -3.3509994484162049       -3.1870851343019142       -3.5655005736669740       -3.7453439995280480       -3.1210066561246088       -2.7122606018943372       -4.1254768248972873       -3.3247007058378433       -3.4817506300919887       -3.2265514018654629       -3.5832762402142233       -3.2877879019957965       -3.6126110373392026       -3.4322807933254658       -3.3644109051825373       -3.4941880683962521       -3.3288972485491422       -3.3111961878785894       -3.5368385195767171       -3.6179825722730681       -3.3246693712254385       -3.2790738795910621       -3.5612476080974731       -3.5501679097877115       -3.0889166263344014       -3.3590800592970074       -3.4313218555889553       -3.7536723875586762       -3.0490988611264416       -5.0491342404972483       -2.6673638386594529       -3.4532660143137077       -3.3382134825073346       -3.4905067172865571       -3.2705069085873157       -3.4664464066680174       -3.3938593824969634       -3.4579286867863286       -3.4209264397698642       -3.5270333077954379       -3.4050232285957236       -3.3470875679065890       -3.3346152735198267       -3.4383401620840783       -3.2649307697050545       -4.3772587358831654       -2.7167440105335769     
 CT14nlo_as_0116                                                                                                1
  -3.2470706193037802     
 CT14nlo_as_0120                                                                                                1
  -3.5543968620655866     
 CT14lo                                                                                                         1
  -2.6435170482572969     
 MMHT2014nlo68clas118          51
  -4.3997000003788429       -4.4237313543111050       -4.3739018224376309       -4.4108992765662531       -4.3921231865206751       -4.3306747118880144       -4.4629130081271766       -4.3888060169632839       -4.4111559475629791       -4.5588550534714232       -4.2474390976065060       -4.2609153991547464       -4.7013820660101091       -4.2926107690802322       -4.5921773373288932       -4.2591796861184088       -4.4799165142270558       -4.4643073459289191       -4.3124657935326356       -4.4893767521812480       -4.3014316188019945       -4.3183971425277079       -4.5061882821353141       -4.2415571164611139       -4.5061683736357629       -4.4310680078990119       -4.3495513715932557       -4.4464189913996677       -4.3888576974740543       -4.3186891165960546       -4.4932543323375569       -4.3266131299062760       -4.4768929004119311       -4.3830295982695873       -4.4147584681320780       -4.4238782410912210       -4.3640744618822875       -4.4829259679781055       -4.3491452936174753       -4.9164332660852157       -3.9032119701567214       -5.6598574589604400       -3.2246263699616846       -3.9212923016796113       -4.6608210390893579       -4.9719689147938508       -3.3168512786657516       -4.3104843146464287       -4.6363999125206892       -4.3543199801287260       -4.4296661510757511     
 MMHT2014nnlo68cl          51
  -4.2025101943457654       -4.2375431437770370       -4.1575465086267887       -4.1699881546266706       -4.2344374144541650       -4.1960106229201823       -4.2049654691035254       -4.1529082329241751       -4.2527673586545331       -4.3941246479029843       -4.0193894006463919       -4.5715254460115782       -4.0410118144976472       -4.2210924586765692       -4.1799422608413215       -4.0053683473835209       -4.4179492539706233       -4.3276195556828876       -4.1167789161742769       -4.1492068517190761       -4.2704071418147418       -4.4922824365416067       -3.9901678776966705       -4.2031501056735978       -4.1914933179626193       -4.2421575578724866       -4.1048161025807408       -4.2496224183652096       -4.1988559124423555       -4.2639334215005382       -4.0174172237012549       -4.1972663825476744       -4.2211078833098883       -4.2512243057813590       -4.1241089308814516       -4.1752508450757979       -4.2277339413677586       -4.1922012518374023       -4.2391873737563763       -4.9413480857414340       -3.7543769697201865       -3.3405430069411932       -5.9766317696376525       -4.1554618502009699       -4.4488614545516807       -4.6396972436636545       -3.9037112866048904       -3.3344511949784499       -4.6026182416213262       -4.0947534548282256       -4.3505376289014173     
 MMHT2014lo68cl                                                                                                 1
  -4.2669720272269602     
 ABMP16als118_5_nnlo          30
  -4.7032892151763104       -4.7028765562968040       -4.7008601461590382       -4.6927145181521235       -4.7042419409943212       -4.7704114536655169       -4.7670946471599969       -4.6205124525909307       -4.7180123348969794       -4.6862197779916706       -4.6943458620348695       -4.7060367685785529       -4.7180056551831600       -4.7346744525415865       -4.7128417414916690       -4.7158389859106089       -4.7084671638469526       -4.7045351873851047       -4.6925513328983319       -4.7113340194370092       -4.7041665784418543       -4.9573452750477909       -4.8150574687139436       -4.7242632060189385       -4.7199064853440627       -4.7381550981889387       -4.6556375014554838       -4.7019240114301768       -4.7331975980834748       -4.7249061395360226     
 PDF4LHC15_nlo_100_pdfas         103
  -4.0012292918045977       -4.0675296419737306       -4.1573779161489401       -3.3852262617773548       -4.1844822715588226       -4.0021668432098840       -4.3185127060581001       -3.8747746603867248       -3.9556551457041977       -4.1374141725744771       -4.0845079870190588       -4.2944665964374948       -3.9530810565332994       -3.8042856287522708       -4.0503712546086179       -3.9824521250876668       -4.3610641013615741       -3.8994696037239094       -3.7333018795878887       -4.2735322154884239       -4.2383698653719231       -4.1335608804216477       -3.9147609156570948       -3.6396782242740469       -4.1127129887310581       -4.0461286212203591       -4.1132170664994074       -3.8062432506712285       -3.9568128770069007       -4.1601111029789806       -4.1611750512605914       -4.1413459370474195       -3.8429653859720783       -3.9769409277769574       -4.1068898133200271       -3.6502247373143382       -4.1864646398327281       -4.1451603883923482       -4.2370088837188726       -4.2049425053012328       -4.1348881989935231       -3.9103542765782953       -4.1296290436715646       -4.0468513053162551       -4.0641579378537678       -3.9367242116934653       -4.0928878839428382       -4.1346315109910998       -4.1094224897083693       -4.1208710066228882       -4.0155279464564835       -4.1248726134504974       -3.9693248243602293       -4.0628660022633829       -4.0505841346685871       -3.9175808655241071       -4.0114157599688891       -3.9745327755548576       -4.2555209860529812       -4.0412451139528818       -3.8705977074388747       -4.0620642298570502       -3.7797467330202528       -4.0665295598139375       -4.0313908771403373       -4.1356783776459984       -3.9767287056456384       -4.0453935385428297       -3.9457644965524445       -3.9140849357691274       -4.0377165975146596       -3.8927559137654990       -4.0035403873421727       -4.0203947264066802       -4.0364748621508966       -4.0240064344258233       -3.9422590919609868       -3.9380037358244953       -4.0127382970025947       -4.0567695377238664       -3.9859633701350128       -3.9933171595719630       -3.9943806296928530       -4.0213986019402448       -4.0446941524883924       -4.0838395135220082       -4.0005510117192271       -3.9961099554168924       -3.9295538732286146       -3.9394091577025079       -3.9920621050953486       -4.0061893096498844       -3.9694356887053561       -4.0178967081218184       -4.0249723760503109       -4.0395033557067332       -3.9729690892656544       -4.0138335659605158       -3.9966126147876992       -4.0142545495954129       -3.9864329918411463       -3.8454560210004618       -4.1844856332677836     
 PDF4LHC15_nnlo_100_pdfas         103
  -4.1410202255714834       -4.1197448579095504       -4.2838897796433928       -4.0985083920341108       -3.7195924208075790       -3.6621119222031044       -3.8890112167385049       -4.1702379263666396       -4.1531593947214711       -3.9597394733282170       -4.1896958498705894       -3.7671264393192199       -4.0921288558013682       -4.0140680167077321       -4.2507761690794519       -4.2401313179931073       -4.1919461443550654       -4.2177068400859028       -3.9252156028014689       -4.3922961475787243       -4.0896504692634803       -4.2238217592396605       -4.4037511233544571       -4.4295784225752417       -3.9181341982275084       -4.1377868304533054       -4.3391442201395387       -4.0006587873153974       -4.1818464482060422       -4.3151885707467628       -4.0771165367080400       -4.3342136322159970       -3.8907579097981615       -4.1331459599789477       -4.0758756794550948       -4.0927461516140378       -4.0579935341752869       -3.9231961095640653       -3.8621632377661870       -4.0568535439393569       -4.1239076164126738       -4.4988219248289694       -4.1677298245793013       -4.3627362662339957       -4.1188133654879504       -4.1592696561250690       -4.3917306782647190       -4.1410312329476211       -4.0456308726471457       -4.2646459623651483       -4.0362830478824625       -4.0783337920634226       -4.2304944651928356       -4.2300909265059383       -4.1353431134874548       -3.9465712836278790       -4.2406698014583064       -4.1530971626998037       -3.9471235835059701       -4.0743287684104423       -4.0731038844817089       -4.2470887077737487       -4.1321294036380340       -4.3035960395507624       -4.0237056989871016       -4.0611795198304446       -3.9274897709595940       -4.0906661512683558       -4.0865337134541253       -4.2433544772701026       -4.2215081183947332       -4.2780178039221433       -4.1729867595919830       -4.1506268610181847       -4.1527130254689970       -4.1395852263585162       -4.0758774280779786       -4.1840106873240810       -4.1605769426674666       -4.1710007225673777       -4.1706316552048488       -4.1829346637936569       -4.1462110783992250       -4.1365865267124313       -4.1516728669860425       -4.1214459427199053       -4.0871693961694504       -4.1402726960816141       -4.0818801255579888       -4.1514507178052567       -4.1413961073006149       -4.1611743775821219       -4.1435104436430308       -4.1489033905659394       -4.1385423130298360       -4.1618719250942924       -4.0857345900552575       -4.1564939756039871       -4.1170740992132382       -4.1735860681915673       -4.1089709312407372       -4.0012511408830429       -4.2763819905261373     
 PDF4LHC15_nlo_30_pdfas          33
  -4.0010708601067657       -4.0735377281860066       -4.8605496721193280       -4.0977032465667715       -3.5898448101681537       -3.9273700865305550       -3.6752697809176529       -3.9760221269911908       -4.0894245959829414       -3.9084254326995320       -4.0630233719074571       -4.4743669257985479       -4.0730173236932590       -4.0436202672102386       -3.9535099687841555       -3.9246917824795884       -3.9033515100221230       -4.0632848376705937       -4.0395452583024065       -4.2244334667722558       -3.9133760243576532       -4.3660275060126459       -3.9964026276792839       -3.9754138568721444       -4.1596318588497541       -4.0094258970883656       -4.1309177764250062       -4.0433764821636480       -4.0100608026627649       -4.2227700997873026       -3.3211598558075797       -3.8454560210004618       -4.1844856332677836     
 PDF4LHC15_nnlo_30_pdfas          33
  -4.1409172001604579       -4.4006335181995073       -3.9515603107534925       -4.1612327196426993       -4.8245769554441029       -4.1010297664466879       -4.1254969782737181       -4.1661442461479066       -4.0218402055021487       -4.7374965987141779       -4.2719602807149268       -3.9496221202577386       -4.2066870175271776       -4.0838810408868005       -4.3778917401608499       -4.3438095257183136       -4.1060426813956630       -4.1861922271470764       -4.1477676348023049       -4.0037955881843299       -4.0646385550066233       -4.4373234220947708       -3.9429943294391010       -4.1726730185862007       -4.2545371724512284       -4.3385588479348502       -4.1766784782205555       -3.3378473259573322       -4.1180256753658693       -4.1162200503277901       -4.1309118189930532       -4.0012511408830429       -4.2763819905261373     
 HERAPDF20_NLO_EIG          29
  -4.0982532770544955       -4.1133220789540443       -4.0832498340379448       -4.0908861744830345       -4.1054888842649113       -4.1000121869626556       -4.0964498456645675       -4.0272290829795212       -4.1689014870326426       -4.1339735557894350       -4.0626129646382996       -4.1180534195481977       -4.0708818745604400       -4.1284819793762768       -4.0673753735730793       -4.1240580392063304       -4.0988971788315158       -4.0900013907029926       -4.0920353582502837       -4.1765829909104122       -4.0283386551924254       -3.8705102889835756       -4.3364651895353861       -4.9519278482437707       -3.4262754793000534       -4.1243058868567717       -4.0802411724091661       -3.9046237197292735       -4.3164026512341707     
 HERAPDF20_NLO_VAR          14
  -4.0982532770544955       -3.5070843081841021       -4.4859109599771099      -0.71909645149528711      -0.76883428143577781       -3.8225172033915435       -3.9091286169753423       -4.0760395146960278       -4.0755334387494848       -4.1194730754314701       -4.0358443208786898       -4.4735052041182781       -3.7843941625593280       -3.8285699326911971     
 HERAPDF20_NNLO_EIG          29
  -2.3663679198170686       -2.3681132993415823       -2.3587245423778338       -2.3655970307244867       -2.3611462361050433       -2.3667825984443955       -2.3600411709940823       -2.3365368409189289       -2.3897303322775985       -2.3646075540327236       -2.3614984565365753       -2.3709199665276630       -2.3559056019740869       -2.3645705730953051       -2.3627581417810459       -2.3819287479470126       -2.3620929114088050       -2.3440892245908485       -2.3824787063371127       -2.3802755082693428       -2.3467592337599967       -2.4641307114034841       -2.2659805575509098       -2.5311171982454268       -2.2330820839473184       -2.8753420149584152       -2.0404846649604740       -2.6861204518753290       -2.1265317923724067     
 HERAPDF20_NNLO_VAR          14
  -2.3663679198170686       -2.2075641141049083       -2.4904017489563328       -1.1641254731893442       -1.2563958296800968       -2.8290710262572771       -2.6349170842205596       -2.3631047487592771       -2.2441501438602676       -2.7882443499261189       -3.0205970225928556       -2.9420330011908260       -1.9106990697519677       -2.4490170314676143     
 CT14qed_inc_proton          31
  -3.3587076268202183       -3.3570397290420413       -3.3553754675950400       -3.3537246438020385       -3.3520570494358188       -3.3504057144923314       -3.3487393706827837       -3.3470762760014621       -3.3454157466873795       -3.3437564185717337       -3.3421037756479186       -3.3404416984793124       -3.3387809463250298       -3.3371304736232794       -3.3354602612607516       -3.3338077968492259       -3.3321502045171951       -3.3304929681812339       -3.3288447236431704       -3.3271851013865961       -3.3255242769564921       -3.3238687208866819       -3.3222233240870302       -3.3205662738160693       -3.3189100081212257       -3.3172634111971506       -3.3155931400670893       -3.3139529134486101       -3.3122950229615102       -3.3106438141168604       -3.3089982362885197     
 LUXqed17_plus_PDF4LHC15_nnlo_100         108
  -4.1219442922998208       -4.0997815687424808       -4.2643101776987073       -4.0789540805360875       -3.7014816472682517       -3.6441990581324131       -3.8712221367932780       -4.1523091830566328       -4.1340407712438276       -3.9413739940848354       -4.1698585526558496       -3.7505302280562951       -4.0739947415993480       -3.9952298141580176       -4.2315377192591761       -4.2193965311514452       -4.1737228935267456       -4.1983056475808711       -3.9065260080366015       -4.3726648794441116       -4.0714740143148109       -4.2041590078677995       -4.3829961172489647       -4.4095526296158782       -3.8992866755426259       -4.1176349982747809       -4.3188058750831484       -3.9829158303520638       -4.1628981418806470       -4.2949871359836687       -4.0582134934032181       -4.3149739242937795       -3.8721672497344435       -4.1138406615400003       -4.0570397931932893       -4.0729109192623829       -4.0391644385331471       -3.9051353222427565       -3.8442402522611370       -4.0382803056053609       -4.1041724955514081       -4.4778599920470725       -4.1484764371334979       -4.3429348690116241       -4.0994055504537101       -4.1396198420904922       -4.3718048473414752       -4.1224503050746151       -4.0269051298738292       -4.2445985485355120       -4.0177253894365901       -4.0594601540675361       -4.2107501033707013       -4.2104896037863462       -4.1163331387453415       -3.9282382484789240       -4.2209981668790597       -4.1337924786700242       -3.9291854991225033       -4.0554153899090162       -4.0548832174452674       -4.2272592007120844       -4.1127904197990226       -4.2832312773103727       -4.0058845207788920       -4.0420804816945477       -3.9093171666094539       -4.0715142930414201       -4.0678059311431705       -4.2231266082497099       -4.2020114759073399       -4.2579955995587602       -4.1539368606672546       -4.1314641875194198       -4.1334976919394020       -4.1202037523716060       -4.0570695682495934       -4.1646460399991838       -4.1423562063288752       -4.1515384516918843       -4.1518116502053113       -4.1638872891229397       -4.1275100095004893       -4.1173126597079079       -4.1325972449016941       -4.1025612592415124       -4.0686401491897328       -4.1213063679451354       -4.0633253804505811       -4.1324120094691272       -4.1226228320718130       -4.1415885829750216       -4.1242902408484055       -4.1300587477012884       -4.1191280580996654       -4.1426455983475901       -4.0677446437050264       -4.1374033154410688       -4.0986791995766580       -4.1541238784039427       -4.0902315830951794       -4.1219328266667148       -4.1218619173810112       -4.1219576294210460       -4.1219594822188554       -4.1219828023250100       -4.1219499087132077       -4.1218894901523440     
 NNPDF30_nlo_nf_5_pdfas         103
  -4.2041699190787103       -3.9008346065371589       -2.7883606758791615       -3.4316878332262677       -4.1519407626450002       -4.0990235694610400       -3.0133964194658875       -2.5377765270953647       -3.1292347781849537       -4.3645398041025194       -4.9352236421507696       -6.7229951056715365       -4.1864379277466286       -3.7636198061858455       -3.6335796066613377       -4.1462181856739546       -4.1269907063286349       -3.0104313226584738       -7.4833002153898320       -3.9390809865537335       -4.0406352913367867       -2.9493882413826564       -4.4213880073533627       -3.1546257120942229       -6.3956796407998224       -5.4797936385039439       -3.3571583548204464       -3.9163507566565730       -3.6857117861889126       -3.2788839232465845       -2.9288201312167748       -4.0169804512248399       -4.0175469334989629       -3.9981284080025743       -5.1069110828326663       -3.3666869451879475       -3.0331263758965883       -3.1497866008957698       -3.9364734713606997       -4.6072721019127565       -3.8577949991922442       -3.1414615249998428       -4.1824962294635171       -5.6588268302551699       -4.8861808583935487       -3.2424709218127794       -7.7960592131972835       -5.1776292056425293       -3.7289214043545851       -2.1351932419057618       -3.1495897561458430       -2.4647588336472968       -3.0535627254111235       -3.1301017737473145       -6.0758443821157977       -4.3688104555507827       -6.5252383145059554       -5.2262615233450749       -3.6913900815231524       -3.6793629053344432       -3.9692669128377438       -3.7714309042404928       -4.4978466552937055       -3.7513420656661092       -9.3716585791668017       -5.7511678292928812       -4.6170478949290450       -5.1471844602910126       -4.2036322710207399       -4.6492160458388749       -4.1529321547842395       -4.2164701362404733       -3.1689240213016778       -4.6048039527489717       -3.8317747201343031       -4.1762518620090763       -3.6218197116530391       -3.9592876870953360       -3.9009445381703829       -3.5027421908541259       -5.3067318917357431       -4.5058629824358318       -2.9793506705898372       -4.8488530829956060       -3.8794830347175000       -4.3977084690508299       -4.5159349061087779       -5.2859291798817383       -2.8274099913842035       -6.9370659579303995       -3.1752150467874301       -3.7795515547731777       -3.8120790020623772       -4.6866987909216355       -4.5715273690985576       -4.0581626992134918       -3.3351440789163673       -4.4061785193589911       -2.6158282301192077       -3.4902171159990649       -5.8692714135826192       -4.0309485747059153       -4.2920102976988712     
 NNPDF30_nnlo_nf_5_pdfas                                                                                        1
  -4.5645603958244330     
 NNPDF31_lo_as_0118                                                                                             1
  -1.2071087041465691E-008
 NNPDF31_lo_as_0130                                                                                             1
  -1.7893785331417042E-008
 NNPDF30_lo_as_0118                                                                                             1
  -3.8711083054260063     
 NNPDF30_lo_as_0130                                                                                             1
  -4.4805364588359247     
