   0.0000000000000000        0.0000000000000000        0.0000000000000000        0.0000000000000000        0.0000000000000000        0.0000000000000000        0.0000000000000000        0.0000000000000000        0.0000000000000000        0.0000000000000000        0.0000000000000000        0.0000000000000000        0.0000000000000000     
  0.10985971385085951       0.20858507243310997       0.59847083572641957        3.9360012992983133E-002   3.0768133133027877E-002   4.3762263055089054E-002   3.1704315059727851E-002   3.1937253412522133E-002  0.70696292472050926       0.10169686558339114       0.11657200504938475        2.5744964246677226E-002   2.5356541391309512E-002
   1.4422430690259593        1.0250900123871272        1.1963161779648914        1.1366716427919452        1.2514857985148358        1.6322475769392617        1.1546743009386786        1.0338621755374080        1.6791396233241320        1.1286603068996006        1.1446657901082873        1.3603136837755689        1.1606190856760941     
  0.15258778541243626       0.32915753716025320       0.75085643113778711        7.6943291883761575E-002   6.0977271173278266E-002   9.3415994405211589E-002   6.1618375356468420E-002   6.2231450461305328E-002  0.76938546729869428       0.13208274622380203       0.18024324009239112        5.3407377668656789E-002   5.2563398682508852E-002
   1.8332839352640378        1.8764926408853315        1.3034512735128778        1.4117650067538035        1.1449163001815719        1.1717984387736295        1.2627521762675751        1.1020640361170428        1.3115694231447685        1.2823506844458341        1.5712625716805066        1.3141259761715209        1.3222807254483548     
  0.17482788959479992       0.37755913687215487       0.85672975926884698       0.11452733505712730        9.0651310410805513E-002  0.14828207384534339        8.7361420612053931E-002   9.0848542850570382E-002  0.81929042297233512       0.14874379713446509       0.21791743736982772        8.3140304735214374E-002   8.3562258950013429E-002
   1.2333474574158680        1.2106707878466592        1.4990550881521432        1.2164802357287008        1.1209285410410708        1.3236500206210151        1.0994889824705061        1.1344824090002243        1.3659122522482208        1.1748542114890286        1.3633743404819789        1.3030955448739097        1.2546535701833601     
  0.19652667218617359       0.41852588885402209       0.89556306425341070       0.15304557685575101       0.11882154378934055       0.20711711082681594       0.11469021214775817       0.12074686392602239       0.84378966814244527       0.16417290637834786       0.24717316086989322       0.11578118117682018       0.11223613323689276     
   1.0887484613501635        1.5050009421606922        1.3513836949308984        1.2657448887527234        1.2772386075862630        1.3122327311770468        1.1597197462625803        1.1000355536079311        1.2207531320527045        1.2193768813088322        1.1493787540574669        1.4031787680598660        1.1996872750965466     
  0.22075273293273015       0.44820307377904828       0.92061073733885490       0.19447379583768462       0.14541394679545550       0.26844383113228415       0.14260346720291930       0.15113782189104541       0.86749371049337953       0.17959470970229810       0.27767860317097665       0.14237324128986129       0.13926047622418747     
   1.2040037813316100        1.0367654226428766        1.1569090160746454        1.2336173311696854        1.2708404092038823        1.3408872927103026        1.1812268610540742        1.2815741867424388        1.1881310282797395        1.2628160479978146        1.3532670285093644        1.2077658659697330        1.2561924508603619     
  0.24285005947225111       0.48120694582934626       0.93933278232583994       0.23911120568903452       0.17548934061796692       0.33992170601420396       0.17338512819573507       0.18510252334188637       0.88687039340798401       0.19615721664830049       0.31030903520568881       0.16911766574869125       0.16985141883881757     
   1.0699597908157181        1.4095733963380126        1.2484815322409946        1.2350862857667757        1.3435292136285364        1.3376904073699349        1.3356634896011195        1.5185875769235027        1.2628661450322431        1.6032170162515287        1.1996320042526827        1.3011499930317929        1.1318699938785053     
  0.26434694869419900       0.51010475875597217       0.95264372043982781       0.28327571556030956       0.21155901287225751       0.39261596766087931       0.20711139024279746       0.22028009811150606       0.90098781912975656       0.21301221659548039       0.34064916932787714       0.20373188585129370       0.20565946910916721     
   1.1504088040970493        1.2038462365349281        1.2983831385482685        1.4794335347255858        1.1861836095638270        1.5183936191549385        1.2057297741604434        1.3257299681134600        1.3895138446049784        1.3032676583916445        1.4212457980404407        1.1500133939290664        1.2663621029212442     
  0.28526718041298399       0.53814795883642119       0.96332788087831200       0.32746963689941427       0.24741790779082234       0.44447622502622391       0.24103761909330321       0.25334469885667105       0.91273356569640762       0.22699091955262496       0.35992563126375621       0.25198653104943108       0.24302782634666970     
   1.2783242675149795        1.5033388328608852        1.2936589037362902        1.2414678116047577        1.3421501119570096        1.3508673209232989        1.2255845107400096        1.1332541335457911        1.1894983272891846        1.2251162274106036        1.1112130587540594        1.4872657940312530        1.5090174427093128     
  0.30640438328709335       0.55750739622179890       0.97231274104720278       0.37107976315402924       0.27479946119493631       0.49009484093952227       0.27703345150557940       0.28265163211211303       0.92351584560731459       0.24116262147661521       0.39059074007732986       0.28908791386096172       0.28223756684947426     
   1.1506842042779535        1.2074107069441125        1.0766437449538993        1.2875968349488065        1.2103439221385650        1.1010354616554412        1.6595273619442248        1.1531905173322006        1.1596555682615226        1.2440568074796254        1.3819678399276214        1.1860848035057163        1.3272863788547731     
  0.32874676673334480       0.58054491420371623       0.97888292074926775       0.40748334906766021       0.30769147627595822       0.54109938702607208       0.31168606730105275       0.31168368326498269       0.93249872033401160       0.25672074288106395       0.41198928281321795       0.32864783130673214       0.31798150477280640     
   1.1620770483539631        1.0989466065593385        1.4495721358337028        1.2260163135394682        1.2621105897613878        1.2669725467996658        1.2682191396759164        1.2764616588139062        1.2037625648869215        1.5314726664360623        1.0091572320985349        1.3867181243063580        1.1518104366340363     
  0.35258945825754645       0.60976993626120091       0.98250205936679247       0.44460765862952978       0.33291867820708138       0.58752017602567064       0.34046632399018589       0.34066806496886570       0.94087780817227362       0.27101208866885218       0.43690809245450818       0.36285896728432415       0.35471220957368910     
   1.4777168406455474        1.6841943992749795        1.1216830260136499        1.2886829038513077       0.93698616814582414        1.2823849194356487        1.2692010700291609        1.2618737515148950        1.2800569172414364        1.3398196110722764        1.1824825743993159        1.2695218916413558        1.4336306432210668     
  0.37586157915420826       0.63009699536104480       0.98558100109732583       0.48822277928344199       0.36204336832464518       0.62621633595431292       0.37426357156847190       0.36857584445383029       0.94794830190406565       0.28406428212255452       0.46499755887283789       0.39208226772023630       0.39106590104403571     
   1.3090507926165695        1.3621417487959895        1.0839767557342839        1.1494193581118526        1.1534079239744885        1.0789059811480417        1.1661592783755070        1.0354240409778170        1.2802409359575966        1.3548597691909168        1.2975144943599191        1.2886483509131976        1.4080147299827697     
  0.40087551174218783       0.65653529391003973       0.98825205493102586       0.52595063825422095       0.39693882218740983       0.66666969713611346       0.40659137392343442       0.39495492989884756       0.95320952951901405       0.29608461134362085       0.49085669529973319       0.42659721481174118       0.41779560571098928     
   1.1578240495937244        1.3086891323493479        1.3474465201600172        1.3344517222919616        1.3556955862298343        1.2150795719306700        1.2202520637660621        1.2370089031865130        1.3488429415278040        1.2062017244402699        1.1192023424872437        1.3597144647618160        1.0045703713833689     
  0.42329080680578557       0.67581820435066620       0.99057201877463741       0.56068570166403264       0.42672283478180251       0.71012603652737616       0.43648010376873686       0.42421447071131790       0.95884566053565889       0.30721226395335710       0.51757458110500909       0.45848017706727251       0.44448838221450093     
   1.4977842471564224        1.1320877243204006        1.2251355027024993        1.1447535939563520        1.3328966789890073        1.2341495649177601        1.2143107918901117        1.3599479507117631        1.3597173753656993        1.0925861767949816        1.1714437397168445        1.1993696331578747        1.0012639387062887     
  0.44828434772791087       0.69490382709352527       0.99238120617828107       0.59541761930439141       0.45694504158841093       0.73830402521863991       0.46962669008904090       0.45876977672174724       0.96354911643063812       0.31885595672595340       0.54590898300715163       0.48799628388439459       0.47412735969053627     
   1.3212593032988709       0.98763508980398984        1.5062733621348852        1.2207955824875334        1.3240266532247369        1.1949093944723408        1.2911073453210742        1.5354086781332887        1.1907520688835023        1.1245234853817068        1.4706183947527063        1.0388653044429907        1.2742054666689167     
  0.47541833759076346       0.71516134491135097       0.99377267214068410       0.63012327188728301       0.49099292982683035       0.76781307173747171       0.50180021652897400       0.48802200176184007       0.96741435044885071       0.33265679457313241       0.57243143344941105       0.51830098866655694       0.49121421712561175     
   1.2985837783046950        1.1783640583970170        1.2865480671969607        1.2969293838414482        1.4352071096772365        1.3209972873758946        1.2496278812977573        1.2150035765949245        1.1824658004908262        1.4801421922617577        1.1288625974088407        1.1052425552342189       0.96742094415565560     
  0.49651859478558691       0.73245784115323920       0.99483133382088018       0.66462066695996491       0.52507715143723865       0.79251251362122987       0.53269324881341451       0.51891930052922841       0.97091821557621305       0.34606783322939744       0.59844311656402882       0.55097784454176246       0.51760287280939699     
   1.0689681445078103        1.2159903090768263        1.1589334608452460        1.2463635046403359        1.4488840340530200        1.2023225427609920        1.2223066232659223        1.2934235645399383        1.0141874282014574        1.1034450777241731        1.3837207652461809        1.2401519811903701        1.5484303872146110     
  0.51578284997100976       0.75000992937502520       0.99566371391244890       0.69410521380332546       0.55650466030819512       0.81186389790364777       0.56832990178357368       0.55030238473358373       0.97427054808079505       0.35962793794179565       0.62799255613626570       0.58314168981382264       0.54303641318229312     
   1.3055951183519234        1.1140770241680540        1.1477082709612056        1.1668430279455084        1.4363347947126566        1.0817099427200920        1.4180725347403185        1.1576175340157975        1.0304547270852400        1.1749363789675411        1.6441656022189162        1.1432789059330077        1.0629334413739355     
  0.54039000078085209       0.76576762917079655       0.99638858295936594       0.71928926772381363       0.58324560654131641       0.84040376325749921       0.59571593083809538       0.57573328875879415       0.97733741251799766       0.37549001470552357       0.66023332295980486       0.61263515583892658       0.57108301845373488     
   1.2826544013281929        1.2939326134712912        1.0130345443446396        1.1442646145081947        1.1509616443623933        1.2820491673559300        1.2385214174702777        1.1830920480054219        1.0335945925979937        1.5512056884173746        1.1664330315019389        1.1265779355601733        1.3578041037993860     
  0.56352798629454803       0.78576227563801182       0.99704256005692338       0.74375291296845880       0.61142012079390062       0.86156366708951415       0.62131588719232267       0.60134268639338528       0.98042928256195638       0.39254952196178250       0.68513223775753662       0.64144176973425560       0.60340964793069352     
  0.93817411515759408        1.3155864028487370        1.1910168425201124        1.1924684961136978        1.1878044422579235        1.1509434250211272        1.2006448381388624        1.0651761754649975        1.4192108586603713        1.3778113962453251        1.5663158302955529        1.0694678685932120        1.4184780703419182     
  0.58378576546763017       0.80275990967908506       0.99760206685516373       0.76992761580666014       0.64365660695635218       0.88142242720429831       0.64972011137632046       0.63524485733550584       0.98303311503909074       0.40932116725558293       0.71097362347547766       0.67793298755951115       0.63749765945143477     
   1.1241499205183199        1.1527742075474789        1.2306075424498539        1.4391644565313639        1.1923527269754144        1.2052648749433119        1.1834244391647379        1.4113344587648160        1.3579317768494383        1.1487182217291161        1.1618651005138538        1.3305544376038771        1.2565081250164256     
  0.60842735924000502       0.82205612721292431       0.99804285961039052       0.79800875575267571       0.67477415241102334       0.90000478227680170       0.68214621003728948       0.66674456962858775       0.98526690179417409       0.43240455840763292       0.73833203266680536       0.71235078179077538       0.66629691877449615     
   1.1851559303664567        1.2297032176191560        1.0963026341354727        1.1769377407756285        1.2420080065397010        1.0863732644499737        1.3398110361935260        1.3328445481692979        1.1615999514816746        1.2126991525153668        1.0234390097275958        1.3127307110131561        1.1973742168540176     
  0.63847737377733238       0.84190089788809541       0.99843407961784869       0.82114950187063218       0.70512911352893515       0.91835744730240854       0.71468806067878210       0.69834373327644028       0.98745221865358124       0.44705676356980711       0.76389745980186552       0.74699592060822084       0.69425803533253128     
   1.1609868979732685        1.5899295002293672        1.3179514576908826        1.4228722502139390        1.1433031294716958        1.2924029030844011       0.97674531359634853        1.1277277723283399        1.2150951028005552        1.1572289335575345        1.0897283637754729        1.2068226414568164        1.2084907572396397     
  0.66775762793547755       0.86109536982483881       0.99871482214531848       0.84424303679387946       0.73683774098926191       0.93234693276537661       0.74923757271901947       0.72682454375925887       0.98936502966738982       0.47150409431045548       0.78974061802676654       0.77682061838386018       0.72731737950493991     
   1.4262526429451725        1.0376347571541709        1.0564460421638207        1.1995950970356772        1.2451791256597191        1.2043576370372693        1.1951560913626420        1.3314206292055544        1.3546029918206937        1.5702351909541057        1.1622680580209950        1.1389796628362663        1.1984279937748190     
  0.69537224881027393       0.88031812267068976       0.99895205165526491       0.86564153184081538       0.77121542822110678       0.94421400183406523       0.78252800103738407       0.75137007043341775       0.99107731843858937       0.48792948642949407       0.81305087043898661       0.80768192422445217       0.76282168930025707     
   1.2649597790279619        1.2897715143186168        1.0787254520538216        1.3135475473051428        1.3399510351076931        1.1589133068582071        1.1956791897212440        1.1609359196033020        1.4480390414013726        1.0618119554051546        1.2154748411800291        1.5497049772684790        1.3627193764488210     
  0.72934633119334735       0.89932037170108159       0.99917062833889547       0.88637201942670263       0.80666509522271657       0.95481074268007204       0.81332826666960623       0.78789798878936701       0.99237329498875437       0.51796286400149461       0.83763679527657475       0.83651525677914795       0.79683836725598445     
   1.1341286711452230        1.4465655904297374        1.2187270413577769        1.1328308689515840        1.2772108110206228        1.3900541621899933        1.2636374047839714        1.4884716176847066        1.1033990965344580        1.2905816399145069        1.1283295653499867        1.1581015370037813        1.2101464760691194     
  0.76955058403371956       0.91532200404528730       0.99931870120289601       0.90791648021074611       0.84412973458276264       0.96424831216978879       0.82860645353739082       0.82385486954089127       0.99368253825854669       0.54213160480502798       0.87011311751840081       0.86674598170707762       0.83549234551664797     
   1.3589463816163172        1.0457112639434485        1.0529159073874934        1.2746396053481610        1.4942480349049783        1.3554466988681961       0.99477612391828663        1.2677012697067649        1.2668720511234228        1.1273821041032370        1.3939189926338251        1.2041164854539150        1.3987233254373805     
  0.80081160447166599       0.93342914789308162       0.99948058497493764       0.92581920804000262       0.87821700673807757       0.97263329711075419       0.86662923455287100       0.85589365366992698       0.99487233756079962       0.56650895360889875       0.90044286334605439       0.89536953583056544       0.87303595215550800     
   1.3055413720611804        1.1672408058893147        1.3870954472345118        1.3058595196825986        1.3118512787520107        1.2045439432843335        1.4455174749436008        1.2022835985997733        1.1291841420508955        1.1440596417528885        1.2991837557551331        1.2844645928545282        1.2183210740572743     
  0.84382339936237249       0.94895833075021463       0.99961392215304323       0.94419971607846964       0.91034339507457729       0.98062932982651307       0.90032642934539053       0.88762799025510009       0.99592010444195211       0.59998677563273650       0.92526200853784502       0.92265910343995783       0.90500889283686781     
   1.4236151092472609        1.1881142450797366        1.4620826802088123        1.1992129408662557        1.2227565902432116        1.1832105737923204        1.3025091332250829        1.3047455349397961        1.1561903835142164        1.1371382539224706        1.2590852584996262        1.2122984802083387        1.1778690526482907     
  0.87919407008297623       0.96486177947272034       0.99973574080549343       0.96259413792753334       0.94227434455131898       0.98799731263552870       0.93429061346404185       0.91963802501761749       0.99696825976277925       0.64952756164200898       0.94960686923073445       0.94904096490552636       0.93829952129852945     
   1.1822398209937803        1.1897054950604686        1.3208376520881200        1.1809839750365463        1.1747451436624468        1.3155829249625022        1.4924125483878108        1.3788973070438810        1.3436253635111315        1.5247958895614109        1.2990770546727837        1.4254966317781808        1.3555468947548055     
  0.92022251181764647       0.98195057621459636       0.99987217897545400       0.98088965042326670       0.97270692241608447       0.99406873793759210       0.96845784577487171       0.95267571468838452       0.99821940732489967       0.72843621154543947       0.97460970406578806       0.97326321673487437       0.96995613091986943     
   1.1938483652129508        1.2818090224255896        1.4672264024818171        1.2801338010150738        1.0203989829652005        1.2391151381590439        1.4412011678614594        1.2895439276440110        1.2101530236194371        1.1521456006730311        1.3322260269285464        1.2465459920275672        1.3437966896979816     
   1.0000000000000000        1.0000000000000000        1.0000000000000000        1.0000000000000000        1.0000000000000000        1.0000000000000000        1.0000000000000000        1.0000000000000000        1.0000000000000000        1.0000000000000000        1.0000000000000000        1.0000000000000000        1.0000000000000000     
   1.4410619329050849        1.3056185044607862        1.8525799106037528        1.4031127032569761        1.5161676944147029        1.2757843447592587        1.5080257129221477        1.7297737017377757        1.5362537652116244        1.1224762226711000        1.2397615395949408        1.3021260017994627        1.4133022841034590     
   27.443586192702526       -14.557456222459731       -46.472909391780995        29.991596030733831        51.433803546776772        13.021725109236966        61.252867039216689        48.819252382619560        12.238130864760262        27.367728040061913        39.530652149441025        47.728142646247633        38.341484259315628     
   29.030498595033595        44.338248543714343       -36.766914599759481        41.098506543038276        65.989894703149432        20.116626285590204        41.954118907711546        50.840272954195029        2.5763221927146649        44.978032780447165        53.297690293542040        51.476328190179352        40.840462350017511     
   33.668110728495670        47.459298267271620       -28.384723673545388        48.970953884783562        39.403780528283939        32.758489720348337        49.905587504234454        40.355114945507822        3.6678893430636297        41.339895710735370        39.050206227360370        36.217960367248267        56.162733019674256     
   51.875288095921327        62.744358568662143       -27.474877575362974        45.281661549219585        33.878068130091691        54.912006161304689        54.210906216228068        43.041070597094134       -3.3747731326221295        40.802605604400974        32.420357278973853        42.688738805336897        56.875793258147269     
   48.140776796471343        52.785168431178683       -14.621902870669063        43.195098354104765        38.770591710699712        50.870875342093377        45.474088798189364        44.666686049392723       -10.605494859291612        54.917659242494992        39.094868256202282        32.722514545469615        45.138562644820013     
   51.058840561677329        50.425801367611292       -16.124923404942177        64.231328423412450        37.310402278397092        60.807738486136557        38.664345470224028        55.041053725771533       -9.1403953352758744        50.064739468361481        66.886562843645919        46.137221377755367        53.400764780727108     
   52.593709627546140        33.535307775312056       -2.5946284988572108        61.721309955992218        45.524337519881676        42.627817165919367        33.237679105136593        52.184506916724096        19.565865678527018        42.291635710921611        52.576553105955860        59.320225076879822        37.257736566061993     
   54.318274997510173        30.413423274643701        65.333677784049755        42.983902737741658        44.547888185066839        47.699294768209995        41.690141466510241        47.312850214797372        64.668017635275064       -130.64735466987054        39.268629075523201        49.390879301496327        32.515210982671213     
   1.1488594962548753     
           1           1           1           1           1           1           1           1           1           1           1           1           1
  0.27907017234598258        5.4858466454746922E-002  -5.2604364382049888E-004   37.860413422721770        2.7657179644255053E-002   3.6942178413095895E-005
   9.0749696469738846E-003   1.0851185935057260E-002   2.4991134462530552E-003  0.85645474215382844        2.4964390704547870E-003   2.9293481767339451E-006
   2.3811137499726374E-002   44.404394145552502     
