 scale variations:
          -1           3           3
  -4.7904755391531655       -3.5816447658797039       -6.6216509101646084       -4.7904385820658746       -3.5816171345606076       -6.6215998261065243       -4.7290726426487906       -3.5357363041670240       -6.5367765501554977     
 pdf variations:
 NNPDF31_nnlo_hessian_pdfas         103
  -4.7904755391531655       -4.7744379147600799       -4.7841272425905705       -4.8001109363627501       -4.7853249543203162       -4.7726936799143740       -4.7944447912064705       -4.7822671031326278       -4.7832364654029886       -4.7568073034415725       -4.8194518115437726       -4.8015672085929371       -4.7785773200663320       -4.8180558443042703       -4.7573746851616585       -4.7820982343830689       -4.7444575033650818       -4.8169066235342965       -4.8292378153973861       -4.7832161125642143       -4.8173330586408101       -4.7350335866396653       -4.7944637086461430       -4.8326280546705407       -4.8036127384693339       -4.7826968462359245       -4.8552137231515129       -4.8106151924271785       -4.8061163247032788       -4.7370638844831117       -4.7388852796572936       -4.7532938739808621       -4.7543454570180410       -4.7843343931324469       -4.8017649566426082       -4.7596764474114002       -4.7930144771216598       -4.8309728264883454       -4.7736151025047224       -4.8100350054801027       -4.7886877066855611       -4.7908958179862742       -4.7781813484825610       -4.7887883044030870       -4.7920696454370502       -4.7652290480018324       -4.7796708511775412       -4.8113740443029407       -4.7505060440048483       -4.8190064023979131       -4.7975504552654469       -4.7966852999098482       -4.8044347501300573       -4.7885416820942943       -4.7929894594817686       -4.7902365811501637       -4.7944626680963980       -4.7629435026854630       -4.7514551896569355       -4.7905185544715021       -4.7746067547484845       -4.8015416079255377       -4.7683027658273636       -4.8074482636877764       -4.8250249099731244       -4.7661430475033084       -4.7974414173628404       -4.7966526810719490       -4.7714425013849180       -4.7798139344190886       -4.8031361445801810       -4.8237830412537424       -4.7740861393337974       -4.7760000985772892       -4.8035906440436911       -4.7911837491877511       -4.7888010493023820       -4.8101602641105590       -4.7822118630167578       -4.7950803892303142       -4.7839700536837944       -4.7781294901168900       -4.7792364306021815       -4.7827090671747596       -4.7953224151009826       -4.7957552652883120       -4.7842822585340414       -4.8006751264989393       -4.7915113035599433       -4.8009835932922762       -4.8013214002511795       -4.7898121584066473       -4.8024158618282113       -4.7810348604318413       -4.7993939267667756       -4.7977383812138461       -4.7939989273652124       -4.7751500955057642       -4.7938548238796717       -4.7887750788428223       -4.7888822487977842       -4.4079389492749392       -5.1595741189148407     
 NNPDF31_nnlo_as_0108                                                                                           1
  -4.1279248709878553     
 NNPDF31_nnlo_as_0110                                                                                           1
  -4.2952573761320156     
 NNPDF31_nnlo_as_0112                                                                                           1
  -4.5130260485694880     
 NNPDF31_nnlo_as_0114                                                                                           1
  -4.7104016731173974     
 NNPDF31_nnlo_as_0117                                                                                           1
  -4.9408910559368131     
 NNPDF31_nnlo_as_0119                                                                                           1
  -5.1170591717302081     
 NNPDF31_nnlo_as_0122                                                                                           1
  -5.3427117608981849     
 NNPDF31_nnlo_as_0124                                                                                           1
  -5.4965169866142354     
 NNPDF31_nlo_hessian_pdfas         103
  -4.7832434405856796       -4.7952521003461950       -4.7658008475880465       -4.8014993536798727       -4.7656246316047168       -4.8040671723160315       -4.7856378543736628       -4.7937247075438645       -4.7825505532088766       -4.7786320449918254       -4.8093939153754155       -4.7774126844307538       -4.7864825897736125       -4.7664571876401389       -4.7617547949795167       -4.8119248119892699       -4.7661998535858778       -4.8222815938894987       -4.7777390420184753       -4.7732868171775236       -4.8052675403173861       -4.7110004709289219       -4.7801853309141782       -4.7725788087249832       -4.7286122929660701       -4.8115040372664497       -4.7977407528649554       -4.7766988153420975       -4.7928172688096717       -4.7400424588955792       -4.7039107586981039       -4.7839440611246138       -4.8171800007777827       -4.7828389070651642       -4.7878677474354552       -4.8085403730424270       -4.8006279425071909       -4.7896952533898256       -4.8041138461325543       -4.7968590774532709       -4.7700174994746884       -4.8416393757774960       -4.7985892113541571       -4.7625009276583254       -4.8107593548742722       -4.7836677302755417       -4.7853780188414587       -4.7896350145464623       -4.7900380312503952       -4.7425655307472514       -4.7632735328866103       -4.7932603793260942       -4.8069916600548286       -4.8151319896384948       -4.8091598143472947       -4.7795239131674041       -4.7569615942141530       -4.8040525508106597       -4.7970011536310340       -4.7675157168592790       -4.7792995089063615       -4.7677352264559900       -4.7669781654233301       -4.7502641008250830       -4.7973377921627565       -4.7676522540545978       -4.7579387885552595       -4.8149099014654890       -4.7884338937945579       -4.8025975149951980       -4.8103314223367111       -4.7837968573894516       -4.7834639506547258       -4.8036631864208221       -4.7507872553461219       -4.7875841169276478       -4.7754163285328417       -4.7727822779612827       -4.7755108683432832       -4.7916522196754912       -4.7858416096621390       -4.7886936537389078       -4.7966087203592220       -4.7746955843034753       -4.7894213161588537       -4.7770387608357439       -4.7935661254230055       -4.7921900402671129       -4.7966567428624005       -4.7990054679345944       -4.7772785997220764       -4.7891963531419606       -4.7874953409196230       -4.7698870293931472       -4.7854361411790673       -4.7812188881963111       -4.7786327916032514       -4.7824786396372012       -4.7936753981432876       -4.7705049456355324       -4.7839085046584158       -4.6176744838361863       -4.9491940145149194     
 CT14nnlo          57
  -5.4510148090385435       -5.4416103502061599       -5.4935611385765810       -5.4477861412093267       -5.4683897278777396       -5.3315340566069036       -5.4420315827090811       -5.4366455797968616       -5.5713054178365624       -5.4942533066187860       -5.3888233360500370       -5.4833340421567414       -5.4069024701529518       -5.4356412933593212       -5.4836842198106259       -5.4885952128055724       -5.3527799457539578       -5.4083209609769849       -5.4938915067674703       -5.4914280165992029       -5.4130776103304248       -5.5234424883618054       -5.4084229897757465       -5.4500907268046292       -5.4504496799892035       -5.4804306329064199       -5.4272552785723898       -5.4930252449679902       -5.3802611333846091       -5.3619267979088274       -5.5066472064806771       -5.4005222243946793       -5.5265587809482870       -5.4853339989303924       -5.4172595534864341       -5.4778467706951766       -5.4255046560460345       -5.4275436069172498       -5.4703025181550284       -5.5406336934153044       -5.3800008188930537       -5.3833401133202425       -5.4696578949948229       -5.5089035897071330       -5.3730362603924924       -5.5522494229507071       -5.3715422348404243       -5.6454973678878018       -5.3145460630744168       -5.4691113864428580       -5.4548660516203329       -5.3856532386780209       -5.4421593792494569       -5.5485216498485057       -5.6032704357306296       -5.4483272166789627       -5.5170279172604433     
 CT14nnlo_as_0116                                                                                               1
  -5.3564408932085694     
 CT14nnlo_as_0120                                                                                               1
  -5.5283917926366417     
 CT14nlo          57
  -5.2709472537396547       -5.2466585784871373       -5.2137666458741352       -5.2935539289238545       -5.2103598652349534       -5.2586818837459424       -5.2844942352831765       -5.3553961359753801       -5.1844430263286396       -5.2962462186649679       -5.2005214584275068       -5.2707584384723560       -5.2596770169344911       -5.1185147793549790       -5.4151441882406663       -5.3230146861036740       -5.2104058355191460       -5.2572059105646982       -5.2820347659487590       -5.3692203813359143       -5.1709741877327806       -5.3103026011677539       -5.2069534405904569       -5.2139431589497764       -5.3336586280315945       -5.3081267218300718       -5.2327431178793917       -5.2418837056031355       -5.3143887202478348       -5.2805243957117058       -5.2676125438072443       -5.2788809193929920       -5.2604921671075626       -5.2258772492963939       -5.3709515840396671       -5.3076834195087663       -5.2347017621647893       -5.2687531275086634       -5.2680397968262733       -5.2252267705285291       -5.3028313095860922       -5.2399178680935670       -5.3038295067229537       -5.2891631276487976       -5.2936630180897630       -5.2304352927820474       -5.3053689838754616       -5.2376685668628493       -5.2979116125648975       -5.2061714976531093       -5.2918061897168291       -5.2999813617304277       -5.2444818319911271       -5.1814617769666249       -5.3134447795693758       -5.2641780581130302       -5.3340653047516016     
 CT14nlo_as_0116                                                                                                1
  -5.1735427993157623     
 CT14nlo_as_0120                                                                                                1
  -5.3593861884632483     
 CT14lo                                                                                                         1
  -3.9776577605740617     
 MMHT2014nlo68clas118          51
  -5.3166706282800735       -5.3182533345451928       -5.3149459316365011       -5.3233070489800367       -5.3121729727234550       -5.3367282397632803       -5.2981478232314609       -5.2966909622493770       -5.3389032348527659       -5.3293026679893725       -5.3042743710265281       -5.3101818685760147       -5.3304840637272273       -5.3414347272760851       -5.2723938165087745       -5.3393826516435068       -5.3036062866652616       -5.3117472572742113       -5.3224405888630990       -5.2939303934552200       -5.3361111214936603       -5.3377265627825450       -5.2886392872933179       -5.3488577229346328       -5.2961895506268259       -5.3016911282798365       -5.3321940848330067       -5.2877065407434518       -5.3025198775970752       -5.3376269713454327       -5.2901665049372015       -5.3422877130638753       -5.2853534677015270       -5.3074898642819974       -5.3249771379015698       -5.3216142215816369       -5.3047886097519736       -5.3306317505948133       -5.3076597336045888       -5.2930086330062176       -5.3400906156631835       -5.2387433427369121       -5.4024596008001113       -5.3422620744909439       -5.2985144299826104       -5.2905623936623885       -5.3819071174437649       -5.3413757364925907       -5.2397092375949317       -5.3372371970134447       -5.2764029936348482     
 MMHT2014nnlo68cl          51
  -5.5530769849140755       -5.5515355493971033       -5.5547246533243042       -5.5645673052014253       -5.5412050722458543       -5.5695256850800083       -5.5461939802066809       -5.5441965596933320       -5.5615155444679907       -5.5689788647151257       -5.5375265384137338       -5.5591027408895437       -5.5503663698669472       -5.5547271118199788       -5.5510185612683083       -5.5912493361273885       -5.5111767078004039       -5.5550213047316728       -5.5516509881237965       -5.5557280090816077       -5.5490472537219517       -5.4953914215719175       -5.5928087921805751       -5.5503916985133159       -5.5543254106902165       -5.5489007346458079       -5.5630335888220763       -5.5423298384134432       -5.5149438556953134       -5.5289319787505677       -5.6197148886546442       -5.5681575683573197       -5.5137665440907755       -5.5531097169780193       -5.5476747058966698       -5.5457087556412397       -5.5504818538968292       -5.5489146143241790       -5.5169917577844991       -5.5231533379918378       -5.5713730898408560       -5.5931917377010301       -5.4692873886455891       -5.5438796334004650       -5.5324684757765041       -5.4809734327058850       -5.5991472237976216       -5.6111178531827397       -5.5262710502659145       -5.5250723756084925       -5.5636835986933084     
 MMHT2014lo68cl                                                                                                 1
  -4.8322960562588033     
 ABMP16als118_5_nnlo          30
  -5.3746321537220840       -5.3742518838809268       -5.3760819081729165       -5.3732683795137035       -5.3745110619791525       -5.3678002677633554       -5.3721017539088418       -5.3831279296792891       -5.3888296121462034       -5.3616924828665464       -5.3816975430037868       -5.3864614669775719       -5.3823654292353487       -5.3432834248605383       -5.3805595634367496       -5.3627590662386133       -5.3649821332828918       -5.3691734699580591       -5.3716938159884275       -5.3906530179366134       -5.3566141856761265       -5.3592609249407657       -5.3559067468887216       -5.3989824743369317       -5.3882051547744654       -5.3823801092963279       -5.3983095343412062       -5.4096271628789605       -5.3319570120562902       -5.3202966066639306     
 PDF4LHC15_nlo_100_pdfas         103
  -5.3793559472941084       -5.3629918681916005       -5.4051255320875891       -5.3850893295172630       -5.3647943046477700       -5.3729033413752099       -5.3864893848726911       -5.3408959529767062       -5.3488390200640659       -5.4132235840827230       -5.4493440693255959       -5.3607026427996143       -5.3385516434102547       -5.3704274128854408       -5.3076866377286001       -5.3876615735902860       -5.3435051593301939       -5.3465510047650575       -5.4146924814674504       -5.3502571373271772       -5.3764298796544381       -5.3939404060636127       -5.3859680019444687       -5.4219631223912321       -5.3590320439362706       -5.3963018933064237       -5.3742020255526182       -5.3859561976894881       -5.3960750953068590       -5.3640288003349248       -5.3775175862983007       -5.3571438931078843       -5.4092026025476994       -5.3930973180655419       -5.3519945236749873       -5.4131312898724255       -5.3728057897049180       -5.3899672396597396       -5.3542408137120914       -5.3614771887569468       -5.3568445121519721       -5.3894578336686925       -5.3708645223827238       -5.3746873166963631       -5.3822495574663645       -5.3685777419486227       -5.3949934820897258       -5.3714616184434139       -5.3843958084157491       -5.3704069064127804       -5.3625123167762521       -5.3639760964734275       -5.3713845910186988       -5.3768742336424911       -5.3946249651026124       -5.3816577614431829       -5.3797464154302750       -5.3836117221364832       -5.3942651074547960       -5.3904973626548962       -5.3762546932548556       -5.3849637644601565       -5.3746693605367337       -5.3820466177373900       -5.3814444453478059       -5.3747073216736378       -5.3917601313209031       -5.3770463592007047       -5.3839466650479935       -5.3757709546911077       -5.3736568269210743       -5.3800590560264494       -5.3763708455642982       -5.3825190155954576       -5.3769748545729854       -5.3760737692084195       -5.3804954916747656       -5.3729528176290176       -5.3780540170409870       -5.3807457417368827       -5.3765576998329907       -5.3818567873077328       -5.3819755601223020       -5.3800117009141726       -5.3841382346128519       -5.3823041169758437       -5.3872799723055564       -5.3841023059671222       -5.3797118119703624       -5.3777392527000396       -5.3807115063321946       -5.3763377792383951       -5.3813548207284478       -5.3797767028756969       -5.3779934397522728       -5.3784440811462924       -5.3770209018331796       -5.3813583739744919       -5.3798716625348950       -5.3819944134336950       -5.3799359012654095       -5.3131949439786803       -5.4263615306213300     
 PDF4LHC15_nnlo_100_pdfas         103
  -5.5613817870223503       -5.5546453941481273       -5.5907856012206398       -5.5048713582696616       -5.5527468921374679       -5.5848198729831839       -5.5473242588545641       -5.5463282853708789       -5.5534456116335829       -5.5404771667414350       -5.5231945503658624       -5.6317030143189850       -5.5810624067597194       -5.4894362620994039       -5.5464281397723498       -5.6048592601980971       -5.6124402613322788       -5.5480409816556229       -5.5556937391452097       -5.5401215664638164       -5.5805649054029862       -5.5741249240031756       -5.5158681306151491       -5.5645928056045646       -5.5906871010167425       -5.5597560295039097       -5.5450762985639734       -5.5715291701134610       -5.5479004964325709       -5.5343139012747482       -5.5617593761440745       -5.5455118410819928       -5.5875373363062790       -5.5464544372206852       -5.5500021696134896       -5.5592399451487360       -5.5635690951749055       -5.5950462989602281       -5.6016164871524436       -5.5650695656665059       -5.5706288812913867       -5.5450110501617011       -5.5468923893830588       -5.5636854913924312       -5.5377293057616548       -5.5753309180467463       -5.5330756882245362       -5.5833349035018820       -5.5726633948978881       -5.5492384066265990       -5.5616720140584928       -5.5579705474568506       -5.5522859357137664       -5.5725155654656646       -5.5619291243270039       -5.5535579275107363       -5.5563526439004871       -5.5776117716011075       -5.5591131560520237       -5.5442866126620087       -5.5578865749509223       -5.5654971412659462       -5.5608061675564340       -5.5635017747915327       -5.5690422194836389       -5.5612170543133717       -5.5625762836190997       -5.5586051846997631       -5.5562531872194265       -5.5606744652465405       -5.5630982828168447       -5.5704448070646837       -5.5633920600090114       -5.5628862997301924       -5.5650866942131465       -5.5636860547086435       -5.5638059529099264       -5.5615210114536202       -5.5624781677785551       -5.5647215291026129       -5.5628110615343793       -5.5676525774355241       -5.5640402187222682       -5.5609302652474728       -5.5601690735442837       -5.5587378772806906       -5.5645601293492106       -5.5572903392998585       -5.5558305933095200       -5.5591160566298603       -5.5608444233152925       -5.5574130622196067       -5.5609976964803716       -5.5608595079184786       -5.5566138027259075       -5.5625536950579555       -5.5598283034532230       -5.5616844584695322       -5.5606725487575615       -5.5608979389672930       -5.5628718595993591       -5.4988774620410314       -5.5904842656295903     
 PDF4LHC15_nlo_30_pdfas          33
  -5.3795263480521127       -5.3820385228122971       -5.2942544801760043       -5.3756281346280401       -5.3018271363301839       -5.4365988558401153       -5.4654638638030972       -5.3756824759965154       -5.3927443211286672       -5.3687341140859637       -5.3974685750581530       -5.3640184981904939       -5.4009599713768184       -5.3830028940900645       -5.3554319284042204       -5.3852207138753938       -5.3664038416734456       -5.4027039533327388       -5.3836148406398232       -5.3903120299139040       -5.3866218046528358       -5.3706715417860513       -5.3683952754044713       -5.3793827113255190       -5.3544607495395482       -5.3826015322953342       -5.3622744776725115       -5.3954133020777304       -5.4181832270967512       -5.3853641676501205       -5.3848826425481331       -5.3131949439786803       -5.4263615306213300     
 PDF4LHC15_nnlo_30_pdfas          33
  -5.5614989104690853       -5.5257690628377940       -5.6300669408659907       -5.5496348190545177       -5.6140507686170222       -5.4976165146175182       -5.5633983296908829       -5.5410574490036613       -5.5631856601818432       -5.5070927880997624       -5.5329123853189044       -5.5796654049843211       -5.5719986581270646       -5.5671313442634185       -5.5576002473982742       -5.5458413118368837       -5.5428156137202578       -5.5573745683682665       -5.5552064732584236       -5.5683832667702893       -5.5849738609136148       -5.5045862520908910       -5.6376183464232854       -5.5666236779310045       -5.5835912894268001       -5.5585316019903726       -5.5526825518944776       -5.5868730442935481       -5.5549012553379482       -5.5810924351600448       -5.5532680127802827       -5.4988774620410314       -5.5904842656295903     
 HERAPDF20_NLO_EIG          29
  -5.1614872659447659       -5.1572938720444945       -5.1656629990311700       -5.1626626835544505       -5.1603019118865374       -5.1671748584500250       -5.1558192391138649       -5.1734006312991472       -5.1498359909804021       -5.0613039982453634       -5.2607422692969816       -5.1829071539675189       -5.1418377018938131       -5.1607672454422344       -5.1623235543545443       -5.1744807877903609       -5.1411503894534833       -5.1698370235281770       -5.1581818829142794       -5.0690300334586036       -5.2460502630519459       -5.0787623178966745       -5.2415450453802483       -5.0265198013229320       -5.2965471427938988       -5.2398833440721582       -5.0847865147833602       -5.1589667323362169       -5.1699557831901304     
 HERAPDF20_NLO_VAR          14
  -5.1614872659447659       -5.2648823784962584       -5.0647090690744747       -5.5631341082033199       -5.4796696040727300       -5.2274344179914527       -5.1343066295554296       -5.1526782601827490       -5.1715706217392361       -5.2615958813890193       -5.0684500939428725       -5.1431781640407319       -5.0760817829003635       -5.4232592140661531     
 HERAPDF20_NNLO_EIG          29
  -5.7173023026515324       -5.7126208282906381       -5.7213024067500751       -5.7166721463603123       -5.7172730969477747       -5.7228056950769464       -5.7111316547260467       -5.7397970839546870       -5.6947126437716777       -5.6824607228094655       -5.7520083686855852       -5.6250340785402235       -5.8071407156692887       -5.7358171715197104       -5.6976190260255919       -5.7042554007565291       -5.7192685909474452       -5.7069586178705860       -5.7263180028336524       -5.6010369408395277       -5.8286044055531425       -5.7214194646639465       -5.7100649376498946       -5.7674911406228446       -5.6706095453406178       -5.6508252203769134       -5.7968195194182348       -5.6346181354139082       -5.8120631333834352     
 HERAPDF20_NNLO_VAR          14
  -5.7173023026515324       -5.7875245714783512       -5.6200636432148929       -5.9479231498446143       -5.8423245624347180       -5.8935633806907637       -5.5065066981402193       -5.7077616629995322       -5.7563108811616912       -5.6531035521347333       -5.7026432925827484       -5.5046843118307764       -5.7461996746207316       -5.5138799446310829     
 CT14qed_inc_proton          31
  -5.2257588367972057       -5.2251972138650427       -5.2246314047014790       -5.2240613667752838       -5.2234975299847557       -5.2228997529061312       -5.2223323242863104       -5.2217660830052361       -5.2211982126936780       -5.2206395315868814       -5.2200430517821230       -5.2194715061267747       -5.2189076583591261       -5.2183349832932189       -5.2177769800962466       -5.2171777032731574       -5.2166096827106472       -5.2160429035880842       -5.2154846268947210       -5.2149126871721148       -5.2143166526286144       -5.2137454893014148       -5.2131871593105785       -5.2126207624092613       -5.2120518426421807       -5.2114547020341027       -5.2108940108169888       -5.2103258956557630       -5.2097609244640379       -5.2091905253549120       -5.2085934161261660     
 LUXqed17_plus_PDF4LHC15_nnlo_100         108
  -5.5263853969427723       -5.5179332310259026       -5.5550977657100038       -5.4703400046817698       -5.5174148507819885       -5.5494996036662174       -5.5137590460566415       -5.5127739566891147       -5.5186474874754907       -5.5057423106497971       -5.4881037470008103       -5.5979241180759898       -5.5467842826686731       -5.4556505961860715       -5.5114304935878486       -5.5670984515115496       -5.5788612731825244       -5.5122726479417530       -5.5202867547472136       -5.5064261406035895       -5.5468931252313878       -5.5385269130621433       -5.4809083863102384       -5.5301687976221379       -5.5547176084794687       -5.5234490511954606       -5.5089593476507179       -5.5379603548250262       -5.5135593597366119       -5.4988115215326205       -5.5262431223237973       -5.5120964425579508       -5.5517824302483438       -5.5110851136580958       -5.5150112276745720       -5.5239041928609565       -5.5286820396233383       -5.5598246046947644       -5.5661340051785722       -5.5294774118573304       -5.5356154318111317       -5.5098298939679404       -5.5118000446897009       -5.5294225436334665       -5.5027048018049181       -5.5400789819653422       -5.4986514285888246       -5.5479809526933082       -5.5378770435013758       -5.5141967312074724       -5.5267881365581166       -5.5228483201989302       -5.5172996437956368       -5.5374714419879929       -5.5271269162383261       -5.5187917057497264       -5.5209230176733417       -5.5425571782919443       -5.5245371069409890       -5.5096597697590504       -5.5231617245581948       -5.5305742402464837       -5.5256972100922379       -5.5282383624454310       -5.5341769499808322       -5.5261255735427302       -5.5274864521350651       -5.5233879446232148       -5.5213399517764739       -5.5254106038337421       -5.5280137167181884       -5.5355246528584336       -5.5282182311356154       -5.5277577580889652       -5.5300598738175584       -5.5287362210105382       -5.5291052480343348       -5.5265739471863986       -5.5276447428983255       -5.5297245668741750       -5.5275466108083133       -5.5328995293137311       -5.5291147792241375       -5.5259326394374852       -5.5250680315126566       -5.5238438171816782       -5.5298587823142880       -5.5222084805750100       -5.5207091335964140       -5.5239685472098818       -5.5257577792157040       -5.5222430188033158       -5.5258354912898726       -5.5259162057773539       -5.5213952887816236       -5.5275424373651632       -5.5249535642398122       -5.5267032791872008       -5.5256072264461906       -5.5260008192980639       -5.5279343539356169       -5.5263688610062083       -5.5262974392177888       -5.5263984950632699       -5.5264022117518188       -5.5264256213539662       -5.5263910531223823       -5.5263274483529941     
 NNPDF30_nlo_nf_5_pdfas         103
  -5.5336595050307453       -5.3804806531343967       -5.5546999115055202       -5.5716296598580959       -5.6249036868277908       -5.2334165377798358       -5.5768179807222564       -5.5493832598490407       -5.8230087968428670       -5.5664040686928331       -5.5238686487905868       -5.3048228138139271       -5.5670010458789880       -5.3122831062843261       -5.3577643973010671       -5.5993944885451983       -5.7188941958977368       -5.3366111298537771       -5.1766435054555737       -5.6734472403718783       -5.8454035467762386       -5.6432781829898762       -5.5963978872090427       -5.9150744184392945       -5.4267845075216261       -5.4189546076463806       -5.4333727897360626       -5.4076882144312419       -5.2886945710733624       -5.5283953343435170       -5.6840591212636493       -5.5330222842217855       -5.4910674291874866       -5.5665371187691957       -5.5468171203351204       -5.7434889168984915       -5.6362286195133198       -5.4732114333438879       -5.6650377623513961       -5.5891523244783823       -5.5948848350784210       -5.6357178283058920       -5.5354158289531847       -5.5389117185176433       -5.5168836893494850       -5.5471907022690292       -5.4875769216764319       -5.5985359797526231       -5.5361740545906644       -5.5333363822915791       -5.4890686221234430       -5.5608506464423062       -5.4621188589662371       -5.5466549083450394       -5.5147110333850353       -5.4486184029016060       -5.1911608442007138       -5.4494401966286583       -5.3604829377955046       -5.6116948771509394       -5.6731310719826009       -5.2364442103012605       -5.5066200276657051       -5.4256916097693022       -4.9986206503976245       -5.6427195956131166       -5.3246486765196224       -6.3175330685692916       -5.3811679990154548       -5.6101003340384574       -5.3628746334053892       -5.5440308289005591       -5.6321628666631627       -5.5468234301517425       -5.6005165893086870       -5.5134326246120127       -5.6498041303789126       -5.5322493364282748       -5.8134161284104451       -5.5005866442655904       -5.5330910864341449       -5.6326049609517979       -5.6521704776913166       -5.6910324243534207       -5.5392732070287396       -5.3402033511709028       -5.5703791849203865       -5.4457545711443567       -5.4823400380685872       -5.5004204924400435       -5.5375029632905584       -5.7437215924721414       -5.7381964442713338       -5.4664290888565930       -5.7298336742527720       -5.2516881875020980       -5.7734877688543662       -5.3857525822918859       -5.6144615251423522       -5.5386503536237761       -5.3315291770803581       -5.4798613914140724       -5.5627546391629448     
 NNPDF30_nnlo_nf_5_pdfas                                                                                        1
  -5.6731592450146140     
 NNPDF31_lo_as_0118                                                                                             1
  -4.2327652496809787     
 NNPDF31_lo_as_0130                                                                                             1
  -4.6425460784466024     
 NNPDF30_lo_as_0118                                                                                             1
  -4.5251985541724427     
 NNPDF30_lo_as_0130                                                                                             1
  -4.8426900418715508     
