   0.0000000000000000        0.0000000000000000        0.0000000000000000        0.0000000000000000        0.0000000000000000        0.0000000000000000        0.0000000000000000        0.0000000000000000        0.0000000000000000        0.0000000000000000        0.0000000000000000        0.0000000000000000        0.0000000000000000     
   2.6446704869905718E-002  0.33746090564472436        3.3010366602427871E-002   3.3885592241950695E-002   2.1637759160619632E-002   2.8830737508243685E-002   1.7023805888135710E-002   3.2217234906728599E-002  0.45679136592948200        9.4611594957801928E-002  0.16198442474381008        6.4601532932481429E-002   2.7959250866095492E-002
  0.93783102760269854       0.76190247802835143       0.91702823793844712       0.88993896000729722       0.95135745237327496       0.76747873930484278        1.0090769085095326       0.78743188688710986       0.98686559944312791       0.79991439657817687       0.76683803397947004       0.77715197511032108       0.81422716575793574     
   5.1962878418625950E-002  0.43111823710339037        6.6059038445723486E-002   6.5991504776349186E-002   4.5619960674876996E-002   6.1184007536657356E-002   3.4459451096758902E-002   6.6647839495380251E-002  0.55849940724735903       0.12410764399567575       0.23331546402665665       0.11870350891860415        5.4574687810076628E-002
  0.72481157752367897       0.92732774115947736       0.81067359949715900       0.84740864378630765       0.92430922618302780       0.87902792733280366       0.75232579484176187        1.0008896801292213       0.96299412103399917       0.75117595302509621       0.94160712099348021       0.85388805209668417       0.88864779563359031     
   7.8383251233922244E-002  0.48646226229430234        9.9386976543961558E-002   9.7118652669900468E-002   7.0306737118037643E-002   9.2451119362736978E-002   5.2586626683178928E-002  0.10130519617141484       0.61895369933164057       0.14246675645349324       0.26637473355782326       0.15903559290974598        8.2421982522537365E-002
  0.82686644606214554       0.71596652530278593        1.0326332751000145       0.88857474584125040       0.89886018577554960       0.87927983604089210       0.81604354826095160        1.0395511834002462       0.97739775732912260       0.83089699481960277       0.75182841339223505       0.83449936741864761       0.86425468395572880     
  0.10667332901479745       0.53430173975257989       0.13346578197943720       0.12667171163465391        9.7284818872029166E-002  0.12920377536403022        8.0629641117643799E-002  0.13345561809710896       0.65868819553868985       0.15944226580265208       0.29586655422751029       0.20532832395733153       0.11216734384104346     
  0.88053031719654384       0.90152377233862835       0.83318255845773503       0.86621473187589293       0.86677237926829764       0.99492190214510423       0.84872745874947209       0.90880643994306687       0.88664973629583688       0.87923319614329365       0.87553068635759179        1.1023353071872355       0.84391218989902161     
  0.13673047389391296       0.57151253078269604       0.16734859606691674       0.15672324514874397       0.12590210425614820       0.16235749970128577       0.11008402386185312       0.16452590230310227       0.68754630490510127       0.17372444509950657       0.31930415617262065       0.24465493840321328       0.14622330413666837     
  0.95840343562934227       0.92234673319374516       0.82680459081226076       0.85581527427659310       0.92500997757610870       0.93487555918552434       0.85699065651262574       0.78884053877053362       0.78589914773824587       0.76852875185072833       0.70852789400154403       0.80045674879765283       0.85799950308622086     
  0.16752957451466985       0.59868660259628914       0.20166080356877580       0.18610975475557795       0.15603547213586882       0.19707406707704217       0.14544642317201006       0.19600894303412425       0.71454403547264589       0.18889062973929568       0.34630149141202327       0.28644605542958307       0.17722528665637077     
  0.87444557482921581       0.76791860207727447       0.79857610565473758       0.75897332887414992       0.75266118321911379       0.84725586671695285       0.83793346895391685       0.84750090333340100       0.92737994854356331       0.83597973964091088       0.82162934610467686       0.85544417977017895       0.81188960900683271     
  0.19825249111009785       0.62898420731876692       0.23589438306169208       0.21448947868301291       0.18864064632325289       0.22898848798020391       0.17840389581371585       0.22917031721184181       0.73622401844640772       0.20317662727958249       0.37157460320778973       0.31651070594533098       0.20907009725371697     
  0.84134475848484913       0.78070416756570893       0.85748081346089167       0.77016468240695801       0.95658353258194684       0.81744703252261175       0.74861139131923204       0.96340403104795935       0.70794355078384863       0.79311599693424006       0.77013903378575232       0.83796419533598465       0.78314588418161502     
  0.23145945712545357       0.65419926566695841       0.26940477303374799       0.24226040907712079       0.22167849037819426       0.26079538757703008       0.20999104089061468       0.26120662439503745       0.75301867572388215       0.21743112816704463       0.39731393233788870       0.34396398768965192       0.24130672941433035     
  0.87775830211650863       0.73278974963233467       0.99651256596916737       0.78757017889957093       0.82733938534042484       0.91834152571411110       0.71341244499770662       0.74256379778626158       0.75224434082268554       0.79563108285940165       0.85567785582254408       0.76314853413951489       0.79556077473525666     
  0.26627219418577031       0.67634572997022446       0.30226765494820462       0.27155693772920930       0.25564639476562651       0.29328811185651049       0.24164554623284629       0.29245436310321660       0.76775686912238883       0.23095784096861327       0.42396995696383633       0.36897183111906601       0.27699566858941937     
  0.72046479768085636       0.83127895011060760       0.89657360216244231       0.79324435160559581       0.88308088636059001       0.82300907291319669       0.72542652039119204       0.78864638561875322       0.83985449164496095       0.83594416627991597       0.68939409298397780       0.79370620333784259       0.83353568191594019     
  0.29999741524439988       0.69690623379129413       0.33360632682427549       0.30418118005569900       0.29070046802297950       0.32704986592418611       0.27326131071844051       0.32469214905443439       0.78221700031255059       0.24419823187076184       0.45074696018330090       0.39538478439478680       0.31178243369961389     
  0.88859265939619658       0.84444428053782172       0.80367940914775504       0.87839727396743505       0.79521765260644939       0.86725353602577038       0.82777275369001269       0.92335844889073093       0.74854010935058124       0.78229300655054423       0.78198731552526624       0.85567386232351539       0.71614967626446935     
  0.33240506570952416       0.71584155636955271       0.36526574230522879       0.33710042727624040       0.32572736481496845       0.36039045309396672       0.30923429523293361       0.35723497701999241       0.79572490301126908       0.25796463790686525       0.47698143388393854       0.42644622205563976       0.34496531128905128     
  0.84386655301246527       0.75271499510762319       0.82075032067574749       0.86707632726148254       0.72939032521859715       0.83330960305852042       0.80817431507326998       0.89026878723672298       0.76040398361119976       0.80960063953816586       0.81523323184281737       0.84184589574704416       0.94875822632355544     
  0.36419211481723535       0.73354984716258009       0.39456912312897063       0.37164307613599551       0.36037103593831055       0.39230554529224626       0.34535086062609333       0.38988115313226990       0.80942514495360862       0.27134831255256758       0.50385580752009984       0.45736162660541796       0.37830428131945393     
  0.93074053277396807       0.95624395560661080       0.84328543950705392       0.89907510067299712       0.70784004533583411       0.74766255604350806       0.90735531349831910       0.82195374586281411       0.73958839840761437       0.87485086688961944       0.77896706540973326       0.85181358230699600       0.88020950094547834     
  0.39629122427224273       0.75172700501044587       0.42457749932389832       0.40381664206987677       0.39598172580989799       0.42372818667812506       0.38322784236542723       0.42215244708266758       0.82345214783402931       0.28516318496086801       0.53201769040969693       0.48868611449255711       0.40962628259946787     
  0.84829294509421416       0.76823040972358347       0.72780488248903252       0.85849022959444421       0.81070522082054097       0.72402126767004749       0.75636828387991106       0.83580646719948237       0.87555173500428329       0.88175153742205681       0.73990282679469677       0.86353054246711625       0.67809271724234665     
  0.42907384692581396       0.76901573093588582       0.45387178387684490       0.43563534501321421       0.43115337756030825       0.45557472975726182       0.42182021182387458       0.45325428207376800       0.83671380211372370       0.29905673242513076       0.56214896378641444       0.51899641539383667       0.44185989125288844     
  0.82049785677106368       0.90686761567758112       0.75611040358439763       0.80813267432352964       0.94925931128986996       0.74713301935377596       0.82208831232668467       0.73318774591130120       0.79572196155923514       0.85261676254628727       0.86313281559978894       0.78427261304241347        1.0805341806586386     
  0.46267089509362408       0.78467484228062845       0.48367153542033248       0.46839555955374074       0.46904943479373962       0.48799125933457288       0.46247807110310901       0.48487943230093561       0.84849286427507720       0.31449357718659526       0.59204255269044737       0.54747267305730640       0.47462056440289013     
  0.82568530150412633       0.79960716381666885       0.87603018097553464       0.81007201364783821       0.82223829842858143       0.85600411803366705       0.78548343843143675       0.80977609219851854       0.77792406117694712       0.85474857755342004       0.82980988653336218       0.83023933884983825       0.92431583879204005     
  0.49501653666309042       0.79872822876546834       0.51495403479368895       0.50280610162967931       0.50736507399867481       0.51668194661734879       0.50184280521878688       0.51580722377923693       0.85925979698885024       0.33018237950525819       0.62208769409090636       0.57567190425136205       0.50587537026991747     
  0.85151148343014438       0.85765391556615189       0.71100269016355133       0.84776756441470780       0.91084423554353922       0.97702107371049840       0.89612322831800839       0.79582036116637511       0.72766090544696538       0.89127257098968904       0.86271916943342630       0.74762798866768021       0.87006356424651898     
  0.52618448854959787       0.81221870845954203       0.54631511476140104       0.53598489185603149       0.54500538956909172       0.54110559940512293       0.53993864495754984       0.54556089035306121       0.86956121900210903       0.34695987271461221       0.65119755405356861       0.60358761561796848       0.53397088932876002     
  0.88147772926499668       0.81675527293845618       0.84610035713886345       0.95218565642398190       0.83459320361827916       0.80529865294778924       0.87995636267550770       0.76159306312537345       0.91270058804546217       0.95070276194160841       0.76788090670716258       0.90711098326085582       0.78830029855463313     
  0.55754209175502412       0.82587464520267029       0.57790786354670276       0.56881734921860505       0.58055608926340352       0.56617217860146618       0.57895273478501341       0.57373029749884330       0.87952327524586227       0.36456260107392818       0.68080966676502408       0.63145463335560026       0.56206181032938229     
  0.78004292419322885       0.80036505020933257       0.90737259067106901       0.81783155655172024       0.81432478636475747       0.81201855566305048       0.86917104241039711       0.82334155013309684       0.83283323306492718       0.91202953409116871       0.83738973428639885       0.72879665095419155       0.84336737338490531     
  0.58994765600237553       0.83967274232717404       0.60965820400694537       0.60098559573261134       0.61747198164567840       0.59150286038545341       0.61656785163172989       0.59981897407859830       0.88935555560620960       0.38283155215229248       0.70990646441476679       0.65853455302791097       0.59125180941858213     
  0.79688869966633380       0.82639801744689412       0.75589391171610476       0.88382022184768516       0.78493734439714569       0.85998525526925096       0.86673713810426101       0.80927401752603989       0.73397122343730836       0.86654491138708034       0.99041538803200813       0.95373743538772726       0.77406010582316365     
  0.62444856654677949       0.85304962306575338       0.64072515674435926       0.63267110966313411       0.65446342906482191       0.62360478943457553       0.65231369198985911       0.62713431714973267       0.89921895458828871       0.40096585083759995       0.74047929938618162       0.68488467536148090       0.62276837294482579     
  0.89938101319600761       0.93998159189042452       0.77740849488012220       0.72545107998529790       0.82830181473231745       0.82040719012739471       0.76126932408450920       0.80379261903105148       0.80590319819590439       0.89475337463062110       0.75165817439142801       0.97007856891756827       0.91373110651665368     
  0.65298691950128218       0.86578146505792686       0.67163788538766644       0.66469931399749582       0.69310210611539558       0.65604392319396609       0.68400160500193385       0.65493455765312503       0.90876266724819277       0.42018642047762461       0.76922442081172415       0.71240638039252735       0.65461230164516149     
  0.70200597939609399       0.79934544065842439       0.82768410250392588       0.84449198225041433       0.89137525439182530       0.87276482221620255       0.79026067229051622       0.75504248468090673       0.80284996861207214       0.79520335099685380       0.77228862438357049       0.73761905844973563       0.86672415184151241     
  0.68138698411755128       0.87817187560504018       0.70257816411693286       0.69681995856107237       0.72620702364260004       0.69097877026701271       0.71654457634601587       0.68724202215391861       0.91775558152102654       0.43916995415102417       0.79716858112611400       0.74091007553118238       0.68999681993231732     
  0.83820773609372790       0.79578140690712862       0.87211496623491924       0.89765417082084253       0.77451610712325303       0.97071090849102304       0.72775764119179165       0.72927652786115293       0.84302993003392124       0.77880511676436492       0.76772773945481909       0.89644033497840681       0.79419039915519518     
  0.70942972379186819       0.88992101452965355       0.73659468981073528       0.72848896740951763       0.76029771357178733       0.72035290195903900       0.74879764628637424       0.72070725134246527       0.92610931852327028       0.45675931411465504       0.82366501518534196       0.77188014373935232       0.72375409894810416     
  0.84695013454742862       0.78159991122631955       0.87568713587290770       0.82096343375652647       0.76768722375784959       0.77839602271443176       0.82694003076378342       0.89890402836672900       0.80898485253237584       0.81245030550620378       0.73005173165003912       0.87430500443678538       0.74671504394256483     
  0.73758681910151791       0.90143568502198435       0.76780691274597845       0.76061430969350674       0.79187337020206972       0.75234098394296578       0.77994391617377001       0.75033663667693951       0.93368933684874789       0.47338067918004773       0.84853316580265847       0.80225567351650151       0.75923214138451112     
  0.69486187783119868       0.80086764779199926       0.83678672512648189       0.91344211460048086       0.78416391054317525       0.91387288963562363       0.85590308339303567       0.84048146050855110       0.77649845534443152       0.82617523855978681       0.95648697960313345       0.83950366937462717       0.85633187104805752     
  0.77055065521061916       0.91266876353374005       0.80104982416935810       0.79205368565931289       0.81973658328781474       0.78028957892609585       0.81065584732953544       0.78053306672459499       0.94050948354523722       0.49256005675254039       0.87519608905440305       0.83101325985815100       0.79496680097789618     
  0.92800122609894731       0.90331650714255118       0.89255727047458877       0.82973025452186711       0.77835248698708392       0.80780279258079002        1.0083903816513067       0.87543639814553575       0.88604971268456079       0.76072987782760371       0.77747163469937797       0.85937202041353600       0.82448668749854348     
  0.80352783904501901       0.92426075616845627       0.82773941234348214       0.82055319480536715       0.84693819944855531       0.80999662835768227       0.83913388180978088       0.81085777197531128       0.94716373556193834       0.51479892596913346       0.90059580652218307       0.85739667939063613       0.83092651658900629     
  0.90538199159568955       0.73236834983970511       0.82745756418329652       0.72353482921768641       0.67399417188165378       0.87639821691260045       0.82161514898327925       0.79125439503995532       0.80059931895500613       0.89219167060040250       0.97516548686894533       0.76411429069960135       0.88426929291893475     
  0.83523041183089841       0.93578277136008492       0.85391262053319206       0.84676743996783566       0.87389349720583465       0.83940118440891143       0.86739449921791567       0.84469708458643789       0.95410357439836768       0.54524504112560401       0.92386663625210275       0.88329568882217158       0.86516362114424383     
  0.78914141508814095       0.88392055129005143       0.76098911288364957       0.72880831955518455       0.84256266503612876       0.66140276454858726       0.85974891886373406       0.78611479168256027       0.85734468651106721       0.78061931590725753       0.85498605486774126       0.74718401614885976       0.96000774551591717     
  0.86546205779425023       0.94838795867327919       0.87957856039369298       0.87238604848846857       0.90074672497488961       0.87033796566881738       0.89588976589574953       0.87640070290265881       0.96133979032436878       0.57377265594532090       0.94446352830654323       0.90746899222767519       0.89823443949202308     
  0.88883505808317409       0.88356664138437679       0.76717830429934708       0.80296815201313843       0.74662357824492753       0.73460698522404400       0.76855055095075009       0.85046153497908561       0.83295986930686727       0.81142590051135877       0.94553598193398192       0.85703457527633808       0.78961508815951775     
  0.89528349723666867       0.96075743207455855       0.90656668329981416       0.89996631190503773       0.93009767717669289       0.90191983266397868       0.92288332626032554       0.90755580417015280       0.96910379047358763       0.61065407499968793       0.96388163615532918       0.93132052238813856       0.92515025485694902     
  0.83956113248095354       0.81471381072144133       0.79391796142982340       0.88485455699560633       0.90036587280036973       0.88994827522054021       0.78014661685056030       0.81457597272812965       0.89336022669477766       0.93571843783605768       0.88340850944005511       0.71515686416112945       0.75552449125834831     
  0.92527025583615086       0.97382275755860359       0.93830326857615964       0.93305466786060931       0.95562460654113301       0.93283265777805358       0.94869694989759090       0.93717612912483916       0.97598714301904166       0.66160404813048501       0.97845457162201266       0.95449839564354599       0.95056311240429348     
  0.75429876363261184       0.85875738177423122       0.89229320583648331       0.76417040603064434       0.87584193597024651       0.72193910036962161       0.82694218715300949       0.88819334972385533       0.77154542764863632       0.90153250413713681       0.83753907388518567       0.84913472845991322       0.71383417969479179     
  0.95955489577321618       0.98744000247035724       0.96952177560692976       0.96655090431056456       0.97898413853257626       0.96550958604852544       0.97347618958156712       0.96751921972638888       0.98623831140503482       0.72292790279138952       0.98994067123593321       0.97740629881898777       0.97611863954225542     
  0.81632453872961230        1.1473869623241366       0.73422584272956015       0.86463468285189793       0.91013553496712718       0.84003310883296944       0.88599756117247064       0.82298659278350506       0.94309605091761617       0.66289975607665763       0.95863260037820563       0.98063173362611500       0.77467376825004208     
   1.0000000000000000        1.0000000000000000        1.0000000000000000        1.0000000000000000        1.0000000000000000        1.0000000000000000        1.0000000000000000        1.0000000000000000        1.0000000000000000        1.0000000000000000        1.0000000000000000        1.0000000000000000        1.0000000000000000     
  0.74646672492625243       0.78192023355580564       0.88608551892340348       0.84773416527144907       0.85251825579816809       0.80266721834974908        1.1709548437674913       0.83421895453521255        1.0425514835156908       0.92222000358990741        1.1896224437272900       0.71906935156581753       0.90978990108039970     
  0.91949042731112018       -28.870925030160109        1.0337123164538462        1.8863879659094975        11.351253010695766        1.8696067129969087       -2.9218294627205070        2.6187023784264940        12.195749657629214        1.4369848464952031        6.0711628609358499        7.7252884729175957        1.9034876441040034     
  0.70420874972501646       -2.2727364877035154        3.2775190186214154        3.0447714706450641        5.7666601108792293        3.7543624530099518       -1.1114344566820216        1.1408743417476597        14.350002399256722        1.8989312180506923E-002   4.0226799800594346        6.2565423518525369       -4.7922607853802939     
   7.8276340071799870        2.1999783333558662        5.9744012973210232        4.2878268388665104        2.0550264985231541        7.4300280457396957        5.5366120732166930        3.6103200545378149        16.666164713721599      -0.10715022122551554        8.1828695030164731        4.0641281911720437        1.3733464879003521     
   3.5664808139205815        1.0681347114979700        4.7816834515218840        5.9432005545792244        2.2547579752132285        1.9401704519165057        4.6811248921340285      -0.82399059203797087        10.732368045640271        4.1859469366195352        5.4149716377423109        3.1661198773239194        3.7100366159681260     
  0.43649472191484140        5.6223815587251273        6.1778038265636157        6.7184975681275647        3.2743163795981487        1.6834595669313042        3.3339913482918160        4.0251842732729122        12.590151663172474        4.7492033855386619        2.8404483614923874        3.3521985081297121        2.7424054517531458     
   3.8460325512105626        7.6451735078659162        6.7373443496499013        2.0204091274836462       -2.3854241713301114        2.4256641912971419        1.6542642249563340        3.5096831903261605        10.395030821089513        12.708710527762044        2.6265493127847548        1.1887473490956602        4.9528874402530034     
   4.5948620716019439        2.4734896188479105       0.80524730589880456        1.4021013942076368        2.6005483160912357        2.5705753883897717        8.0929994984611930        5.3067981413721670        5.3456566357277229        3.6432758993301166        2.1224701183075796        4.7157366865402093        4.8860195542820613     
   1.0269745843167184      -0.54522733126094547       -5.0441369819356616        3.1778801614785643        2.5850745343972572        5.2400611996782738        5.5334716688289580        3.5642358392425604       -3.6025536081938609       -10.356872206107953       0.62157452027192317        1.7000605000226212        6.9304217760440894     
   2.1227463614010280E-003
           1           1           1           1           1           1           1           1           1           1           1           1           1
   2.9073520454283926E-003   1.8958119432491553E-003   7.7629978771852095E-006   2.8735054149817585        7.2392414695793744E-005   8.6801810397604344E-008
   2.8372315704679550E-005   2.6714080555003066E-005   7.4743644632349834E-006  0.47374908011933031        7.4693517493997354E-006   8.6726026306995412E-009
   5.0501967812729039E-003   3.4951227809525895     
