   0.0000000000000000        0.0000000000000000        0.0000000000000000        0.0000000000000000        0.0000000000000000        0.0000000000000000        0.0000000000000000        0.0000000000000000        0.0000000000000000        0.0000000000000000        0.0000000000000000        0.0000000000000000        0.0000000000000000     
   2.3807723079732702E-002  0.37386285453366441        3.2342816726852415E-002   2.8795386364519976E-002   5.6813707596254155E-002   3.0886116486216024E-002   1.2236028415322210E-002   3.2788035716078807E-002  0.41933338337926940       0.20790595646715185       0.11412186171340237        8.8830346426613652E-002   2.9794337736897099E-002
  0.87233406115039125        1.0287951348313225       0.83287256023490996       0.84696571758776085       0.94834767291094546       0.89984638379178206        1.0233802628734199       0.78272079732454636        1.0190884260053226       0.72749385166097724       0.80454458553644903        1.0984077863743749       0.76856754300641650     
   5.0643455603171059E-002  0.46350503976388657        6.5156236798619038E-002   5.9135402636213814E-002  0.10658480780419145        6.2758730731749396E-002   2.5515786005162987E-002   6.2998405740465252E-002  0.52347776990660133       0.28628024542171732       0.20506373140224221       0.15101346533609802        5.9414464443822909E-002
  0.83129475421011856        1.0355551289926717       0.83680775919733097       0.88135011650738382       0.97562203859733065       0.85929114716691946       0.84229263149181999       0.77336328230721685       0.88051094150202969       0.90411405234854025       0.97965328568690635       0.82863524540563804       0.81625666486998671     
   7.9619218823011942E-002  0.52936320172739948        9.5727002917681575E-002   9.0520193913780841E-002  0.14700305569581293        9.3537485026153097E-002   3.9640207719868981E-002   9.2794472440230411E-002  0.60397476827943908       0.31694958098014575       0.24042664231841326       0.19864985734883547        9.1358159204900660E-002
  0.75518839059479936       0.96017637372306130       0.83500038647167485       0.75085027207158228       0.80808363202699707       0.87009024633804999       0.85866155168241909       0.92402342062391207        1.0867274742318245       0.78555347615821602       0.77578927887138882       0.91859038094588386       0.79605825286523224     
  0.10967789680998377       0.57233881507176965       0.12959123225228736       0.12341327151795944       0.18869488607961921       0.12316807030848057        5.5850191213426818E-002  0.12215932200373009       0.63355082259117912       0.35303979599119301       0.27496436225110349       0.23670101295376661       0.12195669904515714     
  0.84799958063902925       0.78989381475062970       0.86590882512614753       0.84998781145151436       0.82253962105253486       0.77235955528350497       0.73056862467856143       0.78175105323439964       0.70362646072387736       0.88139892365027273       0.83806349456920082       0.69790420988866408       0.79265471753990135     
  0.13786798111483736       0.58986067077333182       0.16274353863615720       0.15585295806197591       0.22642022838305684       0.15337710379808617        7.2823387080186500E-002  0.15327848530789975       0.66362954824810838       0.37700881133123448       0.30080172706674674       0.27473120313826521       0.15569155667132356     
  0.70491582594455848       0.68491488525447519       0.77489525455716446       0.73362112796325496       0.73206658873563180       0.74548346988486158       0.81906829369765377       0.79178659833561138       0.88896247239910620       0.81553979890520423       0.85307637326628172       0.88467398168593481       0.82671027032901356     
  0.16754420548555127       0.61916470470390694       0.19443344965123763       0.18862233660249161       0.26402118497445182       0.18660022083970634        9.1351757109047943E-002  0.18321252677947797       0.69035243846757821       0.40190118887211757       0.32806385013578698       0.31337791170966284       0.18834841281847084     
  0.82936857481713699       0.81030600286165844       0.77265222867923766       0.74958321367867753       0.75149937819677315       0.85706671267893264       0.80322871685559649       0.73382617127269678       0.83020817754175846       0.66557760367035790       0.99909679772007420       0.76319202913673356       0.92487092681964322     
  0.19792405372235886       0.64577196717064034       0.22274095117625833       0.21751790849636224       0.30161597742315654       0.22110529009192983       0.11053610458641169       0.21479081560266697       0.71401405817549568       0.42591837360951279       0.35341055253591558       0.34898269496634926       0.21944106703709632     
  0.81535930285795433       0.76312937238881884       0.69254612188464360       0.75675980125964559       0.80074961733728434       0.79350600984757147       0.93567547719586375       0.87015046183930767       0.80009098110960397       0.76895930272026602       0.83971993323008864       0.82701750325846790       0.67684172920312635     
  0.22918633555949139       0.66901639164292293       0.25128271078132319       0.24776183241780730       0.33907414872472125       0.25338102267964607       0.13038740922364772       0.24645584317455776       0.73227408983679276       0.44581925171867470       0.37948368223501006       0.38114124656025217       0.25071579666783028     
  0.87609086943829639       0.83859547392660527       0.77232157251251821       0.84750655213750758       0.77989528130988528       0.78111220514291857       0.79529412991882020       0.86930469135113275       0.75602820416090488       0.92564809843074980       0.76181489558370941       0.84727234611204616       0.70016216455745728     
  0.26055736174008853       0.68765343822029357       0.28079597016680974       0.27594413547876451       0.37653030815554006       0.28325092312656114       0.15093292428495689       0.27673221850379520       0.75086766900425195       0.46479943997669038       0.40534743621953073       0.41238270177838038       0.28211227621659679     
  0.88350251943788938       0.76778812365279170       0.75796797810825955       0.74551115872637896       0.76383268266111493        1.0383715982994177       0.75242740010115328       0.82016212907488928       0.79768343736515668       0.86860525223891594       0.75510578871712641       0.82914408906941717       0.82553019230824387     
  0.29241486119335325       0.70646692866208183       0.31078924690597504       0.30800515787313015       0.41502994575843905       0.31360182953065818       0.17432261319332595       0.30598668722802669       0.76865543267700465       0.48281866702620024       0.43300162354031918       0.44142509524757240       0.31498399136423760     
  0.80130797439969492       0.87187841357365004       0.92319070844640594       0.86807783747718503       0.79068730639559370       0.79510094140083287       0.80211240006296403       0.81459656921204160       0.71023383136401552       0.83512499102628324       0.86634755143406772       0.73588887246292323       0.84250802597229835     
  0.32323995857118554       0.72390799521551497       0.34028237533648520       0.34108371624571188       0.45560599365838517       0.34464764927239439       0.19870568534957672       0.33526777686034859       0.78434742841017280       0.50038756313050825       0.46129733821533619       0.46877108106475335       0.34859013268150446     
  0.93717479484103283       0.82117406608682264       0.81034340531027249       0.88526836127336817       0.78747374195467235       0.84381763700022439       0.74698675234491929       0.78655488741605672       0.79254801881382098       0.73894148853197050       0.82353884932276511       0.77084462074503168       0.77574795422288989     
  0.35388144754231454       0.74119764550953360       0.37179802095576114       0.37246340546046436       0.49408262536092823       0.37710941691535976       0.22518225621625249       0.36583587839703507       0.79983957158858277       0.51807376353676460       0.48799032167317996       0.49457560394759925       0.38115663880364614     
  0.84936143009712706       0.91468220201958339       0.92417310627199445       0.75687239875357837       0.82059503906987885       0.83291187194664418       0.83363842965688106       0.69887394239237466       0.77176245737372495       0.74756233561671737       0.78335626981120166       0.70617239020357470       0.79132137624008758     
  0.38490233288693843       0.75610150382146102       0.40590097759890259       0.40189582300747018       0.52838612799715634       0.41013711156068466       0.25256940602881567       0.39649403409581857       0.81376824450931406       0.53522619955597350       0.51503264225841605       0.52010337575618837       0.41259918411742291     
  0.78897748189234362       0.77916164534773469       0.91099471237464280       0.76873934624405482       0.89299028507446832       0.93819977044518110       0.79801413984457703       0.77354416336771104       0.78506437392931805       0.81416376744249497       0.82942054246002839       0.70994376250846458       0.80777751977069423     
  0.41629246983520390       0.77035500082325614       0.44040154583991381       0.43071305572154195       0.56122291311058659       0.44296935224352452       0.28077415760083690       0.42782651785984654       0.82717895802588315       0.55271629689679391       0.54152610158425440       0.54806846518802710       0.44073283168850630     
  0.79126899726904376       0.71528688088115311       0.92984141525572506       0.80738169943626426       0.81403057360070519       0.78332133618583644       0.81290498733301886       0.82113476550937270       0.83544615216362617       0.86893939244018159       0.69941408429617646       0.83691293200463535       0.85402139266911903     
  0.44830287636853949       0.78494723337675432       0.47254535741907899       0.46030750020553207       0.59495427078478424       0.47531248315508956       0.30951294838642368       0.45858403173895701       0.83936556517231919       0.56981847552055398       0.57151433845125432       0.57478280975772778       0.46737426823410894     
  0.71286644505361885       0.74942031142546073       0.75763573381213445       0.81914049932997302       0.83960086968488978       0.80302500702921376       0.86322516489989498       0.80253826165100561       0.82500113830233868       0.73505095679104482       0.80978440173928634       0.81803664928272413       0.82166561015060036     
  0.48059715196344505       0.79992051847988643       0.50370163412336399       0.49075568828400651       0.63040298685718943       0.50748457292436100       0.33872809174017021       0.48918137255467053       0.85081008045436901       0.58699160752774349       0.59995253565498308       0.60153178677849417       0.49327610099933883     
  0.82277815720614011       0.74727410724295262       0.81887056012148463       0.88827587458078017       0.78620727547563984       0.83299377429760768       0.79589932266620322       0.85031771124642153       0.95292023293999817       0.86300069932188839       0.87008336890722648       0.96073349307760447       0.73600037926318640     
  0.51355265460591915       0.81413165707611279       0.53338559090081494       0.52247656136914178       0.66442566896806210       0.54018903354074232       0.37068553803373927       0.52026890970597583       0.86146175943617476       0.60361788574576525       0.62941612621101983       0.62704697388729758       0.52306443166897254     
  0.84760028679211563       0.64626697308954451       0.87415732392812717       0.90538679687789747       0.82401955195301824       0.90240632800792719       0.79613424374900621       0.92030369311841287       0.64481125618027779       0.77679524236278041       0.78523438980814353       0.79763311488078836       0.83938143380795249     
  0.54419753974857732       0.82756149291602699       0.56365175103028464       0.55499240493408009       0.69782752483904609       0.57344062386087602       0.40286137607882000       0.55255535980835224       0.87230834329062201       0.61942023739855490       0.65799292509425211       0.65245307429174704       0.55164242952604547     
  0.76151269154995394       0.67589590057396520       0.80342008163303791       0.79837864447002627       0.80679924998620378       0.72781533636394635       0.74600852808518237       0.91227955422040441       0.73090977319581629       0.84480816833825467       0.75622507471264944       0.79598914790484976       0.88298016923605982     
  0.57503960397484244       0.83995303537535959       0.59425684183988892       0.58660089727081288       0.72967971252986208       0.60584599954718243       0.43826946850438186       0.58499708808377415       0.88189912804883153       0.63571145685561470       0.68649131815099396       0.67837574818830304       0.58155547299894861     
  0.73752793846758358       0.73299999183217446       0.67848897838040600       0.85243823664694274       0.84790841994569011       0.78498243966320913       0.82245042777731769       0.76340408884672750       0.72130291737679797       0.91811489561136539       0.70705313296785233       0.92146318495294854       0.89981821898573422     
  0.60443504105038881       0.85142024460680066       0.62406702244144241       0.61821667593437113       0.75935735941651406       0.63639704992227064       0.47544564158169167       0.61673122979615802       0.89164331663181007       0.65182869948716238       0.71415473723927736       0.70339822696613685       0.61132002990367662     
  0.74925987425895890       0.77307341284534525       0.77036683136234152       0.87965992295200657       0.82693750024230750       0.86955919724394337       0.81957735816303501       0.91427920854869804       0.91968523699575411       0.87603733267613693       0.81490295114582878       0.94769031567204698       0.80259876087414872     
  0.63565734122565565       0.86264388313739548       0.65343241018889675       0.64999074824076097       0.78777307735304813       0.66596914526650697       0.51346345484103717       0.64779484108679541       0.90069174594357193       0.66792080358986639       0.74060441132440025       0.72971510270238760       0.64514908503407242     
  0.89033634428513797       0.77066988117044211       0.81549251096961550       0.78648313735472264       0.87117904103760069       0.78410152366700225       0.88055642459902916       0.83628382575285609       0.81621730145751969       0.84436439913902150       0.77247372787230451       0.71726157672263491       0.89074406639227477     
  0.66755459641797810       0.87345885699785086       0.68260063713729768       0.68287138907609590       0.81465162998771501       0.69602047180154636       0.55155755199336010       0.68134401023917146       0.90984150740318326       0.68339859788700996       0.76664554022761622       0.75650664545671753       0.67659412157341048     
  0.80380603817004681       0.79603371265382650       0.71919038627817056       0.78925957631614729       0.84416884205539966       0.82179132991011272       0.76941265999070407       0.80008446521947096       0.89434973261341066       0.86104419473549654       0.69521522674430680       0.73506925612426721       0.72738632752186638     
  0.70042992109002955       0.88437276246113194       0.71257191662890840       0.71561805112883370       0.83937732773145979       0.72653054504579895       0.59088949211460184       0.71457888263375935       0.91862985586963097       0.69789538215163571       0.79155548318253510       0.78298842872041763       0.70840935769096602     
   1.0345172065148749       0.68612729971359010       0.85051518206312282       0.79376750219200154       0.77079980171343043       0.82522906236164550       0.78644209194037740       0.90268799551231005       0.80102023828824220       0.82079182323302102       0.87596257917360087       0.80213360845982107       0.86352441682052361     
  0.73417373284629517       0.89515838608686082       0.74421009281095640       0.74931505766650253       0.86263623103720222       0.75660524070733515       0.62776158004788396       0.74666961125138542       0.92699467280947356       0.71376488755534329       0.81812096494456710       0.80865449750039142       0.73919261009174941     
  0.95419371994735869       0.78976347342521636       0.80572113781474508       0.87957415304683195       0.83460090963472855       0.81536187091348167       0.78591073389180199       0.76464706622990553       0.68346367310183731       0.72717200604700905       0.87223849103149209       0.83565437819075905       0.79516554841995657     
  0.76933333232248913       0.90639640330889404       0.77725511485945986       0.78287504334582303       0.88341863037698998       0.78530390492210878       0.66773074822906109       0.77696174576176291       0.93519141672967832       0.73135626202598225       0.84368446476777925       0.83384833033995298       0.77147813229058038     
  0.80481481029926039       0.93353132908448810       0.76069768923019920       0.81735949730846247       0.76351982722444289       0.80211740078790206       0.77687876084833829       0.75127206882585151       0.81880922356099839       0.77808893385122158       0.87210404256364304       0.91430233114997839       0.75624362135172651     
  0.80476724251549370       0.91783382603152697       0.81255115489517227       0.81859425475970415       0.90472591443408135       0.81341373301130138       0.70710327888757940       0.80830725149309934       0.94327316599170707       0.74831910074794650       0.87057678512838732       0.85887254315076367       0.80648145271624527     
  0.83597218236997295       0.81600012192196103       0.93335597994168351       0.85411959139822347       0.77954714435471617       0.77691009376958553       0.80560284182829045       0.73403726489647947       0.87487465712849455       0.74661888826768830       0.95123175142192140       0.75401416870419369       0.85341230311129068     
  0.83697439545447527       0.92957570163085212       0.84663839139956387       0.85132481026706786       0.92315241782996404       0.84179463789931286       0.74951764811106392       0.84049902384254005       0.95143292284806258       0.76688765629620270       0.89548788975630045       0.88345025018899437       0.83942422485920887     
  0.80423722251547047       0.84565338372422505       0.81844241602007861       0.76776046523965435       0.86205485250485425       0.78414716248539917       0.82467773292536894       0.74644775427619636       0.86573463614857882       0.82551334910282914       0.71775419408981300       0.84887841516316642       0.84933293434180612     
  0.86717063148163276       0.94117078217992811       0.88038565205731145       0.88081822954504063       0.94234352913374997       0.87114043096773097       0.79120078480225919       0.87321345724381849       0.95940117794600999       0.78072062430296285       0.91954717784122642       0.90751052522699249       0.87344183333971037     
  0.73855390457828218       0.91686378297712245       0.87233551791411157       0.80880367068883696       0.79241353475296739       0.80299803483094234       0.91228179063308168       0.79233893524345567       0.76742316079492434       0.82287675226781332       0.76547078595141116       0.76663105559060096       0.91106442494059392     
  0.89701879266896833       0.95340846033923243       0.91394391199773162       0.90850192862154022       0.95881691580678075       0.90231791835834385       0.83289497977942739       0.90700993840792143       0.96780081895833225       0.80507977233417005       0.94247889200580448       0.93168186966786293       0.90596613087632827     
  0.69242299563756804       0.86185870142496179       0.84977925719045855       0.75379303143189735       0.78616172605759405       0.74543223625565669       0.74431048333915750       0.90464049665418134       0.79913139281556844        1.0682108192421769       0.86298242739362541       0.81429230771539340       0.82786410002959487     
  0.92690422627269298       0.96581118666478438       0.94531033204530568       0.93648385923426158       0.97400502920410004       0.93406618366864180       0.87485785424765128       0.94073313867014641       0.97512420472003769       0.82867316292794924       0.96360516296570353       0.95620881796012447       0.93853804464878343     
  0.80647281361251610       0.83725093665278338       0.86154416085314223       0.81001561999172467       0.83203419853299954       0.73909226360582614       0.81512858152914724        1.0337267513315642       0.74557692822584132       0.71146882834546143       0.81246621300370403       0.76425674694760259       0.75875991898745831     
  0.96171248104333129       0.97999711951692714       0.97384111202534618       0.96846259300706083       0.98714350401893280       0.96703279471350867       0.92882185412370211       0.97148689141158462       0.98620108161181375       0.87219735527226794       0.98222394155328818       0.97818277808976128       0.96955140536634077     
  0.87760739266074372       0.93884062982604100       0.84202936025069042       0.84515712901706042       0.79165027403488442       0.85142421230253074       0.78544548712871798       0.87561013139435007       0.97788756686746825       0.86060766735279048       0.71649630858489644       0.73206718640835022       0.95617320189885502     
   1.0000000000000000        1.0000000000000000        1.0000000000000000        1.0000000000000000        1.0000000000000000        1.0000000000000000        1.0000000000000000        1.0000000000000000        1.0000000000000000        1.0000000000000000        1.0000000000000000        1.0000000000000000        1.0000000000000000     
  0.79352321951501992        1.0568511972807000       0.76481870749245839       0.90631403616857842       0.85299864920671231       0.74619716646618151       0.93954467939618780       0.70872988377683965       0.82641761868493813       0.83779126332269660        1.0115521234413096       0.91390483845782611       0.85876119457060951     
   18.544309975044946       -10.973408358175746        16.722978456155101        17.636193143209326        46.489610773339628        18.512606857640854        3.4858156233565261        17.209645625159862        10.840187672214901        14.867633642940973        7.9063099020964946        17.778763539997236        19.584336837421162     
   18.016003240126309        5.5677090808745460        19.831019321864936        24.923994466860805        34.494992277255243        19.610706224037134        6.1302731580030212        15.432581330241222        17.523902813696466        22.603935834861879        16.480536479064718        13.274791079471473        13.770413394344137     
   18.329568442325261        16.657909849184481        18.187285019706952        20.564764743376806        22.044715375838045        17.660516848156302        9.2161793552440212        21.541611483044562        7.0013611431240754        13.304514959416734        15.905477150481653        22.011255638962133        15.367869596320526     
   16.040988913029196        13.350726293544330        22.921257648687131        11.079284166520287        16.967609037106623        19.009987352049102        16.941357531121358        17.167532589282704        10.155020471465237        14.572837880943130        20.331493699926387        17.571135399163389        21.582456668023394     
   19.926358620109347        17.813815149213529        18.039298260436553        17.913528312618851        17.490604889222745        15.093738213546180        22.650388527091447        15.778053574001520        15.338183141385240        18.618280949355157        15.561389421831787        17.477615571579022        22.344151783665659     
   23.956145183238750        17.266423116644201        15.809551917724830        16.075119315386978        15.352608678775610        15.387837211489726        21.717971456971839        14.679664171750362        18.670747081731307        17.328313965188642        14.863858993398360        20.633437593969873        18.723787104314166     
   13.837937460070636        17.229653890294394        19.121973730514373        17.431284937497768        9.2351318194206975        14.068168318244798        29.756117425742119        18.851449807432228        17.248237946984343        22.614073556489743        15.395692087397876        19.120321470652179        17.264505052927287     
   14.120539395267587        17.936049163727009        14.301763290184221        15.029548050168820        12.283961953014089        20.089395327134515        50.811231423982342        19.622686078709606        18.312301480453048        19.165266847410738        18.722517358646460        14.334263699678889        14.492300874638822     
   2.9567926996829832E-003
           1           1           1           1           1           1           1           1           1           1           1           1           1
   2.5819598170120626E-003   1.6483711880045577E-003   1.5591320565292820E-005   15.081627351977625        1.5574317510793324E-004   2.6501216414005619E-007
   2.9553842545954835E-005   2.8847849593448260E-005   1.1055493638592120E-005  0.46260665987658367        1.1036427662520061E-005   1.7078873223276260E-008
   1.4849441348910123E-002   21.786052896196910     
