   0.0000000000000000        0.0000000000000000        0.0000000000000000        0.0000000000000000        0.0000000000000000        0.0000000000000000        0.0000000000000000        0.0000000000000000        0.0000000000000000        0.0000000000000000        0.0000000000000000        0.0000000000000000        0.0000000000000000     
   7.5498019672996131E-002  0.15784754625598207       0.41680546208736691        2.1965670967607636E-002   3.5763841688522535E-002   7.2473434769751877E-002   2.6090669530222731E-002   2.6747460473323027E-002  0.51844811745552355       0.14533021803956409        8.6050011618600167E-002   2.1636575259019766E-002   3.6181319235500761E-002
   1.0480792858355701        1.1054784761624705        1.2125345302996513        1.4250161176858627        1.4187006452436275        1.4763577409191637        1.3189405121032609        1.3970769822814668        1.3677080182810133        1.1481541466089911        1.0547834001020941        1.4147918497055145        1.4585936369326102     
  0.13541666420603882       0.27998878001071525       0.62417313804821772        4.2470363153679955E-002   7.3864432819592707E-002  0.13291044896844645        5.5772709111133828E-002   5.6549404185023640E-002  0.66860017839667307       0.23132599281043165       0.19010025681606826        4.3184041442368953E-002   6.5036905329778752E-002
   2.4948145447137309        1.7807025705192869        1.5397065229627127        1.5050984161050049        1.8952876691854179        1.4350676288351574        1.4860153406880425        1.5098360111268805        2.4364266533693701        1.3499552942818629        1.4895589703937286        2.3024040207591261        1.4372577736095968     
  0.15352238891247547       0.36979634149895646       0.73024753769800288        6.2727397568302729E-002  0.10249798718557954       0.17678663534223207        8.5308848764798315E-002   8.5067705901796770E-002  0.71234108471165036       0.26921550990580961       0.22035043670478055        6.6207537463292276E-002   9.4128035679214933E-002
   1.4507796729089382        1.5570821852146182        1.3936477023058140        1.5056739693537076        1.2952966156621701        1.1627001468219020        1.6234146000338874        1.3174132406614816        1.2905800405430832        1.7185876561530584        1.1845226202277626        1.5420297906310412        1.6463753166352422     
  0.16867240295767880       0.39959050932577750       0.81622983961578999        8.2404867221325159E-002  0.13490346276171364       0.22261076671166333       0.12163012128092468       0.11462654229630462       0.75088147361906743       0.28818852656074423       0.24880000613818654        9.0626214487542794E-002  0.12417229879910456     
   1.3446550955142464        1.4524296435879169        1.8149641065587694        1.5578012263884560        1.6966530478876403        1.3948536027805465        1.5298386815407112        1.3415639939204376        1.4536073113267385        1.5074437497567805        1.4816124304459934        1.6203057178745055        1.3753923990939096     
  0.18492985052906075       0.43130068955993361       0.84024943936132801       0.10335014243110865       0.16783256989634188       0.27340155731899168       0.15737838686899180       0.14842813736947510       0.77796048544554008       0.31103627237291459       0.27575125089130775       0.10997348322195936       0.15261764507921716     
   1.2922440614396420        1.4473197686763111        1.3584738574276780        1.4627868815627159        1.5678571191413753        1.4236609227355925        1.5737632882442305        1.4936700363368487        1.4966090263377554        1.5030405178140183        1.6176948954877386        1.4957556378212500        1.4417112694369993     
  0.20405340196070804       0.46601767078702999       0.87365216400148671       0.12545428522767857       0.20175183479631117       0.32664756428644864       0.19405632311279475       0.17950898524889355       0.80070234541301333       0.33314435775250223       0.29935330794947262       0.13149725891350295       0.18470223020066898     
   1.2694528034812731        1.4605342095522289        1.1951068286470015        1.4089231254886414        1.3946651010403648        1.4234179402691507        1.5228638239699455        1.3347155336692418        1.3256251614439514        1.4390024661710785        1.6217315899846036        1.3585000821938455        1.6100471193719401     
  0.22415041043185477       0.49137909354257392       0.89919607655233880       0.14685568094694401       0.23682996996042119       0.37145755771244171       0.22787415304631173       0.20743916228509493       0.82164248378266924       0.35121090684457801       0.32338660501613525       0.15468585461302542       0.21911351993375314     
   1.6281963959244594        1.6582659198605263        1.2061251271566387        1.3104635058252658        1.5507873391681257        1.3543349493236017        1.4804151306402793        1.3639535029641214        1.4986189312733860        1.9430394738011429        1.6272039132897940        1.4533660732062337        1.2799406992017857     
  0.24712208073797615       0.52016509750104278       0.91638688114829048       0.16874381952477402       0.26890066634105286       0.41377505099779904       0.25760329801198861       0.23778283163725430       0.83988062990599921       0.36539695059684962       0.34643632104725397       0.18263935531389119       0.25109521338547675     
   1.4120967952506305        1.4165394900461783        1.3409696851583053        1.4572356624685141        1.5231156596029620        1.4480786010753910        1.4974610285579744        1.3534570232185539        1.4617513464683853        1.4834789424266714        1.4721519297112002        1.4679877555171550        1.4857238704707858     
  0.27355301120014863       0.54744779960313705       0.93419665534433483       0.19224084758074822       0.30577812111006153       0.45341439605801837       0.28780150253863329       0.27039044189092915       0.85610751891252346       0.38091855600444846       0.36783738255204684       0.21599334108255849       0.28136603897972357     
   1.4514233680432778        1.5029332831387625        1.4044341985700761        1.4385229588405906        1.6917035257220636        1.6807012621736999        1.3759871233964320        1.4172611111752735        1.3759042506073424        1.4446819331389049        1.1909439305285527        1.6951643802581000        1.4309210475846776     
  0.29955740725040375       0.57241870689588925       0.94487075747717797       0.21915330458570867       0.33529550288074361       0.49030072438381633       0.31795694271870339       0.30696726681818859       0.86911279185258783       0.39701304262109827       0.39043498208230054       0.25104027524200595       0.31046362103936237     
   1.4731931140462238        1.4278830417314590        1.4040524641497552        1.4726318705298025        1.4730753681090827        1.5715148910682151        1.4812208180011741        1.5984256208241725        1.3402735578224465        1.5236705125964318        1.3930948001055188        1.3121345954562220        1.2192481614710184     
  0.32273296855560252       0.59719317710501796       0.95485028787735016       0.24811460583367184       0.36052222464079159       0.52804754842090318       0.35133105387736874       0.34158296710090019       0.88037013074944637       0.41293203915656518       0.41745511852397743       0.28690543603556290       0.34006616835272946     
   1.2360159359127074        1.5056706255293446        1.4828267646209028        1.4001488609172774        1.0531754435190797        1.2502367733008675        1.4733050948795552        1.7119477505020222        1.3302565479236634        1.2985916234767869        1.2545907374743575        1.7070312251657553        1.2694470414552965     
  0.34845699611466396       0.61980540802520656       0.96229136158801176       0.27183928146940617       0.38764656507236944       0.56293082364165892       0.38530451995657844       0.37784362332227184       0.89081038814331304       0.42723680720911850       0.44632678851530178       0.32049329525738285       0.37101167150513226     
   1.5184059379938710        1.5196065829200165        1.1911288219948184        1.3452154266950522        1.4028122689309539        1.3734803503609949        1.3016609580642231        1.3955028831541223        1.7463199142864130        1.6115768817388074        1.6314071080292190        1.3518689920192681        1.4082295396940876     
  0.37142353566304748       0.63999307707095898       0.96840758264167281       0.29840837019335137       0.41334692685153485       0.59469582345847172       0.41760358438104089       0.41218221661066545       0.89864999268678847       0.43988064122595683       0.47389704978160885       0.35126564486903739       0.40831150645373604     
   1.3816890759173479        1.3885489740016017        1.5284731316243123        1.5489555718521621        1.3416869008811771        1.4781945264156107        1.5036560947559345        1.5364226548776785        1.3304565847193672        1.4437760773606345        1.6984499141367837        1.5131227497639619        1.8520080080330035     
  0.39630812593037767       0.65976429504440826       0.97345024605819208       0.32789548259511903       0.44587041306240188       0.62223653210029739       0.45059496168321400       0.45050453795118872       0.90769504162772374       0.45177658113832703       0.50018559264846940       0.37973336133372082       0.43720630026709462     
   1.4947871848804044        1.3946325216277429        1.3548353398604551        1.5385107050972646        1.7326835764053501        1.1408495137165393        1.7206825886374140        1.6411096336114996        1.2960059106449278        1.2876876335873444        1.7385856300056501        1.7109036853035318        1.3461535317371056     
  0.42087377481746391       0.67709952664906781       0.97753661588882468       0.35709731944387313       0.47734293497341718       0.64613745221413399       0.48052582396373417       0.48100009631969826       0.91640482149755964       0.46315414375394626       0.52699248354392736       0.41275295559968511       0.46305582773626930     
   1.5766628587691156        1.3216438871290681        1.2695807836567068        1.5332971358158123        1.6386543241832245        1.3490157890889150        1.3211538914164800        1.5215544775148531        1.5469658564756861        1.4639243951456971        1.3123856393754376        1.4681841248348257        1.3172703636017431     
  0.44792146884097417       0.69748963678519804       0.98124330347127819       0.38877115007160534       0.51146708363407112       0.67348770518526935       0.50666904122074408       0.50924980373358131       0.92420374409772776       0.47496589233156850       0.55482422327991499       0.44428686986562094       0.48821951473113506     
   1.2971171287959744        1.2846698610439513        1.4144599913004303        1.2718251634395390        1.3872198089266832        1.5398157203049858        1.3250680629750708        1.4353317188223171        1.3375821441687095        1.6562529796907022        1.3247812548319557        1.0894689886660436        1.4008958416788415     
  0.47505236186599492       0.71797723110426570       0.98437787966201185       0.42364516861476542       0.54872253236836077       0.69922949412389990       0.52941476815498145       0.53868607591353745       0.93140984862468756       0.48891282091328314       0.58605525231675903       0.47788290022629565       0.51545956755107325     
   1.3471269772833045        1.2078580120256417        1.2905910150524029        1.4472132149930002        1.2120316296115228        1.3804848037754056        1.2420639399165205        1.1914376137468097        1.4403657605732587        1.2529167575122895        1.7305248497465278        1.4103550448351998        1.3668578346886964     
  0.50331606515653915       0.73747996485353207       0.98698538165718019       0.46098546681770380       0.58821848733919702       0.72446434027105866       0.55473056150636335       0.56881252842745611       0.93756886092011504       0.50035649372831426       0.62003232403222808       0.51330516091503808       0.54730909227719260     
   1.4311257032648965        1.1718577948005942        1.3747808593483997        1.3552875299822622        1.4462736011446451        1.1926334878947995        1.2313457667712777        1.3167634747633314        1.3617933787895200        1.1976607709436813        1.5945393889020960        1.3468498349093716        1.7105017194843362     
  0.53102612975848662       0.75802206667069549       0.98928113402627216       0.49941186347814859       0.62429244241255055       0.75831455605325837       0.58243662594551593       0.59945427787611782       0.94363116402526115       0.51196771922046436       0.65226609400068147       0.54857274029292136       0.57758844229790174     
   1.2109668840620043        1.7593408643621145        1.8204537183890666        1.5363325733928452        1.6654753638198967        1.6377173376210474        1.2806479641193405        1.3335447016561395        1.3904018191420477        1.4027012517450619        1.2667755697365823        1.3476711007323265        1.3443780571062394     
  0.55771738089195921       0.77889823589660634       0.99130002500680015       0.53711623921376395       0.65477978972020956       0.78851854573954894       0.61263006370090645       0.63236771462473584       0.94854916405759604       0.52381802534852551       0.68073165565318083       0.57951495256329066       0.61053419902526385     
   1.3643116797329107        1.4996968282955885        1.3388132265122090        1.5555515228636037        1.3010716194190357        1.3825959088081552        1.3850817647442530        1.3722377084044721        1.1628595636064962        1.4310812138192801        1.2930737478558456        1.3350456770333625        1.3490806176710115     
  0.58697259696259074       0.79665408945248417       0.99286068527523708       0.57305724904466881       0.68358516407429692       0.81846859121362725       0.64628583824323682       0.66701377495196668       0.95337859866163377       0.53581612676082457       0.70410442049815058       0.60914360568666848       0.64575740346382549     
   1.4618984120672216        1.3677995313803066        1.6361683305901098        1.2465013375937937        1.4100642514071795        1.2808155864917470        1.5397814154893024        1.7847478881907783        1.2244183241214361        1.1756581357228335        1.3523854424967272        1.3554960051535114        1.3598187954124452     
  0.61468672343744324       0.81717883361337573       0.99407606411514504       0.61194824321227170       0.71256263377777462       0.84142591498108432       0.67659195399313821       0.70160890565012912       0.95836701979472860       0.55205098085104765       0.72903319263578237       0.63807260449676428       0.67962380535120448     
   1.9730284137003473        1.5265073842249759        1.3928228666799165        1.4215215337983038        1.3936580692491187        1.5908920359556153        1.3912952135500687        1.5001467854458364        1.4972215865162057        1.7562336335882114        1.3585658195202026        1.4148428295319804        1.3753329046176646     
  0.64372816907209551       0.83557021295261524       0.99509853240684210       0.65294943334967892       0.74265977068626432       0.86165822171799000       0.70438565235892348       0.73373918156379525       0.96364518393337018       0.56999690452330842       0.75384676029189035       0.66961273020656742       0.71481244758823004     
   1.5230755382735819        1.5929308520224184        1.6587287459254623        1.5357621762251921        1.5276735698307957        1.2996938705843331        1.2569425061839092        1.6778197621178583        1.3785332363671403        1.5897500924231087        1.2870338239692094        1.5675412609344141        1.7754481596866585     
  0.67183912943495983       0.85480112755225290       0.99594261003758511       0.69244809338766533       0.77519401957704304       0.87840660280385252       0.73697328851419108       0.76555761109922316       0.96835016881251235       0.58882974136600286       0.78701226371091348       0.70316247858451941       0.74960229755409924     
   1.3585364053112605        1.5116969234476332        1.3910587802641801        1.5247330751631023        1.4318518773728206        1.4630110716188980        1.5228541847001420        1.4297075469526026        1.3514802400783683        1.2435668218953075        1.4776109816129810        1.3433291435937851        1.4386230771278947     
  0.69897146716593994       0.87249484080413631       0.99678895125281675       0.72199418354404754       0.80189021306951114       0.89501512590093557       0.77059515572510806       0.79783859155649506       0.97276321398623744       0.60837482539651677       0.81522541285143524       0.74575088582383753       0.78931365046492985     
   1.3548519106264023        1.3339838931461350        1.3302006020781076        1.2494025299619964        1.2268137155291727        1.3381379009031975        1.7468328821901056        1.4831690219596045        1.4294913512218812        1.2978544719695975        1.3868181202312388        1.6285161117978071        1.4339162864043491     
  0.73173191514928304       0.89114718203898946       0.99733281628361359       0.75479790633914412       0.82755590375286159       0.91223605894934856       0.80528638600911928       0.82901827661369676       0.97646089021097893       0.62734767584285833       0.84900074257693847       0.79064406785364227       0.82493317434061231     
   1.4443426815439051        1.7242523796546003        1.2855308488474153        1.4978565543450137        1.1725373754265014        1.5417424700527906        1.6372187874414275        1.4520319227566176        1.2666963767300248        1.5206089924429780        1.2852273338213507        1.3828634920472240        1.4268418374569429     
  0.76396373463206857       0.90836483843629379       0.99779764747006094       0.79013099065642500       0.85240111481558201       0.92658646908220377       0.83702790420843098       0.86220685300568456       0.97975159875189155       0.64755162174768244       0.87772226326842895       0.83345759542734332       0.85866612937155462     
   1.4794580610378936        1.2354142367823193        1.2566524859422330        1.3109964722001086        1.4809173565731004        1.4085341187627238        1.2675606809223783        1.5174611041047075        1.4126559517991939        1.2072145769802387        1.4246237305553999        1.3178567041063254        1.3446250112138951     
  0.80284985416506083       0.92507093011815489       0.99821248796646544       0.83241913803945233       0.87597088427653791       0.94349195458130575       0.87102978939045428       0.89669625279468124       0.98348983680655466       0.66777837536055573       0.90580152659843316       0.86941565736677429       0.89108615130598690     
   1.3210214124942321        1.2892934943669196        1.6006639730668295        1.1993437351120999        1.2611666891310518        1.6505167388633339        1.6403572872833414        1.4650315277361261        1.2966389351290772        1.1299838187189073        1.4502077886755960        1.1656432576487241        1.2912127583479949     
  0.83703548911545333       0.94362240059100810       0.99858479651513543       0.88449309925282960       0.90105042021749848       0.95606577940719573       0.90419219411212748       0.92478544178340982       0.98650871356412695       0.69557645004280910       0.92980702294577910       0.90567539427918453       0.92076933931387972     
   1.3034822293741883        1.1627173083463458        1.3616745936609083        1.5536449043831719        1.2253468198425519        1.3220043050897725        1.3155641905317386        1.4038297185094675        1.3661091980722160        1.5629666394697457        1.5824539116434868        1.4246051553347139        1.5088955103555672     
  0.87438253002966093       0.96071000468171008       0.99901476745298223       0.92857622815521101       0.93096757168409472       0.96935565143533797       0.93637446389428347       0.95130718529031422       0.99029506749190599       0.72410390104215305       0.95153029408153755       0.93855845658796244       0.94790898584579719     
   1.5857647631631910        1.3394728149347928        1.3662231942774545        1.2902229973765766        1.2539189957801804        1.4895865041275453        1.5100955011718158        1.2438321301272117        1.8036372010675030        1.3968943804442147        1.1797949482474042        1.1612938810065636        1.4453479612837661     
  0.93863157872016867       0.98092857157042967       0.99951209397694740       0.96684086052512852       0.96682897645339583       0.98217736332702554       0.96673735622184664       0.97656109655180545       0.99482617593886324       0.81741829630740570       0.97442368485404307       0.96872981626850529       0.97417883234647162     
   1.4646307070637810        1.5448832724015633        1.9826542663301374        1.4437651305161960        1.5426738511654046        1.7241217761994179        1.1834263044530695        1.2748603698872605        1.4774143418420702        2.0610099774997495        1.6766587354033704        1.2075530243368813        1.2708428994735053     
   1.0000000000000000        1.0000000000000000        1.0000000000000000        1.0000000000000000        1.0000000000000000        1.0000000000000000        1.0000000000000000        1.0000000000000000        1.0000000000000000        1.0000000000000000        1.0000000000000000        1.0000000000000000        1.0000000000000000     
   1.2779167509720388        1.5527464435966603        1.9797032045573910        1.5084319925230758        1.4855731187297876        1.7973505569105546        1.2880782858150330        1.1414668275359401        1.6889312882825276        1.1845803067301328        1.6677682512133105        1.2821788888303109        1.5297474731299505     
   15.164651123860935       -17.705533256783703       -17.938669323453517        22.541626271991341        23.009058647192099        13.538979734231564        14.888162307694273        10.339697797968883        10.278292991966802        133.70901715570690        22.984971553636907        23.667258204057855        19.850940038237006     
   21.988978616598395        5.4045721205546089       -5.9898670182924185        14.979000997154312        16.765509388519831        6.7309389839335134        20.811224108610595        19.202708255966360        9.3135668009954831        13.592593185206599        20.815373734077014        25.367781576049484        16.779196881030746     
   24.987039355412648        30.178808753717178       -2.5553205998128696        20.785740645511947        9.5227642125001815        32.477084564911102        22.939158093605297        31.130731457193338        4.4678341708240197        25.575297953307061        20.341774286736452        13.570493433535102        23.106091123469774     
   30.145884092983163        29.921031680757796       -8.0279730111086973        22.027938654661565        24.148368243005741        14.153365473801500        16.813380405191879        26.108004781532379        5.2938363992194999        21.862193153464492        22.801684872714894        32.614440247608563        22.018694925739851     
   19.402474541430397        27.642768426473523       -4.2025805391134679        19.634064068734048        10.669527676383241        10.943373879674434        10.020961797143924        10.381032350970569        6.0166041552983742        23.231982713707794        16.400362181081675        20.750361409645596        15.577923336152486     
   17.069162631629794        21.345366902417467       0.35825408974467088        33.678252382338066        21.961866090407238        24.459489767609639        20.873309067146639        19.246560103918107        14.239887492486520        15.495855393251741        9.6996875665960811        29.265373481610506        16.651241975561970     
   14.077830013533154        27.667576516294616        8.0657339478975665        21.848811376684367        14.405669415279933        18.796507504774624        14.187639108043182        20.757822057888294        12.320075424713174        21.190513966202026        22.383346490529362        15.687424597529636        21.401312828762205     
   5.3654226320979319       -5.0270537467078560        28.636676511655878        18.377267039253560        33.318334884027387        27.133994668250683        39.381379494210442        24.334705249956269        28.324555622463468        33.187752475537955        26.524837380397365        16.238685434042441        23.647123399125260     
   2.9461520231702667     
           1           1           1           1           1           1           1           1           1           1           1           1           1
   1.9162214352456683       0.40266451943570503       -6.4534799241243238E-003   19.461861988845072        7.6502689904831153E-002   1.0024110891779516E-004
   4.7075122902427054E-002   4.6142086011905371E-002   9.3298470805388469E-003  0.67315759942879483        9.3257071953369054E-003   1.1237252355326581E-005
   1.0403941705901877E-002   19.063322403530986     
