   0.0000000000000000        0.0000000000000000        0.0000000000000000        0.0000000000000000        0.0000000000000000        0.0000000000000000        0.0000000000000000        0.0000000000000000        0.0000000000000000        0.0000000000000000        0.0000000000000000        0.0000000000000000        0.0000000000000000     
   3.9912100618405687E-002   2.8630091039779319E-002   1.2353488327454441E-002   1.9016464444687308E-002   3.1105538549492853E-002   3.9556182476259347E-002   3.3594078060449839E-002   2.7356268501796767E-002  0.18517056092834955        6.8200021016559961E-002  0.12842598568618907        3.0205912814497759E-002   2.2081301244404116E-002
   1.5313790591792080        1.4586962723327983        1.8773139023111372        1.3571145833647116        1.4111975567897066        1.7499607657792844        1.3969457112143402        1.4188138021842127        1.2082754827747351        1.2426478699275987        1.2858354780834893        1.3141916100125894        1.4134423997577934     
   7.4211699215598059E-002   5.7260182079558637E-002   2.4921970655459820E-002   3.8296418533668927E-002   6.1470143363654181E-002   8.4108712112519191E-002   6.5099367364049754E-002   5.5436482272816411E-002  0.26155430209618780       0.12412877715735078       0.22554946538160600        6.0240664011396966E-002   4.5293830656468796E-002
   1.3581281371222471        2.1247187577758484        1.5602538457036190        1.4709748258631303        1.3260500747439254        1.7779772599844530        1.5615512135042591        1.3196141886687740        1.8427991597334028        1.6333682368705531        1.7693920946266086        1.7534734863667933        1.3149725600386306     
  0.10437410809459846        9.3638619478929722E-002   3.8041811107474593E-002   6.0023475131795366E-002   9.2343941182591815E-002  0.12852388451539437        9.4205275299813498E-002   8.3233215089958429E-002  0.32817677744250012       0.14123035422102359       0.26293684482688173        8.9476495107658011E-002   7.0268945691279422E-002
   1.3675911969595123        3.3918103765641798        1.2777760586656108        1.4115244162941960        1.5954056062958002        1.8608286505050928        1.4507874236603360        1.4912984796629196        1.8964624067957276        1.4466258612309426        1.4963138501937681        1.6445750519685312        1.1982198281975476     
  0.13356479188345638       0.13665232056058910        5.7521798670953778E-002   8.4006583039410734E-002  0.12184682208941783       0.17325947361045843       0.12395244862712496       0.11213801273679180       0.35656573260849100       0.16148011635719778       0.29575753868847471       0.11853599867892724       0.10343654853078035     
   1.5469641391953770        1.8688200527488688        1.3100503686041125        1.5174076381889143        1.5204743248802857        1.2772541462446143        1.3082701987051888        1.3630509434255189        1.5534504163080247        1.4139269977310311        1.3708019199028767        1.4879773278111070        1.4163833349923225     
  0.16174636757755367       0.20739384266465216        7.7116147561840223E-002  0.10957784121863605       0.15189934193507518       0.20544373224659285       0.15742864650640320       0.14315019238920787       0.38379058190281157       0.17847071487094715       0.32307082197995080       0.14768849625773170       0.13932348588144625     
   1.3015447742092803        1.3560488695331148        1.2207407080625248        1.3180829525054771        1.3324100900332541        1.3472560561740221        1.4685535265102936        1.4806578729123998        1.7208494100651905        1.5775833165787170        1.6055018654742739        1.5259218016106371        1.4952397001149140     
  0.18756160782400175       0.33179015024874187       0.10656976564336114       0.13611162039448690       0.18209142803041767       0.23383350778326531       0.19000099421829997       0.17540900001524987       0.40872307365167276       0.19483167488364572       0.34960680669540378       0.17629714202229763       0.17365533391117099     
   1.4698828136690016        1.7946100002387497        1.4876531945766707        1.7894701233810555        1.5339809839879814        1.3101852196406789        1.4946527810198196        1.5628327085791152        1.6028465881698557        1.3695345001823196        1.6238750752520175        1.4792096743316263        1.4857435623364299     
  0.21465784070760979       0.44538392872842308       0.13568179018094778       0.16340114616809948       0.21346489999189039       0.26070164804161849       0.21840374217050870       0.20811724539672241       0.43369675822629095       0.20752128195208072       0.37316846441779250       0.20614502691976677       0.20750053732363327     
   1.5118850756964091        1.5895375835511960        1.3211993961857766        1.8070315980162039        1.6050209563092956        1.3711951514807192        1.3558304043743881        1.2901536166707708        1.3200570687474213        1.3530278835591396        1.1967009255322352        1.3604713581685894        1.3111710752596648     
  0.24303708890955139       0.50754818712676031       0.17219272632540389       0.19332416335443664       0.24443425025095483       0.29199979669339088       0.24517104895765474       0.23940469416753821       0.45536339894507105       0.21986666953105069       0.39837923175719159       0.23804411176752288       0.24015879400325751     
   1.4174681994604539        1.5836823273202938        1.4426810662165108        1.4708169296738878        1.5090787621381880        1.4144671153299786        1.3525439424389667        1.2375507741436416        1.2781167655676440        1.3218530220954599        1.5878966374170467        1.6454983433817996        1.4279423531217348     
  0.27447329714029717       0.56820809763533398       0.21194294425966753       0.22616985020874536       0.27527799039355066       0.32174743923923693       0.27038890590951292       0.27191404516016648       0.47734921789276979       0.23245943680988113       0.42574662556441989       0.26978184673691408       0.27333930088134828     
   1.5976914286467268        1.7711167375253167        1.4466295129552871        1.5938876661527293        1.1776383707255804        1.3508306330193831        1.4621463756283897        1.4324038725310739        1.3488829445685009        1.3264609586795959        1.5364635888585212        1.5391679915711305        1.4881510498337263     
  0.30982089628852633       0.61851939086452090       0.26140479444815196       0.25801577801204145       0.30668412280838714       0.35204622027521026       0.30252543203973420       0.30432482745477235       0.49964145089547135       0.24613093640452705       0.45650026039117847       0.30083325165855274       0.30801345581053696     
   1.4777088848108688        1.2701309024091469        1.3825003535964879        1.5103632937862825        1.3266935708105632        1.5343530622342827        1.9029137810283034        1.5253615116249684        1.3994178417931757        1.4033132306830585        1.4925090937163810        1.5699423533088503        1.4729621766461467     
  0.34747494524492628       0.65994939021853383       0.31345504081092568       0.28880034788299719       0.34045269824004448       0.38399323924077450       0.33644584633818436       0.33488512361469258       0.52165469814048249       0.26072482009309339       0.48987132612795398       0.33411310915895126       0.34064740483585454     
   1.6911889704436529        1.3565146110777513        1.3444239402824891        1.5321884079315542        1.5251007595587309        1.4029043099931127        1.5170024705707796        1.5791047103068978        1.5009433532008920        1.5782450484776069        1.6141784352313335        1.6698365730895117        1.3820902131642769     
  0.38308250679918088       0.69728407309959650       0.37170700843814253       0.31755780767481651       0.37427314042173676       0.41911435390047314       0.37207591497973763       0.36347709830571590       0.54342556525118868       0.27534190848600892       0.51968492644124442       0.36704729004032915       0.37224509374350984     
   1.4469111260150793        1.3048465817430150        1.4692512986283892        1.2022260034341532        1.3980592955725311        1.5422365703173107        1.5940529789495279        1.1693154908530659        1.4028483429772316        1.3377314946184480        1.3952149928293951        1.4357208070326635        1.6123998862388647     
  0.41297867194580479       0.72710066655416494       0.42794021584271341       0.34687850823800054       0.40609814174161235       0.45074293493258483       0.40701433732624742       0.39220002242644664       0.56502161213517677       0.29151959013215617       0.54321058318995064       0.39826406829945876       0.40258001926066955     
   1.4015842492915651        1.4185755970185974        1.4065229106759523        1.6487554742178514        1.5933476271728149        1.3273065659573349        1.2870213819342575        1.2859808339824246        1.3555641015863902        1.5910265254624325        1.3533333610034657        1.4901089996546804        1.6295964672770171     
  0.44353314952034367       0.75791288696049908       0.49135347309203709       0.37832063470567445       0.43667842255986788       0.48066979287372497       0.43925835570512434       0.42198414094142167       0.58655568216269616       0.30930989660277780       0.56433681966514460       0.42895968316838673       0.43177702540869889     
   1.5191924060357767        1.5052507446185357        1.2910817902416203        1.3616306245890792        1.4694514373604166        1.4306186685134903        1.5447844267326474        1.4272968630033005        1.3322121511027403        1.7321421085409703        1.5269076868969333        1.4803842540141219        1.5930355405332086     
  0.47364544957070359       0.78360992272155894       0.55592530206560420       0.41080170594788340       0.46547067780410639       0.50915419058356326       0.46862413893159699       0.45565996918832180       0.60828527735602755       0.32702265311004175       0.58496923764599040       0.46290320686544389       0.45865469877925685     
   1.2885334618741353        1.4195786066890366        1.4855774825070518        1.3312178447757386        1.4658870719626698        1.5697375333078922        1.3680391778617835        1.5761687895276368        1.4180486401930839        1.6606632862732904        1.3006810033284977        1.7308539165858083        1.5389583049218649     
  0.50502020768414013       0.80997212763989168       0.61473166967266657       0.44219513343585232       0.49368455079924539       0.53641917019225283       0.49790643943882040       0.49281168425424554       0.62897597346066159       0.34293650393855712       0.60575046979347613       0.49617832153575131       0.48432025387251715     
   1.3750483824394841        1.3845282295083068        1.3293262583129692        1.3247177225185489        1.4159638580216571        1.4014812787048203        1.3060243694681590        1.4603897456420625        1.5610334051151598        1.4346956432338607        1.2446954794812417        1.4443861016060533        1.4743317555048545     
  0.53238488688766750       0.83074512309721493       0.67121239653304898       0.47210353388926535       0.52244017284187982       0.56258691407584838       0.52668605008821545       0.52783651991253300       0.64745431140581788       0.35824347010664787       0.63042494212730760       0.52663322929866152       0.51069697288861349     
   1.4544710040585029        1.3554401534679335        1.4297768481544226        1.2184077585769404        1.3231213334052203        1.4851213081870109        1.3475675224396959        1.5608400382891028        1.2881667809311366        1.6265756790025223        1.2883128538208266        1.4458925796995941        1.5111794604197715     
  0.56012843939531964       0.85152372489629913       0.71222549770963273       0.50301156333467045       0.55229612001836015       0.58676110836650808       0.55506593850780583       0.55703676450651474       0.66662934422545816       0.37460311592736545       0.65750337392855196       0.55536389158076283       0.53818638696326881     
   1.4478333302140842        1.3361635505649980        1.1182317016914110        1.3050535434128430        1.2824426678302487        1.5150394505660956        1.4840700841376859        1.2575593013013107        1.2893326715009314        1.4394677513793677        1.4238061884940278        1.4303423798422705        1.3872218968998133     
  0.58817784223708802       0.86838683865849831       0.75185440405888848       0.53971314055713926       0.58246645968162358       0.61043377274769328       0.58470125879451618       0.58623196429745317       0.68493078730256851       0.39269547988120562       0.68457671322005154       0.58231242112985893       0.56888161882605381     
   1.6906890052763208        1.4297593032461824        1.4518488651236279        1.3297379438302750        1.4040534919053786        1.3609806728683991        1.4449269812214027        1.5879969481411149        1.3507897938443267        1.6391190984638688        1.3553288650811377        1.2067923474233790        1.3501120457908331     
  0.61905989712021270       0.88597929334989411       0.78742998393855823       0.57807214963910447       0.60857024933712733       0.63668341293739472       0.61687054367722294       0.61715833374396722       0.70494239840294204       0.41218361724144920       0.71418641120358850       0.61076251917974911       0.60232131849891735     
   1.3746835372397124        1.1673744856103059        1.6150132631437395        1.4416337978645419        1.6364265695240365        1.6065545297482233        1.4294643153106028        1.3790014926298042        1.3316184842111474        1.7199917893624428        1.4494083729512912        1.3438962319164918        1.5500555273172878     
  0.65312255322655166       0.90030561842852708       0.82352578811972699       0.61792537731552577       0.63801634588894252       0.66189665779370765       0.65015101906902806       0.65029553818302288       0.72662131451930323       0.43279780587964961       0.74371563283015563       0.64009834044053959       0.63459521388933859     
   1.4996169872988216        1.4139808887035885        1.6203244040270002        1.6405274203870124        1.4412544800950422        1.5115975236834209        1.4804194519283713        1.6142348056822196        1.4035521944502345        1.5350846094113439        1.6059305087869957        1.2600537077445950        1.4380996745627723     
  0.68981088663284063       0.91441541627832801       0.85616286129876884       0.66088072912355877       0.66486511576269569       0.68872301371261990       0.68170824494436244       0.68656760747149403       0.74980502421911877       0.45387253026584545       0.77269534345607271       0.67108531941572969       0.66662111489791642     
   1.3809812267543358        1.2864751582321841        1.5785419146134823        1.3404705385522493        1.3086860152037572        1.3673862954721001        1.5598208127333779        1.5678641284597896        1.4440343354114062        1.4580859601707670        1.4282207174271411        1.4675848145427786        1.2944684742209542     
  0.72683394605427909       0.92632647899762477       0.88493863257558703       0.70135094712726787       0.69582065772856516       0.71609497194510530       0.71270870841528466       0.71920539563608055       0.77363735618149687       0.47581465739417350       0.80087200342378728       0.70092255338568477       0.70087547082841228     
   1.4867120394312152        1.2354553112697721        1.2657656844694978        1.5286109631148290        1.3220170068494455        1.2909938189488332        1.5786207800979257        1.4117749939639330        1.3179584055861377        1.3944351987535886        1.2939206407880126        1.3324605560528520        1.3773943571740264     
  0.76324411091314071       0.93883355797156887       0.90696385506532251       0.74151956133477337       0.72814270161363082       0.74372474630433805       0.74782780241465807       0.75175418488970824       0.79620185391815890       0.50348436073914560       0.82825364021658954       0.73099179859433172       0.73516535319854703     
   1.4861986493762551        1.2098554426783485        1.3295453166694651        1.5260557656358287        1.4864279234236499        1.3931114503847259        1.5111539702248504        1.6133814359959258        1.5150479079411499        1.4298756471651561        1.2198759193029225        1.2450045537044139        1.4116364830925352     
  0.79797314345797776       0.94960282403728791       0.92410370378518003       0.77575138565678226       0.76375696273103755       0.77261987196520032       0.77922388176982416       0.78174391417748690       0.82039753560289530       0.52615707029537317       0.85235522298739730       0.76436830647227838       0.76919925194772332     
   1.6285208734915049        1.1332245731368467        1.4388360712603718        1.4400444594420549        1.6641661638997212        1.4307647417091072        1.2861744757286271        1.4569913959816350        1.4382571930979222        1.1949547869239756        1.2434147017417743        1.4724968970928229        1.3588902529463425     
  0.83223262062074688       0.96083906404861608       0.94249354207797797       0.80730167746423831       0.79808186293766281       0.80214697322305351       0.81147851502396029       0.80996465285379537       0.84560162379420711       0.55079075590991622       0.87343401548457633       0.79906806924619544       0.80213341146056749     
   1.3083729301300520        1.2742519319491949        1.4833351608860907        1.2381547084103395        1.5934248932576420        1.4225568388400609        1.5625539577243071        1.7310320755538948        1.5690457642736926        1.2859727395722369        1.2970518000142770        1.3255189155338651        1.4673944824455822     
  0.86349346458511278       0.96953411183201399       0.95736875343457628       0.83754176835014793       0.83164293994702920       0.82920100574718980       0.84493979210739145       0.84025463235680264       0.87016642036833891       0.57365273386234228       0.89695072495661343       0.83275314894170116       0.83838676374717791     
   1.3008237444700701        1.2416220867801617        1.5831028770026256        1.2511503567671971        1.5933060256773532        1.2811932521900269        1.2468495934014725        1.5289340807882290        1.5171397377454687        1.4473872374368735        1.9995728522707876        1.3946004874726672        1.6113784210155433     
  0.89453249517912914       0.97756616536970442       0.97084876366840800       0.86835454019639347       0.86482895504706436       0.85796223564877716       0.87636433661195523       0.87246403148992646       0.89209583314168828       0.59750274136453640       0.92394956934822414       0.86578242861647958       0.87011890240211909     
   1.3090959742763362        1.2628105347310687        1.4214879327081198        1.4766347526756634        1.7193120749233963        1.5728387749970818        1.6118265971596026        1.4021761547516234        1.3921035466338259        1.2865537223275050        1.4047706195343892        1.2443987533680831        1.6819906650903069     
  0.92666795303460037       0.98448721935410088       0.98130566552359466       0.90207047617957836       0.89853346831944936       0.89047859743278091       0.90711978438893937       0.90634419841479696       0.91467918300073003       0.65153517893017532       0.94903307536746540       0.90329334168851594       0.89926077472901589     
   1.5786148267182463        1.1455213665662811        1.7129639254415123        1.6205291885203110        1.5343258197567367        1.3842406523784287        1.3374084936957507        1.4669675627745249        1.5625983508292385        1.8481606457859689        1.6484323130103267        1.6813101937790209        1.5638164055676096     
  0.95603765712480038       0.99031670648779346       0.98807098953410877       0.93458413836554155       0.93466030872369155       0.92434766874412244       0.93981176339002681       0.93792402698110899       0.93482886217091132       0.70789217864168219       0.96927532226673796       0.93911245519126885       0.92798812465699865     
   1.3332761734066514        1.3424783366606670        1.4848086284096134        1.6071262175146790        1.3710984790539167        1.4006145986338372        1.6297635725374737        1.6230536136662497        1.3610108834566230        1.3746679745398909        1.4935043820850142        1.4911422387699766        1.2769771543235759     
  0.97932394524296129       0.99531917187933805       0.99421672218820811       0.96821529329533296       0.96746656461070291       0.96323763576315935       0.97123506673434512       0.96975598293279963       0.96593049896212579       0.77150478423745961       0.98537328772736987       0.97043590598622598       0.96168851679336387     
   1.4408459546985191        1.5009424644099409        1.5308533966857625        1.5772439996754235        1.3264387567487590        1.4320200710019122        1.4207093727647528        1.4363258606884990        1.7841964178757910        1.2102700464787133        1.5505990258885911        1.4333344697915822        1.3992771893630163     
   1.0000000000000000        1.0000000000000000        1.0000000000000000        1.0000000000000000        1.0000000000000000        1.0000000000000000        1.0000000000000000        1.0000000000000000        1.0000000000000000        1.0000000000000000        1.0000000000000000        1.0000000000000000        1.0000000000000000     
   1.5334494609800502        1.7199332601354718        2.0477033557542867        1.4922333520225777        1.3942844098087255        1.5043218695061156        1.3106832228864174        1.3529906744962297        1.4009369302914476        1.3846793383298075        1.6487231366844499        1.3031449696134589        1.6412605670400713     
   4.2783315521028644        10.881839378732181        13.033492231475577        5.8502181935155448        11.484847374611704      -0.16018457930569960        7.0608867983695411        3.8653783384322256        9.4477909161320763        13.907541456293966        13.188668044421508        6.9241538786219472        12.528059085318867     
   6.4582390639305096        14.528218483900014        11.490021064075160        2.9971420080347810        10.657571544360236        4.0375019467683408        4.7324585946715629        9.9710092537944046        20.964531084722658        10.320623047249423        8.7851084847753498        6.9129604093038699        10.838982895560138     
   5.5631453559654185        13.370973504305510        8.7018951039836434        5.0573384611458403        5.1810634852124826        8.5009587390161023        7.0480796364981781        6.5395550161367311        14.433474639688672        4.9493852906484914        9.8427206104226386        7.0301612515262173        11.202018773805245     
   10.860752361224874        13.906346329740302       -9.5453036158820801        8.0665344306080708        3.8445951716755844        12.785165421865958        8.9529426620337542        10.146128500446187        13.053708210523226        6.3164282439249195        9.3978790110292234        9.0336326872522648        7.2923046910065974     
   7.5544425161187734        14.449028819456309        1.0894513764031466        5.3235254697049372        5.7349506424617003        11.678191699897230        8.8956346442930254        10.168491394267448        10.144911501141930        6.5409011052319066        4.2540865956764184        13.334770726206351        10.225569138482875     
   6.0851613014004871        9.2370635243973336       -4.6055123339993287        7.4035285595617184        11.751987322008231        9.4082455012889774        7.7301215789361564        14.319924663371943        8.0879450913850839        12.090692242653084        6.1843849858108539        10.796024104676608        6.3844793294024074     
   4.8537445639068739        8.7017034168374217        3.3647279100876610        10.250529778929232        8.2042279624584200        2.2924323207813773        8.8022636130218928        4.6958100994600986        6.1278427434418834        9.7051952967359263        6.9124928152906913        7.2116924038930454        5.0818633422223485     
   10.389530832858387        3.1685010929383552        11.954950871797354        12.699147548130092        8.1297782308191699       0.51440946934338494        10.622014774874762        5.1525584557496078       -2.4682431434930185       -14.326474589521689        5.9482259168671243        2.8418511612118911       0.62410894729145783     
   5.4564441485067254     
           1           1           1           1           1           1           1           1           1           1           1           1           1
   2.8195858559916815        1.4441231344196652        3.6055387850870710E-003   6.8281540307741313        8.9168598202625793E-002   1.6383916988629740E-004
   4.3809470354893902E-002   4.1895268270910717E-002   1.1606711954038645E-002  0.54291337983726207        1.1599229967181787E-002   2.2639437397458318E-005
   8.2031439979778301E-003   9.2450817083075609     
