   0.0000000000000000        0.0000000000000000        0.0000000000000000        0.0000000000000000        0.0000000000000000        0.0000000000000000        0.0000000000000000        0.0000000000000000        0.0000000000000000        0.0000000000000000        0.0000000000000000        0.0000000000000000        0.0000000000000000     
   9.5255480525476888E-002  0.36805385511911787        3.9552704651510541E-002   3.3159354824206018E-002   3.1729255063810122E-002   3.3695478833035884E-002   5.3304548069180419E-002   3.3104172624651193E-002  0.52272908639340443       0.21811588388746875       0.13474252240044954        3.5843240468521859E-002   2.9219542641809350E-002
  0.72754108564084896        1.3130593589235777       0.94398603884060439        1.0038153819382174        1.1326577441127841       0.91587817540544492        1.1304911779788109       0.92049798108463088        1.5160126463733801        1.1447527867654890        1.1325963297402746        1.6021099937210070        1.0591291225806232     
  0.13275550002973674       0.45048861350353314        7.7868888196347713E-002   6.6254238466721405E-002   6.0054675261605801E-002   6.2746790252715512E-002   8.8938557728228548E-002   6.4895255973952293E-002  0.58998768295945070       0.25194117798348359       0.19193785703009791        7.0061940344306753E-002   5.8849192777460112E-002
   1.6124280859476317        1.2195451861314590        1.0120902283626911       0.94630410866468939        1.0286486535308133        1.0419727515087212       0.95414915728969241       0.84918545257481060        1.1003222081896338       0.91636851541873754       0.95555383532418725        1.5272030001431631       0.87708006046729659     
  0.14981244650464218       0.50820292309241699       0.11256804620980489        9.9290132905844694E-002   8.6342898314556785E-002   9.1384664030822696E-002  0.12040251217284616        9.3692506720020594E-002  0.64853491138130170       0.28458364933959901       0.23441466524753393       0.10032790976520994        8.6415426649915750E-002
  0.84090426789265083       0.95821467026474838       0.95522968836806632       0.92657858689875006       0.89367614620429470       0.99709327068219888       0.97184846673393943        1.0086970696420305        1.0572604065909177       0.94053686675031956       0.90467118206881658        1.0877329753048559       0.88316775431914341     
  0.16883947526025936       0.55209876354291498       0.14572379756856102       0.13187970375862995       0.11253323293085757       0.11908516693225735       0.15269900128509725       0.12368465958819286       0.69166708885305150       0.30660041228459373       0.26236485466940107       0.13194087659516171       0.11594405827688538     
  0.93430043590062006       0.99573292764840926        1.0078627203561532        1.0320690853784760       0.93791555940325944       0.84730697153624790       0.93620771488141252       0.96162027332190869        1.1084941061764926       0.87887895782832159       0.97932292791656317        1.1151427683517980       0.88358246809670049     
  0.18797914065802507       0.58088626496016671       0.17375546663509037       0.16455389994863207       0.14115733823084214       0.14836585379296963       0.18453691168709907       0.15586732912628642       0.70425831360554503       0.32496325693409106       0.28326544895132405       0.16354513139351395       0.14578937723752305     
   1.0667014186017418        1.0735217952252178       0.95402605185591183        1.2093576871648148        1.0440564184201739       0.90070815838176554        1.0924099430671068        1.0549381775195803       0.77603750981027186       0.93222954006936376       0.93209279716794047       0.95021365831072990       0.90517959349195420     
  0.20863117730707664       0.61072201603806797       0.20468487479329259       0.19663458191499003       0.17242358454202711       0.17861275496903453       0.21532788959228560       0.19089318657953777       0.72758182654323300       0.34471281982465729       0.30606295406963258       0.19456455108749596       0.17958852083959451     
  0.91936878990889870        1.0515415839251894       0.93219051624309035       0.94901354579031394       0.92936992958564180       0.97540964551217468       0.89191250237592423       0.99967172768306700        1.0375056791293980       0.96902803127843684        1.0816150462807821       0.97502032150870921        1.2204073460802558     
  0.22954259948906144       0.63709877247603319       0.23366345722771617       0.22840831634993677       0.20586387683237681       0.20810415346792224       0.24455038716126204       0.22418755162879322       0.74787204995804779       0.36329774817361288       0.32804360729873233       0.22526446570994704       0.21305497270113516     
   1.2231482366173381        1.0474746824446144       0.95445827871986544       0.91711057858185341        1.0073110598307200       0.96098579683914043       0.90827689121054000        1.1388110917175343       0.81474610992022489        1.1787709022766506       0.80526699285391279        1.0143253371391032       0.91227946277284333     
  0.24984639008262979       0.66073348253653175       0.26629993802532059       0.25953697069351067       0.23920761392989701       0.23666036694987821       0.27460315254348117       0.25675844806774079       0.76681186078794605       0.38186142978034626       0.35058926452489425       0.25778433519924088       0.24795624396940519     
  0.95420155991576605       0.96844368327852892       0.94563727903540429        1.0460806499102293       0.82516289471144999       0.88746035981035309        1.0705992756126386        1.0688269194704891       0.99117413077462602        1.0656854660352755        1.0166459284546947        1.0510743349799363        1.0557522262819763     
  0.27039760367268584       0.68035628629157929       0.29455264207700266       0.29091400725509936       0.27164254629415618       0.26658319961304455       0.30227596564469272       0.28669860707686418       0.78231576811731907       0.39796371842059225       0.37259072281216438       0.28945438793773165       0.28140408820128654     
  0.84916329231679311       0.84151786389435368       0.88442472603464128       0.85998858227483221       0.91865175725560455       0.95435750048593349       0.88862488790790262       0.98706502989108769        1.0415767725118343        1.0155287791826260       0.87090167154569742       0.84948152697314527       0.96043365264126412     
  0.29100028694341062       0.70152145793391074       0.32397113835296854       0.32338477809430527       0.30044650585220034       0.29838966231875119       0.33177100720049180       0.31529607832632384       0.79644114224779616       0.41368456972919870       0.39520791590684523       0.31835596852202380       0.31743487114039581     
  0.86927422548086886        1.0266160476642046       0.90035782338120030        1.0289832174634848       0.84495592078429838        1.1184945078120911       0.96756880160700487       0.89487847604613180       0.91490806755685017        1.0202088647875611       0.89714340458256248       0.92166426510395050        1.0242464687138244     
  0.31175987657571808       0.72012727515035646       0.35110374764555846       0.35590132291094795       0.33190281887559664       0.33090040148856187       0.36060420464510068       0.34433754856846338       0.81038767596458416       0.42922334387253358       0.41930732094038037       0.34644089868064765       0.35007245180039720     
   1.0284543616982758       0.85668195448467643       0.92166259592967548        1.0603997736111883       0.92936735382310498       0.93526424996613511       0.90054931283026496       0.95501019667595255       0.85358456966549134       0.89681768915634741       0.87506618131827663       0.79116762861190248        1.0845610343071042     
  0.33280401888147121       0.73996924129649877       0.37864919269359187       0.38670108568205458       0.36682673024521384       0.36342725488108835       0.38950018685349436       0.37482538431611034       0.82387831375172316       0.44471853644589521       0.44252341844155929       0.37567495124370603       0.38150708431781549     
  0.93204455824108434       0.94301986354910228       0.92571575515919335       0.87524635364894754       0.95483090446246366       0.82990456870900897       0.91021336398562680        1.0295876409633533        1.0449371662020823       0.89829109746948010        1.0468756337798448       0.81762629372516327       0.94235932409469481     
  0.35386859979573032       0.75413099242833992       0.40677786082741979       0.41659538684471376       0.40263018785884519       0.39659475709365560       0.41765811689196419       0.40500706337616826       0.83511003759387470       0.45948209863915868       0.46574488858846591       0.40723274062605708       0.41260697020230602     
   1.1520088449817638       0.92106721204263220        1.0132088267082024       0.97869453318952393       0.89646919329275121       0.93915976385570799       0.81696322169184621       0.98083761528748692       0.80439618988956008       0.88582689410600612       0.91454265024199055        1.0433749314228791       0.86436876903989812     
  0.37539341494307649       0.76863802520365876       0.43507866730704386       0.44665276292562456       0.43685304879205566       0.42906986943613712       0.44547583487556208       0.43652568483044962       0.84512805125896229       0.47398094252383510       0.48943330057468326       0.43840938761166526       0.44535672593457831     
   1.0974277308985994       0.90163134138539813       0.94697365422701096       0.95655588877735098       0.83550269294447987        1.1010257526899285        1.0687968621386224        1.0594466419718271       0.83102149707465700       0.95311541115898535       0.97056370321448826        1.0002883140479621        1.0264087856539641     
  0.39725884759463437       0.78260006542186089       0.46494438004639610       0.47918538427591362       0.47024964574493000       0.46105156450308410       0.47575474869708390       0.46590945220981050       0.85449471716283765       0.48819718036126947       0.51465778765481829       0.46863646265958020       0.47841054654895654     
  0.99146124258246027       0.85151983178033508       0.94655947049333600       0.91784513960098979        1.0074922677969902       0.95623955776336933       0.95476596486579635       0.86726502582614318       0.84159916764225184       0.87320736351971950       0.90193243448605742       0.78692534934661751       0.93712083059854134     
  0.41848089112732489       0.79596822137842893       0.49343394868346718       0.50939288200538302       0.50341761787617301       0.49342175568513952       0.50665649484602149       0.49732144583676896       0.86378927427783969       0.50157431411451636       0.54288061919620789       0.49718147973256466       0.50984581653521421     
  0.89042759154159645       0.82270667110383611       0.89557871525026300        1.0005990740514650        1.0245539658984100       0.91775039588395058        1.0059738181391384        1.0796360204400390       0.83702835079902671       0.98861256806039977       0.84434526688950851       0.99147022162477394       0.91852362318031699     
  0.44034834570799508       0.80803550802791813       0.52244208801628766       0.54021299032705661       0.53614244307047609       0.52685275362440687       0.53796022764710583       0.52895027069372313       0.87288012699905881       0.51503886842481961       0.57445008876834380       0.52311162633097064       0.53916414107437982     
  0.89463830479315598       0.87943383898208527       0.97687315369188843       0.94643804300530787       0.90962751286904886       0.94316453106974885        1.0708820921642892       0.97379965346668051       0.97447014692779610       0.83806379826282484       0.86162122819145071       0.97765910799538647       0.89525337587404907     
  0.46253875856530585       0.81916359376573311       0.55226385708297965       0.56979788665223474       0.56995538607631346       0.56127439155972902       0.56621031875303096       0.56170060316498649       0.88178421764887416       0.52910963807239575       0.60647263967521747       0.54940775397370378       0.56998247310530292     
  0.91288947782055807       0.78596416915375689       0.94495976217511746        1.0794581367424019       0.97409642962813825        1.0097697752047823       0.84219209215796409       0.85640550803742510       0.93074936528417918       0.91331386991757280       0.89587281167086796       0.94666542417663357        1.0375752459942043     
  0.48372148049842334       0.82992424301689893       0.58288425927876697       0.60033020086347288       0.60315146089937022       0.59320847461489501       0.59446277838965333       0.59403296424738639       0.89050793631561631       0.54351643078763689       0.64028792902514309       0.57497597548946200       0.60107633685197104     
  0.84743984906163483       0.82632579423733621       0.94071062861524901       0.92838882070369100       0.96823743925000305        1.0407077548578181       0.87910394910324674       0.92027481101504127       0.95319368642751534       0.94279486790604461       0.89184030153044858       0.82271604014662369        1.0775552425204464     
  0.50476214791908713       0.84074282335774675       0.61340777311711814       0.63290456315477417       0.63762226828249080       0.62596909865575268       0.62278146881326690       0.62538599718749599       0.89896827838565196       0.55790372355802875       0.67486576186485270       0.60020398609346115       0.63317697991863131     
  0.93637198806061395       0.80941235792885435       0.87675026511797272       0.89544326081180969       0.88751202587693656       0.99453642234484896       0.94990126972194111       0.86882285330468734       0.95970558737711287       0.90333662583947838       0.96529585112744010       0.88497851636259106        1.0524993251385548     
  0.52623385084198404       0.85251712785742539       0.64463862437241803       0.66418939689740009       0.67261905753504025       0.65724236755225740       0.65194531221100871       0.65698661614245235       0.90758510473823129       0.57207424272445673       0.70901284072756865       0.62543888003741133       0.66541441071702057     
  0.84929848857966095       0.97306473471713828        1.0212529416067588       0.81795862572260114        1.0181802150534187       0.87636010119925978       0.97754711542598371       0.93166110559380255       0.92323085025313201       0.93451830351738352        1.0010582332211591       0.88612828462944204       0.87683268926793290     
  0.55088625870368202       0.86440313605500541       0.67612451977664900       0.69478135876168146       0.71040891063699252       0.68830769058726282       0.68264175021679829       0.68921974120115481       0.91560482091632855       0.58669488726016761       0.74273016039889017       0.65026678245159641       0.70002967071342170     
   1.0285176109618466       0.88718891651597520        1.0193157840276648       0.82098793887936061       0.91720325643712153       0.84782366522576880       0.93332752691560228        1.0516066761543270       0.99469659859869575       0.92335510958451228       0.80368385836489997       0.84218875933872472       0.88992389228972812     
  0.57724386639693814       0.87634259984735285       0.70778727815696774       0.72599272254799763       0.74630388755471000       0.72027410749263654       0.71208869442510092       0.72173951223185384       0.92330568026487836       0.60163355476335945       0.77588189005752595       0.67504280835124042       0.73472559911384372     
  0.86151956838041244       0.90557497720510038       0.98416645901176625        1.0144270810742846        1.0404398841390616       0.99719679913515924       0.97080526109698240       0.87289588075348223       0.85379134886929109       0.98329191621466394       0.94934451210870041       0.84425104423355057       0.87864322225818892     
  0.60476971678915514       0.88825042379076513       0.74096837849783281       0.75829349793411938       0.77780477808286641       0.75425282527875270       0.74121061516982489       0.75500093398392643       0.93072342724500445       0.61685211714588617       0.80819033421501085       0.70154338944000727       0.76856713084954809     
  0.91904141057154154       0.94058462383492503       0.89686821714980247       0.91779731766002548       0.89878238139448119       0.95401691229137209        1.1306942842538790       0.84718236915047729       0.93624455419258024       0.91513171057220655       0.95227774079454808       0.79692949555155768       0.99734596729698999     
  0.63549090320600954       0.89935167193159327       0.77197913340627544       0.79040729975762969       0.80805509777122864       0.78804669046462850       0.76878035249567778       0.78755587896804802       0.93793037722140105       0.63311098989469716       0.83876501314068475       0.73287948914028256       0.80116734890438956     
  0.90820731138949296       0.95300701075264016       0.99838749996760512       0.98272425028600052       0.92028669288245235        1.0730634444808202       0.93066586425359898        1.0220307952470691       0.94857452021512034       0.99764582425419812        1.0763033577979393       0.98678661251551292        1.0592257502525277     
  0.66571726411748211       0.91055913154052814       0.80470989294943740       0.82104968478719376       0.83650347593071084       0.82018387991874653       0.79542943602048366       0.81965212268080800       0.94487086411140453       0.64925449742751362       0.86835978237044387       0.76916729764223579       0.83152195970949128     
  0.80681193152460873       0.88119942992587896        1.1239345243283601       0.96515650055925550       0.98034897840705937        1.0392970223680973       0.86513095821869312       0.99486562926480937       0.87172611396996302       0.93295731207434474       0.99013852170744077       0.96830179995310250       0.90333569931954172     
  0.69674341804196493       0.92205028810243561       0.83597470666905871       0.85094806783155552       0.86259709906828885       0.85142165441792939       0.82059146068007238       0.85093017154991801       0.95193560206340777       0.66795353470943530       0.89628082835536460       0.80762550754651619       0.85983099104257110     
  0.83410085493383279       0.79974864087646846        1.0819256128992147       0.87903894763183155       0.87460069122255502       0.96506358817220206       0.80053387442370560       0.97705273339323540       0.93130824013745350        1.0138749926629151       0.96957430906567998        1.0503308241801159       0.92388611468310811     
  0.72562475846438534       0.93410760239600987       0.86768798744152476       0.88062338449655431       0.88892278414120673       0.88263457634049947       0.85083469393467370       0.88276378568857583       0.95894303107905943       0.68791406627106988       0.92019795872241605       0.84620067648723929       0.88706587303183415     
  0.87651220331746349       0.97085479221769655       0.93995206066058778       0.81757080829003681        1.0523674962510845       0.99164936057941733        1.0291949108440248       0.91764774128386073       0.86898714569662661       0.81799769043356041       0.96314597232662824        1.0156835194949647       0.89920068867874037     
  0.76691269310664356       0.94675791484872729       0.90148423834751357       0.90936315843959148       0.91387887134655743       0.91379932559085297       0.88401316784727246       0.91664612074471163       0.96680547572458353       0.71298718413653772       0.94091718831508964       0.88497952821036219       0.91416942727888240     
  0.99935708191652661        1.1708634941388927       0.98729299885775945       0.85698512468432242       0.96373352215184382       0.97183476105785815        1.0206269800115069        1.0002815768667843       0.99134072376037274        1.0086928047299262       0.91601379937198701       0.85534785264234114       0.86917413081389450     
  0.81375737632964673       0.96088120651904263       0.93116166682408907       0.93829678334539091       0.94107729387495431       0.94308795436952952       0.91885558323455185       0.94857972733156304       0.97470436691081241       0.74464958026241990       0.96093384516352376       0.92348625166985121       0.94186530924939182     
   1.0227643716632886        1.0798320268611852       0.87610287344163662       0.97746393190481107       0.98850369003555538       0.92765585048902377        1.0321433380222167       0.85666827549656399        1.0493267556765589       0.96263836879020526       0.87758607968325386       0.85525784581602771       0.92208292833254835     
  0.88593554503623773       0.97811939763010169       0.96616169084440773       0.96916977168093799       0.97152626035619982       0.97194994165930904       0.95762603845307093       0.97578047878877516       0.98554755207006550       0.80469282988160917       0.98088519014779296       0.96220785695174671       0.97054247561069940     
  0.93784304610046831        1.0623192534627712       0.87769689261264250        1.1131152365777766        1.0551028333677899       0.86368432084706659       0.92213148469226136       0.81109328285685278       0.95270835140405663        1.0229727775786950        1.0534095907548395       0.82668937814048105       0.97756234828182942     
   1.0000000000000000        1.0000000000000000        1.0000000000000000        1.0000000000000000        1.0000000000000000        1.0000000000000000        1.0000000000000000        1.0000000000000000        1.0000000000000000        1.0000000000000000        1.0000000000000000        1.0000000000000000        1.0000000000000000     
   1.1133754118256294        1.0094339886392163       0.86343480497863845       0.89565241529585859       0.91710085923165807       0.81181031534109460       0.79925011892017506       0.84800688997539253        1.0388783509209958       0.91897470358281619        1.3689357723068185       0.84667081009544076       0.80362096929374072     
   3.0845235985093313       0.44357848479640882        6.0534215479258542        6.5512406302603754        3.2198237085094066        5.2133066994776325        5.7458942416270213        6.6989429061745343        9.8479578749052923        5.7273713926518424        6.6578213188786100        6.7310340365157781        7.8944602244217759     
   5.7176650262104340        3.5485465802246901        7.7848411575289518        5.4477782751174795        6.7909332658840054        4.1013556519159282        4.6217937511277185        6.7959990918993753        11.677207381733703        5.9601919703076698        5.5578976496403270        3.0546211557264678        8.6760104831162455     
   4.7221182092678502        5.8021620264849929        5.1368130658777327        6.3918547529024412        4.9428106860999907        4.1795775241144835        6.2011497272407246        4.6425412582556032        10.067430179195904        7.0747388308665071        7.7067939856895862        6.0936627202209133        5.1754586804726204     
   6.7604858875517895        7.9573883660278906        6.8500315389874276        6.1792296687180688        6.0848693432986378        6.7521764736471468        6.4662346020834844        6.5326824774827603        5.2811682354975318        6.6921729829870902        8.0494694176670691        3.5481402377274720        5.0086263649938703     
   6.8610548153523174        3.7277179056043730        6.7896907447918649        6.5049556199405867        8.8313379052103098        5.9335197573453504        7.1076184677232206        8.1793817887738509        9.3652023163820441        6.1774385867077743        5.7804735714036406        5.2885810596926213        6.1120159455410707     
   6.3823236432450763        5.7336071525668268        5.9895669468689281        4.5700501030886658        6.6503698449200517        7.4877246748245270        6.3421162417672150        4.0008633939295351        9.1887335216909616        4.4162578359030391        6.7448522744541570        8.5822047336327412        3.9742564833945702     
   6.7741822793916135        6.2266244099390295        5.0111701076179482        7.6254836415833145        6.5335701826208332        4.1019582883735373        5.9444695186984973        5.4908236952978919        5.7357148533569990        8.2847364129491581        5.5727893086603739        7.3914443057172923        4.2785116499660161     
   9.7960238286098917        5.9934737832281710        4.6294518784356997        5.5374122166412807        3.1507717602768519        7.1444431337058178        6.6232182768824774        4.3274268240959408        5.0670047061398922        13.873366568489374        4.2526273910864472        6.3366982955376789        5.2620575085558050     
   2.7768511616039593E-003
           1           1           1           1           1           1           1           1           1           1           1           1           1
   1.6398372645922830E-002   5.5822654380969826E-003  -6.3699867330808011E-006   5.0123847991939554        1.7569061908892836E-004   3.1923161542064134E-007
   2.1184625890635452E-004   1.3934405537323444E-004   2.1237553378096395E-005  0.36316086852941637        2.1228926933113789E-005   3.6648198455447189E-008
   5.0000000000000001E-003   5.4851915933972801     
