     
 Soft #          90
 ME*wgt:
  0.93761003447264957        1.6044139682279702E-015   1.7111740587656557E-015
  0.98332885307783857        1.6826468246225821E-015   1.7111740587656557E-015
  0.99910331621513637        1.7096396767340813E-015   1.7111740587656557E-015
   1.0000101002794692        1.7111913421018698E-015   1.7111740587656557E-015
   1.0000025540627975        1.7111784292116594E-015   1.7111740587656557E-015
   1.0000002696861425        1.7111745202455867E-015   1.7111740587656557E-015
   1.0000000546959593        1.7111741523599624E-015   1.7111740587656557E-015
   1.0000001796729705        1.7111743662173819E-015   1.7111740587656557E-015
   1.0000000017478352        1.7111740617565061E-015   1.7111740587656557E-015
   1.0000000001747855        1.7111740590647441E-015   1.7111740587656557E-015
 wgt:
   1.1111111111111114        1.5032256889995293E-003   1.3529031200995760E-003
   1.0101010101010102        1.3665688081813902E-003   1.3529031200995760E-003
   1.0010010010010011        1.3542573774770531E-003   1.3529031200995760E-003
   1.0001000100010002        1.3530384239419705E-003   1.3529031200995760E-003
   1.0000100001000012        1.3529166492660689E-003   1.3529031200995760E-003
   1.0000010000010002        1.3529044730040494E-003   1.3529031200995760E-003
   1.0000001000000101        1.3529032553899016E-003   1.3529031200995760E-003
   1.0000000100000006        1.3529031336286081E-003   1.3529031200995760E-003
   1.0000000010000001        1.3529031214524793E-003   1.3529031200995760E-003
   1.0000000001000002        1.3529031202348667E-003   1.3529031200995760E-003
     
 Collinear #           3
 ME*wgt:
   1.4563701552774997        2.8562468980718240E-013   1.9612094409663244E-013
   1.0333529909428656        2.0266216416879367E-013   1.9612094409663244E-013
   1.0016947991959224        1.9645332971499095E-013   1.9612094409663244E-013
  0.99972740332307719        1.9606748217899673E-013   1.9612094409663244E-013
  0.99983581816769640        1.9608874460067754E-013   1.9612094409663244E-013
  0.99996714785066443        1.9611450110208915E-013   1.9612094409663244E-013
   1.0000710914676767        1.9613488662239039E-013   1.9612094409663244E-013
   1.0008608177072891        1.9628976847808109E-013   1.9612094409663244E-013
   1.0000000000000002        1.9612094409663249E-013   1.9612094409663244E-013
   1.0000000000000002        1.9612094409663247E-013   1.9612094409663244E-013
 wgt:
   1.0000007148289931       0.10797717349355643       0.10797709630839740     
   1.0000000685162862       0.10797710370658704       0.10797709630839740     
   1.0000000068233010       0.10797709704515762       0.10797709630839740     
   1.0000000006820484       0.10797709638204302       0.10797709630839740     
   1.0000000000682023       0.10797709631576169       0.10797709630839740     
   1.0000000000068205       0.10797709630913385       0.10797709630839740     
   1.0000000000006821       0.10797709630847106       0.10797709630839740     
   1.0000000000000686       0.10797709630840481       0.10797709630839740     
   1.0000000000000071       0.10797709630839816       0.10797709630839740     
   1.0000000000000009       0.10797709630839750       0.10797709630839740     
     
 Collinear #          30
 ME*wgt:
   1.5957860504473618        4.7158680155072303E-012   2.9552006762969176E-012
   1.0823476862968997        3.1985546145330017E-012   2.9552006762969176E-012
   1.0069014857873368        2.9755959517631093E-012   2.9552006762969176E-012
   1.0001481749983121        2.9556385631521395E-012   2.9552006762969176E-012
  0.99984281461160085        2.9547361619308163E-012   2.9552006762969176E-012
  0.99992995121162831        2.9549936680701476E-012   2.9552006762969176E-012
  0.99997475168409766        2.9551260624566876E-012   2.9552006762969176E-012
  0.99998654912818841        2.9551609262714431E-012   2.9552006762969176E-012
   1.0000000000000040        2.9552006762969293E-012   2.9552006762969176E-012
   1.0000000000000000        2.9552006762969176E-012   2.9552006762969176E-012
 wgt:
   1.0001445631073562        1.9726625294337692        1.9723773964284621     
   1.0000138545571342        1.9724047228437913        1.9723773964284621     
   1.0000013797103995        1.9723801177380678        1.9723773964284621     
   1.0000001379138466        1.9723776684466157        1.9723773964284621     
   1.0000000137908127        1.9723774236291494        1.9723773964284621     
   1.0000000013790753        1.9723773991485192        1.9723773964284621     
   1.0000000001379072        1.9723773967004672        1.9723773964284621     
   1.0000000000137905        1.9723773964556623        1.9723773964284621     
   1.0000000000013789        1.9723773964311819        1.9723773964284621     
   1.0000000000001379        1.9723773964287339        1.9723773964284621     
     
 Soft #          33
 ME*wgt:
   1.0002869491535660        1.1558179071970877E-011   1.1554863413694747E-011
  0.99967989030524285        1.1551164589894428E-011   1.1554863413694747E-011
   1.0000737434493148        1.1555715509179233E-011   1.1554863413694747E-011
   1.0000331137073206        1.1555246038059959E-011   1.1554863413694747E-011
   1.0000042851026563        1.1554912927470653E-011   1.1554863413694747E-011
   1.0000004582990458        1.1554868709277623E-011   1.1554863413694747E-011
   1.0000028431440913        1.1554896265836386E-011   1.1554863413694747E-011
   1.0000408116644448        1.1555334986903093E-011   1.1554863413694747E-011
   1.0000000005000467        1.1554863419472718E-011   1.1554863413694747E-011
   1.0000000000500042        1.1554863414272539E-011   1.1554863413694747E-011
 wgt:
   1.1111111111111109        14.523403959780726        13.071063563802655     
   1.0101010101010102        13.203094508891571        13.071063563802655     
   1.0010010010010009        13.084147711514168        13.071063563802655     
   1.0001000100010000        13.072370800882743        13.071063563802655     
   1.0000100001000010        13.071194275745412        13.071063563802655     
   1.0000010000010000        13.071076634879290        13.071063563802655     
   1.0000001000000098        13.071064870909138        13.071063563802655     
   1.0000000100000002        13.071063694513292        13.071063563802655     
   1.0000000009999999        13.071063576873717        13.071063563802655     
   1.0000000000999998        13.071063565109759        13.071063563802655     
     
 Soft #          93
 ME*wgt:
   1.0050905075532914        4.5879503900427115E-013   4.5647136805731414E-013
  0.99998634796615082        4.5646513629474624E-013   4.5647136805731414E-013
  0.99999397227363263        4.5646861657281295E-013   4.5647136805731414E-013
  0.99999935208824198        4.5647107230414759E-013   4.5647136805731414E-013
  0.99999992862619824        4.5647133547721719E-013   4.5647136805731414E-013
   1.0000001345500094        4.5647142947554097E-013   4.5647136805731414E-013
  0.99999999704380349        4.5647136670789509E-013   4.5647136805731414E-013
   1.0000131186940184        4.5647735636551991E-013   4.5647136805731414E-013
   1.0000000005031691        4.5647136828699641E-013   4.5647136805731414E-013
   1.0000000000503171        4.5647136808028244E-013   4.5647136805731414E-013
 wgt:
   1.1111111111111112        15.468517668328868        13.921665901495981     
   1.0101010101010099        14.062288789389877        13.921665901495981     
   1.0010010010010009        13.935601502998979        13.921665901495981     
   1.0001000100010000        13.923058207316712        13.921665901495981     
   1.0000100001000012        13.921805119547178        13.921665901495981     
   1.0000010000010000        13.921679823175804        13.921665901495981     
   1.0000001000000101        13.921667293662709        13.921665901495981     
   1.0000000100000006        13.921666040712648        13.921665901495981     
   1.0000000009999999        13.921665915417645        13.921665901495981     
   1.0000000001000000        13.921665902888147        13.921665901495981     
     
 Collinear #          92
 ME*wgt:
   1.0998390023436733        4.1813037419304352E-017   3.8017416485689226E-017
  0.97903142192411197        3.7220245319865498E-017   3.8017416485689226E-017
  0.98918638587618479        3.7606310813828613E-017   3.8017416485689226E-017
  0.99616803089574846        3.7871734920292602E-017   3.8017416485689226E-017
  0.99883480375311862        3.7973118734683973E-017   3.8017416485689226E-017
  0.99867752819320521        3.7967139524219728E-017   3.8017416485689226E-017
  0.99894919342698529        3.7977467534557028E-017   3.8017416485689226E-017
  0.88495670147744465        3.3643767491869762E-017   3.8017416485689226E-017
   1.0000000000000000        3.8017416485689226E-017   3.8017416485689226E-017
   1.0000000000000000        3.8017416485689226E-017   3.8017416485689226E-017
 wgt:
   1.0000000073913426        4.9435550496156728E-004   4.9435550130761633E-004
   1.0000000007084600        4.9435550165784746E-004   4.9435550130761633E-004
   1.0000000000705529        4.9435550134249457E-004   4.9435550130761633E-004
   1.0000000000070526        4.9435550131110280E-004   4.9435550130761633E-004
   1.0000000000007054        4.9435550130796512E-004   4.9435550130761633E-004
   1.0000000000000706        4.9435550130765124E-004   4.9435550130761633E-004
   1.0000000000000071        4.9435550130761980E-004   4.9435550130761633E-004
   1.0000000000000009        4.9435550130761676E-004   4.9435550130761633E-004
   1.0000000000000000        4.9435550130761633E-004   4.9435550130761633E-004
   1.0000000000000000        4.9435550130761633E-004   4.9435550130761633E-004
