   0.0000000000000000        0.0000000000000000        0.0000000000000000        0.0000000000000000        0.0000000000000000        0.0000000000000000        0.0000000000000000        0.0000000000000000        0.0000000000000000        0.0000000000000000        0.0000000000000000        0.0000000000000000        0.0000000000000000     
   8.4187766778492823E-002  0.23914797271492938       0.58299280630421757        3.6290798564148415E-002   3.3155572625996485E-002   7.0265107351333801E-003   2.9550710749569022E-002   2.8954508631917508E-002  0.54256603444730267       0.17319625522882939       0.11053867655909193        3.0777409968260023E-002   2.5678963746902025E-002
  0.72105353311270382        1.0811690063600985        1.0241500361603533       0.97923460258346895       0.96036888343583393        1.1556677141013336        1.0827643458654754       0.88983012594118882       0.86640895191848755       0.76994023890580776        1.1796754749577081        1.1426922323821211        1.0107788510636027     
  0.13531168261241527       0.32387864694717994       0.80713091199545106        7.4872107796979365E-002   6.5425996516531873E-002   1.3954631848682187E-002   6.0216449177002099E-002   5.8474780723874048E-002  0.73332006407834849       0.25418721362114671       0.17140761409600930        6.3608218424576632E-002   4.9458457133953367E-002
   1.5321120417685214        1.3073530346146331       0.96975607468873670        1.0527729865147573        1.0007678320929416        1.0077311810181040       0.96669822259631011       0.95706504791661440        1.4216713530392944        1.2147872120473542        1.1702279405139961       0.94787435170971168       0.96001575460361865     
  0.16367477963548635       0.37715729296830053       0.88466550940071698       0.11718939636552951        9.6306462356214068E-002   2.0328925302860103E-002   9.5169570764633130E-002   9.3836508475054259E-002  0.79120755808965371       0.28846234034268853       0.20978200495920130        9.7596341858865149E-002   7.3287191111433808E-002
   1.0819456368634623        1.1962582687150480        1.1472218862592187       0.92943782775448081        1.1376531528884781        1.0893120483481615        1.0830484397629123       0.92471962158327226        1.2195297885225334       0.88254561570906398        1.1487956172121241        1.0833421514596957        1.0837416261185524     
  0.18295503240036831       0.40855231406595993       0.91131759997999306       0.15893149612341242       0.12564491828159047        2.7242958272364056E-002  0.13182013946388557       0.12672258052922394       0.81414673769107282       0.31204733496427350       0.24305312102362350       0.13278387315345683        9.7337981421127040E-002
   1.0034894441781053       0.92427439590956761        1.0782170348780118       0.98037449488047301       0.92940926610689389       0.93930729117785861        1.1074080797263539        1.2084776294907777       0.88471388377161064       0.92435417462523717       0.98367502281636654       0.85532123522313497       0.95228026868277749     
  0.20410924726430887       0.43494762555281019       0.93255237934408963       0.20293633470835559       0.15612101640436454        3.5621019425550376E-002  0.16570180428654613       0.15596185090735329       0.84197099460726488       0.33320766757912779       0.27554404173957714       0.16700962922652973       0.12068693066211210     
   1.0061863999428826       0.92512045613990335       0.84828523610611495        1.0345939487883333        1.0864320413394393        1.2076641076047101       0.95670889610986709       0.83033966127164283        1.0703739128285361       0.94696613164478372        1.2423014628088827       0.99617327590721894       0.91284939413860700     
  0.22763263866482242       0.46587813773383752       0.94687589641699021       0.25218418545576765       0.18750829854304912        4.4428365713071391E-002  0.19735640057499060       0.18515911401363799       0.86069667103290104       0.35251726001941724       0.30483395150698089       0.20071949005288189       0.15356482984259284     
   1.2394555155884712        1.0541855200691064       0.87124506525760870       0.95009865866611398       0.85390183454506496       0.99789939169406150        1.0787891791695887        1.0487386176531814       0.96837231222506659       0.96389648723185573        1.0269890033308149        1.0951948108606804        1.0672833485701327     
  0.25145185712522217       0.49319641532294312       0.95748595540211912       0.29934071728531764       0.21709286873819306        5.4431586866005424E-002  0.22694249640099889       0.21498909881713862       0.87509735071077099       0.36952429047753382       0.33448102220649290       0.23285494144895924       0.18388908800030271     
  0.97166230606869630       0.95294429282995874       0.91335326135887462        1.0677226925131753       0.92016414966941229       0.91446661059480694        1.0045498458936808        1.0143229337285533       0.89243421286662639        1.0116084523976541       0.96448976866261182        1.0431214415502827       0.92097643256889206     
  0.27431173135569770       0.51695801811763864       0.96548926926723289       0.34490279372314525       0.24676468769856938        6.4734413299398164E-002  0.25843912669031888       0.24531490113713933       0.88828042694454912       0.38540585653521559       0.36246593476244232       0.26661194689118040       0.21707431849722475     
  0.94251801560198067       0.94840901106937214        1.0052705597308580        1.0428921953605585        1.0810364381261819        1.0477120021505100       0.99469760339797841       0.89817758174094253       0.93179292599320762        1.0103594147809065       0.96293414150256607       0.84844411619878923        1.2484130427453517     
  0.29715066989505473       0.54076867937369866       0.97173078974665716       0.38558922944496565       0.27482927228732890        7.5822631316397021E-002  0.28959545510285900       0.27848759268286222       0.90082833781918137       0.40090911234005255       0.39182041504490261       0.29931244327652429       0.25299801811965661     
  0.97528689282888847       0.89245256745329926       0.96370890305174450       0.97943278987074711       0.95434443029088234       0.88413391888584614        1.0285530799084213       0.88539128736392403       0.92767717935222527        1.0813815610632502        1.1474390058240169        1.0474661694535976       0.99289752991321334     
  0.32022572561682333       0.56505535690030118       0.97695282969804864       0.42951425784535874       0.30373385340140097        8.8748661462927744E-002  0.32064589715055974       0.30945461327536622       0.91098012376061044       0.41644742526513784       0.42003157687630510       0.33499012242762288       0.29059060125711961     
  0.96935713442937643        1.0081984442299943       0.94292344217087143       0.99951762020681179       0.91785765557435017        1.0880663932697388       0.93911805743385246       0.93987067904392574        1.0272667251603891       0.93204632500490148        1.0472645511412582        1.2128091362523497        1.1751203374466948     
  0.34530409680578084       0.59101634221573784       0.98112371243419971       0.47125313339647240       0.33195491696659585       0.10468020996051063       0.35315676837909510       0.33832855545498264       0.91984646022336003       0.43138946429718905       0.44682685972095504       0.37207840421127913       0.32916595390874537     
   1.1508731475049303       0.94385604419251334        1.0891534860954988        1.0110169520195751       0.96142551979191104       0.88530663720616209        1.0123301565686147        1.0187653198354367       0.95245574854361914       0.95935217580437304       0.93350304211205037        1.1691868269924890       0.91106645586340207     
  0.36765474582053265       0.61418086565290964       0.98425128865825395       0.50466226922654067       0.36740154159550403       0.12070687820903736       0.38361627723826841       0.36931096032396304       0.92810667547916237       0.44554255914095925       0.47213282423231934       0.40918797657323069       0.36690205904770895     
  0.99173727588711491       0.98605654924345798       0.83328331907405306        1.1382932011167413       0.92618700438023138       0.87244241855534621       0.98857639058611768        1.0673876291254083        1.0482290920194643        1.1302957517835193       0.96563916063238553       0.85211214624074805        1.0829297922458003     
  0.38809411664077409       0.63446659913751147       0.98682362613404706       0.54255033052047130       0.39975041216920726       0.14109921192804567       0.41394841377109182       0.40293312314946178       0.93511864101612485       0.45884771006232739       0.49610977508909554       0.44100632829605385       0.40368643454580216     
  0.95974207051407190        1.0113797987249784       0.92245820849251503        1.1045134450693794        1.0989433286550414       0.94929323292562784       0.99702944562801465        1.0267389741545521       0.86403544636545559        1.1068882833302991       0.92912055746915334        1.0606642652203890       0.92505195246522220     
  0.41410250772674356       0.65350424700064613       0.98889416882947379       0.57730642042011748       0.43451033782497406       0.16348489092452884       0.44432943552319304       0.43799515705998804       0.94212088563553809       0.47277219111847124       0.52160902181370705       0.47492879346413197       0.43687180839826811     
   1.2286209265455244       0.95345390212627434        1.0137138863548381       0.91276898334504053        1.0446644580436115       0.91140651369391479       0.91738505065553155        1.0395268909377111       0.88266342471454395       0.97633155282352513       0.90808769748551854        1.0230325683476311       0.98310146714934432     
  0.43916349308885566       0.67210899922506884       0.99055945512126498       0.61027733280514385       0.46817383401249574       0.18621419317119822       0.47590877391365871       0.47090582903149308       0.94720298629808508       0.48596202159794338       0.54876174398869071       0.50355356685618735       0.46939268537702378     
  0.93748568775384544        1.0009600354815171       0.86532619356572438        1.0520391038595400        1.0603670202362214        1.1091084845699763        1.2624240131152871        1.0198288718567512        1.0547421296114807        1.0140791347481688        1.2100221042828996       0.93280212650761118        1.0822396576580426     
  0.46256600744781540       0.69221531241291923       0.99213989535826941       0.64040987357379997       0.50093820162062364       0.21483840944429650       0.50831750819523691       0.50272126117855898       0.95264375958136116       0.49913653172336508       0.57615739014185285       0.53786051968448056       0.50385337462553692     
   1.0404164076933518       0.94824020327948266       0.91485830306998073        1.0677818610262533        1.0476885189621938       0.95657432433181544        1.0518284570813083        1.0525870125396699       0.90811695729331254       0.95379168418955729       0.95669434370033457        1.0953264344846889       0.99009386723391346     
  0.49066863970766417       0.71132336935745633       0.99339820264609280       0.67153776147022193       0.53269242722154075       0.24084351441231422       0.53982030130444625       0.53328456896772236       0.95759416184342261       0.51099200230838260       0.60370950503992193       0.56972117088036933       0.53405025881521706     
  0.88844875604415596        1.0157404944585755       0.87050656465967591        1.0003260190174612       0.84184945127303135       0.88445591581294247       0.97177955334787613       0.94675140890759535       0.85362394846937328       0.87369928058018609       0.97082394443699704        1.0324072389416965        1.0460233322577770     
  0.51609626543130593       0.72876836722616511       0.99453408050492620       0.69972422443006266       0.56308277392526174       0.26955597153115396       0.57140669312409564       0.56293634656904357       0.96198714246584360       0.52379159392497798       0.63090941643997300       0.59988182187132588       0.56398507242487161     
   1.0551300402176769       0.89913766641858384        1.0088474706579518       0.98549623328712965        1.0345440098311307       0.96566914725810926       0.97420743102740770        1.0202842962189103       0.95046041502304968        1.0229407850228660       0.98674091469603442       0.99556800756946362       0.83255193644950065     
  0.54226802417858477       0.74750940395298782       0.99544699738650655       0.72656461612908207       0.59151016383380262       0.30337006209603512       0.60013997482606274       0.59482413024072689       0.96640489061814405       0.53720528857348682       0.65807285817022931       0.62852008550071037       0.59404516973341448     
  0.94868659151736157        1.0472599784684440        1.0319759864124027       0.89358637458011092       0.92610151053478995        1.0591801844769897       0.96757830656603760        1.0088311053542343       0.90761814783314698       0.90330223048677194        1.0956194566391679        1.0146661047867507       0.89744959980171479     
  0.56714145465319832       0.76599799061038087       0.99619017678075472       0.75366541796527997       0.62174344147576333       0.33904909373671377       0.62975019030156576       0.62436711333623762       0.97006811971618478       0.55147075735279394       0.68317516066887130       0.65448397810016912       0.62621195773729021     
  0.88385125631552064       0.81258858303144199       0.95239887327252104        1.0764071120750227       0.92450138512040270       0.99746572317917559        1.1524113413604480        1.0653480442841601       0.89838674292219300       0.90252356073593032       0.88782021003586786       0.80219475153846354       0.99642955029907865     
  0.59084912862734440       0.78493430859155866       0.99682553498561699       0.77898329316730153       0.65217147807307096       0.37811548062251454       0.66126203246013682       0.65400338861210305       0.97345205533773094       0.56704405797930635       0.71258352191086993       0.68320792587414114       0.66279822713503000     
  0.86500448484668224       0.91020775894837136        1.0692775713293283       0.90875460673412967        1.0749113376038211       0.96776008023325266        1.1464691295874097        1.1713180525801417        1.0812818616690134        1.2004443400338209        1.0585429281285026       0.85204650637483037        1.1032476395194646     
  0.61406347427398966       0.80371599135435623       0.99737225777516036       0.80280433160205500       0.68360503583854870       0.41863559099596764       0.69101391084834884       0.68442076814552577       0.97673371497755168       0.58249102325311874       0.73566843768934231       0.71409148830664049       0.70011980028468568     
  0.87979480954555644        1.0376762523593730       0.95604830435246135       0.97980644717048260       0.93129965612851173        1.1137251411320741       0.84319577138612911        1.0577895772702248        1.0550549101917053        1.0787258736126779       0.96263595022787019        1.0799809922525188        1.0960602491072764     
  0.63752580499431599       0.82238398168023530       0.99782033043164975       0.82655837287167921       0.71924841929183714       0.46393717556573638       0.72226402484221508       0.71629847061301199       0.97974997555441390       0.59746977297127390       0.76230262545257343       0.74557348653460020       0.73664986857381820     
  0.95161285205006618       0.97001603676038195        1.1518189131091630        1.0317828001735838        1.1941774344902167       0.85674076955195688       0.95813092364748742       0.96101261853532272        1.2235200834731166       0.91021740288402853        1.1601340063613319        1.0119606740687479        1.1893186527481701     
  0.66244990103093326       0.84088073446347822       0.99821616157532611       0.84931628712925999       0.75251734128605996       0.51039097103866871       0.75453398729999277       0.74885042964882431       0.98253861695249878       0.61166422639945484       0.78909787804798703       0.77702822845249075       0.77816185329145793     
   1.0295759120093744       0.96921510955016532        1.1781962243462036       0.93154092189154969        1.0564177488940689       0.94261528036642728        1.0944325027893391       0.91893938758720084       0.99132890645128580       0.89867219232644413       0.85029858670024594       0.83752039105122078       0.93328032477649214     
  0.69056606117723107       0.85902653455991718       0.99859789261566378       0.87043889136876851       0.78308079617747206       0.56466083194942218       0.78397007197922974       0.78186065331496402       0.98510510562059539       0.62722216145529941       0.81324740658421046       0.80629674215251490       0.81190634940023987     
  0.99742039782551906        1.1323113738884190        1.0493041526036953       0.96922154229177560        1.3151428016902349        1.0558652719264685       0.88706815846098586        1.0097025426775326        1.1854956869228961        1.1946518550697276       0.91606514325023158        1.0553928333188449        1.0845712053206449     
  0.71977384660001409       0.87753560353478055       0.99890798336122943       0.89068515420143457       0.81651631549508263       0.62853228701657371       0.81732622479969363       0.81518939897843157       0.98743771500007638       0.64439895285595961       0.83941387810146051       0.83568304971308238       0.85106189802653076     
   1.1383187226967650        1.0725813817825054        1.1937890005441951        1.0494446913326629       0.97553481774752981        1.1794608754412901        1.0275532125311588        1.1141681952102838       0.99196392120525434       0.94316799089612735       0.96719287494273287       0.98895725369165632       0.98855536530837385     
  0.75179280946556437       0.89589977119184983       0.99918775746326172       0.90951307320212538       0.84866440818882294       0.69153022186526725       0.85264419676538816       0.84670380946701829       0.98972534159677727       0.66187086098350567       0.86533404161437044       0.86407965180970980       0.88382312202038404     
  0.78733189523881764       0.96570706743903778        1.0347567396411688       0.97800841099529645       0.84686089136125531       0.88319169436220180        1.0293443179435802       0.88978701579302755       0.95675353150945641       0.94122103147130554        1.0077086423123303        1.0543322489366664       0.90111610492215000     
  0.78551000024869944       0.91369796174090023       0.99938967616161534       0.92829849812724963       0.87700584693066619       0.75309639588052368       0.88279598194139752       0.87590654528486067       0.99170162280762109       0.68309421635918766       0.89080121201329199       0.89145586568151602       0.91036195329987135     
  0.91693157294790151       0.94001184738770205       0.87513201280531205       0.88316138775374819       0.99950190799455696       0.77915716483057917       0.88309685518504455       0.86853699063669487        1.2142641955753051        1.1746362299786672       0.94030055917470234       0.99446920847188158        1.0618678063624432     
  0.82470513106663568       0.93440916809671792       0.99955695688743573       0.94749285735430899       0.91030264791739235       0.83105954945803506       0.91333113417684175       0.90465345406872333       0.99340204613180538       0.70820311413045933       0.91800417682530910       0.91840758874295902       0.93503155079081213     
   1.1867959814726898       0.93033143445199329        1.1292393241982706       0.96992639031895134        1.1823739754199394        1.1052439966513503       0.87770827255063300        1.0766852422627737        1.0434312668618551       0.97335976993792506       0.86377444423251526       0.94106723493278766       0.98251480878799990     
  0.86379475193926869       0.95579505397288733       0.99971344067024726       0.96515128831151020       0.94180295352289378       0.89176027911157874       0.94174414019852526       0.93359927275183996       0.99507893753151977       0.73610376280414680       0.94403970746248966       0.94310131477002301       0.95778468848617437     
   1.0269509190247730       0.97730939458750921        1.1273388708837129       0.98185852320089073        1.0559539494386485       0.91678378319616327       0.84058304471834899        1.0599836701262102       0.92194261365454966        1.0856419092831795       0.89199597191519930       0.90300713089300488       0.86959045152001135     
  0.91975428024680184       0.97762824256916048       0.99985485994562029       0.98170743668338867       0.97257947795093902       0.96076939121862737       0.97071450988165164       0.96482406390856545       0.99662869250704234       0.81447658643418963       0.97090140389456037       0.97318753084223319       0.97732292023848122     
   1.0013607461269844        1.1214414229895873        1.0363148468710430       0.99708638966563634       0.88730084296837664        1.1163971099519900       0.95064043652134111        1.0031559171460127        1.0311139432395053        1.2056615820487646       0.86388880135015966        1.1908953443284900       0.96320483202385065     
   1.0000000000000000        1.0000000000000000        1.0000000000000000        1.0000000000000000        1.0000000000000000        1.0000000000000000        1.0000000000000000        1.0000000000000000        1.0000000000000000        1.0000000000000000        1.0000000000000000        1.0000000000000000        1.0000000000000000     
  0.95423072467928127        1.1611946410042786        1.0428597800092407        1.0709612340266954       0.89991714564379344        1.3311688682128171        1.0062298982135436        1.0746546817127096       0.96307550878087411       0.95483209159816351       0.92918552802152155       0.96796211962209522       0.85648257351297608     
   61.990545577482806       -43.060554889861422        10.382897592736899        28.750686840828376        44.432488972172102        49.337104863395417        47.172709648914697        31.533464899750467        31.553188476969193        50.425928321593645        68.456500453119673        45.795527130417504        41.558591381884952     
   49.139757114415971        27.202660982895033       -11.857749631916487        51.806589406391645        41.767324020491614        54.666231484528907        54.313794312314663        57.551319166328838        31.553188476969193        52.286450254888315        52.747136628567269        55.997012982481593        49.822990902049369     
   56.451176501227351        78.706484322622842        1.5313888313205606        52.284967954699596        45.498556061548321        65.129933590581444        41.102371381528876        32.305908112056812        27.594209484050712        54.948994743751555        34.601874527437850        46.158750538939621        30.799988402773700     
   44.053394274278695        52.183915118378671       -7.6776855415878407        66.249684220952815        41.929368831758225        43.202874963921218        37.950049355152757        34.318848555553465        17.254470491192123        52.401847360002670        40.315258986756582        48.237542639452613        38.382629759184304     
   55.984806465620501        63.980989833364205       -26.827660337344966        46.750171423738372        42.359256556057701        61.813730666916157        53.447925590956608        45.228663020942335       -3.6762396454514068        52.449465968977655        34.651290710807466        47.466798169136915        61.357533911356548     
   44.365861138802344        51.715322911750846       -6.7353515950855725        69.079609463099786        57.715179707337924        40.901475800929539        52.861503471721271        67.727549387486206       -2.5592954618907502        35.998088551468285        48.174516162522785        44.659742765510394        44.628193609736904     
   35.726156784660489        40.606385689966210       -3.9999077525358393        47.480200224518747        60.386209231338576        42.800627169258576        39.516364509744768        58.022232166091328        25.823670947543256        49.265674814577679        57.025951244741279        40.639444890026297        47.324869195638847     
   36.561931935402768        34.061911823607993        58.117952018500674        34.673479562476828        52.832704549258203        20.595961161476680        48.837169051347871        43.488312943097597        63.831904695296679        35.571182377954294        51.196136809724777        67.819985590014014        54.926815335500166     
   8.1924147399396588E-002
           1           1           1           1           1           1           1           1           1           1           1           1           1
   1.3018455067656408E-002   5.5474813244808080E-004  -2.0451099193929991E-004   38.810084221091415        1.1160342426839590E-003   2.6825097260457318E-006
   2.4950505078024428E-004   2.5947128337315708E-004   8.6304442829638863E-005  0.65144888739514761        8.6188062779186467E-005   1.9775499006374286E-007
   3.2745590055521183E-002   48.007572210302627     
