   0.0000000000000000        0.0000000000000000        0.0000000000000000        0.0000000000000000        0.0000000000000000        0.0000000000000000        0.0000000000000000        0.0000000000000000        0.0000000000000000        0.0000000000000000        0.0000000000000000        0.0000000000000000        0.0000000000000000     
   9.9473318718049070E-002  0.50559663264490817        8.3374660312714219E-002   1.7505027793897013E-002   3.3011585999267110E-002   3.7607878933260647E-002   9.6603630144373089E-003   3.4645076055860882E-002  0.37960504954661073       0.14646433757136557       0.10511488072218129        1.9061374284675543E-002   3.2168052802189484E-002
  0.76173987419079292       0.97450600416589217        1.6220133750539294        1.0191201854003384       0.96430387226064163        1.1980248267592204        1.1901983857356584       0.95753565545923325       0.76173987419079292       0.78023540648389922        1.1396552197741143        1.3324117194605380        1.1236107234375809     
  0.14361534297749368       0.72642826958816442       0.15108121994833310        3.6347314525111196E-002   6.7596827364250947E-002   6.0997254897123238E-002   1.5497958949224644E-002   6.7205916739439028E-002  0.69395524734151870       0.24318527278730401       0.16831171216093216        3.9822079409733598E-002   6.4537568528114903E-002
   1.2808256655286305       0.95316734612230425        1.1822831527839937        1.0704211140073927       0.90034627758803443       0.94325698863335428        1.1242431369422550        1.1798048383332640        1.7795589070989890       0.98544007229649755        1.1731773248188324        1.2204127640774174        1.3468453308840072     
  0.16420431270228592       0.82866673781510525       0.22009189684878105        5.6942988574297644E-002  0.10043310965987280        9.5777902276484597E-002   2.1666768676785360E-002   9.8647717736076904E-002  0.75521600141247103       0.27971654295923443       0.20400293294094574        6.1856077752570474E-002  0.10121934417829322     
   1.0126703605973719        1.1610443659449678        1.1068195098311815       0.95510535553303200        1.0945989289706688        1.2089379247925722        1.0539213787510737        1.1255875111967442        1.1318768071090588        1.1298669480628432        1.1499559131285666        1.2224744021068481        1.1852853497013920     
  0.18684779072261162       0.88252187901645207       0.28466291204612421        7.6791861165710212E-002  0.13025320071109378       0.13020384194245760        2.7391496529047273E-002  0.12673464800907369       0.79520154871423243       0.30140776586770651       0.22941497819167211        8.2807053748434792E-002  0.13703276871043499     
  0.95760379741237978        1.2334173176007190       0.97638409743681032       0.99647833636395855        1.0064586713588257        1.1113058053752014        1.0118316821096653       0.99323550468685007        1.1096662653398952       0.95576604891071393       0.97237338319069677        1.1184394875720023        1.2680280033909164     
  0.21028188545831267       0.91207720385242963       0.34572212294882426        9.7317148189305661E-002  0.15824089761953650       0.15564664092377578        3.3117247291964066E-002  0.15297207935418980       0.82016170683902379       0.32201838519724590       0.25460935870406709       0.10581519844073524       0.17194195432235679     
   1.1226543436225354        1.1124786921618552       0.93307838883094374        1.0278048499066617        1.0685335132816562       0.98378505072915745       0.97482026990559900        1.0490420977675641        1.0164014282559035        1.0581294438132414       0.94338238937298269        1.0680501839381633        1.1870252800827243     
  0.23348824999403173       0.93192114468651699       0.40683137228182142       0.11852815199929764       0.18563343689580333       0.18932031322610163        3.8783339367572597E-002  0.17701919517459236       0.84075370745112510       0.33998316148166635       0.28083758401754833       0.12863879333184958       0.19866997815737761     
   1.0867648472941840        1.0949428976090136       0.86792387930591419        1.0403074787124929       0.94243641832641833       0.98513218112288070        1.1125543457383387        1.0172395574552795        1.1455371231665459        1.0949954825211825        1.1531478804559225       0.89559156846636612       0.99399606714066679     
  0.25668818968840268       0.94919047505251242       0.46786993220609885       0.14036538234418780       0.21779623668074305       0.22341104904754600        4.5069531698960975E-002  0.19872347688843386       0.85905853771715501       0.35672843658140430       0.30840490090821937       0.15346358531727364       0.23242722229123575     
  0.96851088545577746        1.1779154049402685        1.0954008426591315        1.1051629602527528        1.2479450868117181        1.0965201029092866        1.0817834638345079       0.95097588851791071        1.1435223136036488       0.96724888873265702        1.1083756933502236        1.0248535283751474        1.1845751563317037     
  0.27976058567978812       0.95852119391400115       0.52118560129553682       0.16230221206905193       0.25021876358292289       0.25813403266361401        5.2312379350241564E-002  0.21973316769649850       0.87523876689902769       0.37450318707920333       0.33550966533822685       0.18179961962600569       0.26559175084423853     
  0.97973725083219720       0.88316454201155281       0.91406063444605468       0.91698244868686507       0.92628101328149115        1.0478416857245989       0.95753014982437490       0.99067387174797783        1.0906826186527985        1.3092351963535553        1.0535298705586176        1.2064486664080425        1.1017669487449269     
  0.30117814337104887       0.96628308640513483       0.57035425858219735       0.18629006607571530       0.27916587252965280       0.29303636662578536        6.0897726768653987E-002  0.23919293489512589       0.88854645051229086       0.39069733558233499       0.36148816955211499       0.21376660119323243       0.29587302093513657     
   1.0769504678261024        1.0258356328178513        1.1022315686785498        1.1774669317720212        1.0327083250865319        1.1746693936629626        1.1009166553119794        1.0830792804083895        1.0474878609184102        1.3440770521421519       0.99213640393248981        1.0414670606092136        1.0795798966265209     
  0.32321144989142780       0.97269217711083611       0.61721920804220343       0.20980344925251529       0.30651316026494985       0.32372538856191108        6.9992373544126060E-002  0.25927798243649730       0.89950273553120330       0.40639440377456559       0.38684835501706316       0.24193359045128576       0.32533491465661796     
   1.0403564923634792       0.98675958592235469        1.0298539634500763       0.97947960024016667        1.0747665335855165        1.0108595176880419        1.0504416416269788       0.99251689063245951        1.0656121306869497        1.0771706410683406        1.0244502932563360       0.95552519182357498        1.0954363118115766     
  0.34580833134682598       0.97729760473510796       0.66227598348250449       0.23213422930982752       0.33303175838535248       0.35004024024803915        8.0779715848772082E-002  0.28218826464660796       0.90904339894991260       0.42252362048735048       0.41076625804850403       0.27122432522835588       0.35302574354597788     
   1.1090269087761511        1.0711132379632453        1.1119541989865829        1.0533231877188978       0.92655560763156308        1.2319193977380687        1.1137956188898608        1.1605763727440961        1.0309275288235069        1.2320263349633340        1.1021798567622820        1.1764422807374040        1.1012722428288844     
  0.36987190975628043       0.98113960061752215       0.70062528746259911       0.25745261575504241       0.36064510924962545       0.38530900071336704        9.0309524104118605E-002  0.30787024231830207       0.91785141154941596       0.43857374981567815       0.43343091347917728       0.30328931456103675       0.38262660839825313     
   1.3061425258512003       0.97806500407698149        1.1441392349549031        1.1243133530228873        1.0790173235108420        1.3163597092650332       0.89911183433363739       0.96718431648056524       0.92021609023442763        1.1589427034368585       0.89663138221868977       0.89723242429152383       0.85563248015597881     
  0.39721441706662319       0.98437931472943352       0.73541444134632450       0.28510006328484833       0.39085959806956166       0.40989793378243178       0.10134289884472805       0.34135458309541977       0.92620725165321127       0.45437344640726135       0.45727035630567298       0.33944428472511218       0.41341412335520483     
   1.0115208483740521        1.0039762816924680       0.94457061900996186        1.0767489763332687        1.0879050800547114       0.94408235891683034        1.1477568315925990        1.3667638434875538       0.92870389870220260        1.1432254501832990        1.0716707051157199        1.2415526346761707        1.1664092977744103     
  0.42520798784765951       0.98683698687614985       0.76493897936877775       0.31387115948297539       0.42528611335137700       0.44331078758453019       0.11329454566022448       0.38757558633657968       0.93336487132649759       0.46799721473879591       0.48396432548930185       0.37591227890314827       0.44328544689707605     
   1.1042634064360113        1.0614239520818294       0.99598258647573779        1.1311190789288661        1.1475491228393986        1.1558844242406372       0.94839711943706795        1.1179010837437005        1.0205747147041939        1.0440926406228959       0.98078263251263254        1.1627317570247993       0.98749337298195994     
  0.45137058899520555       0.98891903012390392       0.79488804403690683       0.34320655920683585       0.46032555956935661       0.47623954695200904       0.12683065449369671       0.44324505098433670       0.94039289434363926       0.48128577789225174       0.51071464489370455       0.41385105451947513       0.47355751317014655     
   1.0611512859123837       0.91141960685760204       0.98442569078425524        1.1778222119715929       0.98488501100127190        1.0532293180437271       0.95842485039390291       0.96038975959301165        1.0027315183644057       0.97779071980775856       0.90946338866606358        1.2632250501147422        1.1910817715865298     
  0.47731653448681738       0.99043759751217153       0.82506849711693364       0.37445613787443172       0.49532151523475287       0.50973184920244363       0.14223695130548589       0.51247838581659177       0.94650219080693687       0.49498699284445258       0.53581657885897882       0.45004052302018310       0.50375720293773241     
   1.0302631929347577       0.87406173541424825        1.1687209420642353        1.0000770579938760        1.1233573591651094       0.99869954588766463       0.95852690837755516        1.1031734484006952        1.0172016990117594       0.96537305392919937        1.0136169102373049        1.0158222428720167        1.1091463054133264     
  0.50270929360179573       0.99182600558126621       0.85093764626009472       0.40674221448936060       0.52565755738982123       0.54338044976255950       0.15935379662910987       0.57984942764540170       0.95180202469559483       0.50835642865800490       0.55722660750400055       0.48943967290890511       0.53088781686212172     
   1.1486893004509553       0.88635573436883508        1.0264626812530875        1.0626928154406248       0.99939117179985648        1.1685025669174671        1.0336517012311326        1.0051860499680303       0.93446718016268193        1.1443653789904673        1.0069413425828653        1.0879251019577827        1.0444692630985180     
  0.52835331442700173       0.99312823713378529       0.87199152664693624       0.44023703011846926       0.55069127787291960       0.57594453659777478       0.17905576802536730       0.63459895042232428       0.95642938477056727       0.52205389269327340       0.58274074477556859       0.52580709343106613       0.55819554250808290     
   1.0101867059573204        1.0361442212887431        1.0190342420347256        1.2170445012925681        1.0454793280228512        1.1469518751683447        1.0224995635164464        1.0334541504841941        1.2509094478222118        1.1698499396507458        1.1641923599993935        1.0710385573498171       0.97995202093142475     
  0.55260851719517656       0.99417009944014179       0.89111094225802590       0.47131001794026178       0.57431006583368926       0.60834924879021735       0.19982025393752206       0.66809049183175873       0.96090411576543100       0.53502613508747188       0.61189377843985560       0.55856652785000382       0.58691852143000489     
  0.92250579042458403        1.0021228860654139       0.95988988174059664        1.0795201803356598        1.0606349729997464       0.99042742192440025        1.0299390626439435        1.1730014971050451       0.97436090243253293        1.2372554832261780        1.1555817668321340        1.0526612484206181       0.93618856386315841     
  0.57506028973663381       0.99502458244924097       0.90827211743907577       0.51018344165285590       0.60200105202812104       0.64077444983348653       0.22338605795036967       0.69758517115439178       0.96444690430256408       0.54831681209210126       0.64211795617245637       0.59026010994768563       0.61719257986203357     
   1.0488235061105284        1.1080847642419940        1.1866384780600172       0.96140154428188151       0.97233233555980636        1.0353083070432769        1.2862035921596213        1.0493928778045420        1.0129896395705817        1.0184733336209117        1.1370576715002534       0.98789178942033939       0.94909705772102737     
  0.59863061407245299       0.99579947591341733       0.92313075917416054       0.54599559005686049       0.63262626884930406       0.66784269933485341       0.25244631678640689       0.72572439608571515       0.96821805440207065       0.56315329125078417       0.67491499156758439       0.62243349913977031       0.64708754256256240     
  0.97704040777292223        1.1281985130327405        1.0831606031343253        1.0430283712246564        1.1613822251064549       0.99827463038542241        1.1977612794418537        1.1842712462738065        1.1672377781062773        1.1722067452916827        1.0635227682594757       0.98587759301485556       0.96990115168273117     
  0.62426087623469406       0.99647944820818735       0.93699974001606756       0.58150591169544341       0.66462441502206715       0.69353721125086831       0.28018850688139246       0.75030140204842122       0.97150982758459958       0.57967849576000274       0.70112812669635949       0.65319604653676211       0.67733532165812116     
  0.99841830117582908        1.0940384724590024       0.99543328315688440       0.91739697082737681        1.0041516132869814       0.99195903541212493       0.86842673386734537        1.0313294572988436       0.89539178380450968       0.91406529730067454       0.84745958663503507        1.0127421368370662        1.0329702383045187     
  0.65079083711440788       0.99706988787804907       0.94989347214516773       0.62035741563663493       0.69663436638335907       0.71789596886005147       0.31522412573212394       0.77188792171288312       0.97465412793008144       0.59460052105251926       0.73345228182641553       0.68399172112418438       0.70925846682670080     
   1.0279972531452433       0.90106856411170522        1.0878489864263954       0.99671697531334402        1.0047161218342948       0.95757909239974937        1.2692412616583830        1.0313956996863980       0.99822153771036970        1.0904748432297475        1.2606135125067874        1.0342248188586682        1.0167365319569068     
  0.67715149086597393       0.99756740437316849       0.96011081908350682       0.65693181322667937       0.72789497716791562       0.74225497083491077       0.34853615230833157       0.79356445005244025       0.97789668761868298       0.61042469471695537       0.75994274295699815       0.71954887362728059       0.74271378691030299     
   1.0984253505652091        1.1881616415889162       0.88059582198678432        1.0073933284729597        1.1090372641913397       0.95751142191461003        1.0653336381908716        1.0975027129513442       0.88930775192738243       0.94832407545233310        1.1368391280812375       0.98531158294823429       0.98255443792406327     
  0.70654235107000452       0.99799921960112015       0.96905545107970881       0.69465394819688453       0.75986701606933382       0.77407603436299244       0.38156707653616223       0.81625767524805914       0.98050314105542380       0.62626604640664163       0.78849028683409850       0.75672089127947473       0.78210518405097085     
  0.98502353731802772       0.97482578718371471        1.0326247655306482        1.1509143752965196       0.98155823914303297        1.2600290051275906       0.92090029777764071        1.1173518031737562       0.96101906450418950       0.90331066984057140       0.93018417265472908       0.95276243181456866       0.97543195941577321     
  0.73645928091815072       0.99839246842560225       0.97704982052832923       0.72850664117429398       0.79503410723407208       0.80261705258750660       0.41536729610664841       0.84047155801320361       0.98335754381666107       0.64147535376954756       0.81709694945980949       0.79530101249078711       0.81653869537032864     
  0.97102572625652028        1.1140742600234199        1.1406345474011648       0.92763511331305193        1.1099874414223354       0.90265025876089267        1.0255691245304226        1.0710547066175684        1.0650108533015830        1.2084677093960094        1.0766505183634509        1.0576646986723919       0.97186465089008434     
  0.77013823518560220       0.99872367083628000       0.98371263965956446       0.77350250881115046       0.82735762946638125       0.83150195450832320       0.45078885510652367       0.86418110075910148       0.98596720596191645       0.66189623243461360       0.84619121627203420       0.83446126418437061       0.85022682394014626     
   1.2218355540885020        1.0923883509359162        1.0063361635187253        1.0614969527085740        1.2232798305987698        1.1787006590573736       0.87076470019655361       0.94074261359406663        1.1805442748649477        1.1079555341653489        1.1875120927125913        1.0584502251384251        1.0721078298752127     
  0.79945514029789899       0.99901669024281703       0.98856054658152981       0.81678143887672350       0.86252217493601113       0.86422276768582817       0.49261404829684474       0.88903957880251383       0.98868366807417785       0.68345026277220755       0.87223138253580068       0.86991126232993954       0.88166672491853360     
   1.2236237872219264        1.2893842320024760       0.91094298048313727        1.0979583934835078        1.3041212872235379        1.0676944009487939       0.92573896266317335        1.1276838214157718        1.1372578769222863        1.0578766833435520        1.0947543694908666        1.0835904562601115        1.0046086042437299     
  0.83704123281532650       0.99927220535734862       0.99264430570772355       0.86043576227984109       0.89727001636503356       0.89853891924760254       0.54958669415039529       0.91247401326345945       0.99128304581359727       0.70777330909775793       0.90169757454258259       0.90318938669040183       0.91532498054188249     
   1.0411299764352921        1.1104844086880632        1.0130001801591841        1.0200869871778597        1.1895765367190516       0.98449967522658166        1.1937498582701978        1.0981314689668131        1.2520144205237771       0.97841585016713617        1.1677317596269503       0.96306613164994348        1.1630338126291446     
  0.87289867140528521       0.99947874809486859       0.99570283641380597       0.90741066643211254       0.92752546990815410       0.92983392118282471       0.62052008692995198       0.93706145374970284       0.99347409034600931       0.73667721477469383       0.93189884548871771       0.93402294503231720       0.94644839634590960     
   1.1485054282642377        1.0686656992495767        1.0154180072896366        1.1468764456949914       0.89503388139312212       0.92279412324880428        1.2801389664120513       0.95943674470129825        1.1825010198811843       0.99900860172662798        1.0797093331290550       0.89587692735986058        1.0691783352427804     
  0.92593905110064645       0.99972430492528841       0.99802314371392598       0.95911276691367986       0.96950045845082977       0.96219063100459012       0.74572773156762329       0.96358499199101588       0.99628576540351577       0.80120006001394406       0.96630333510013022       0.96729618551790386       0.97404886653410638     
   1.3466993887215506        1.3915708243432192        1.1866427371213191        1.3079591469864340        1.3643994322955397       0.93490726183791173        1.2260884677043125        1.1694723228829731        1.1525816764980663        1.0866702480425761        1.1040892765793320        1.0055319134588110       0.95645841762598260     
   1.0000000000000000        1.0000000000000000        1.0000000000000000        1.0000000000000000        1.0000000000000000        1.0000000000000000        1.0000000000000000        1.0000000000000000        1.0000000000000000        1.0000000000000000        1.0000000000000000        1.0000000000000000        1.0000000000000000     
   1.0297186897225339        1.2322765166721594        1.4942503531394415        1.1760439077947962        1.0551186056637480        1.1230617873020479        1.2207445383034237       0.92811549272287985        1.0020156739019135       0.88315372662635572       0.95514054170787388        1.0064711944396749       0.96969530490371969     
   53.694983529161945       -56.165386514094479        14.010240828833162        43.580282982620666        37.009143239286495        67.783373574421233        74.040417832906087        31.566106318375745        32.746075670064947        45.883444575077135        40.418273028812216        53.042251606217306        36.616485628145895     
   50.351507407787743       -25.444852867805725        34.207405699605054        35.991387072051886        66.226520838793846        37.684883787756647        43.573995359544391        67.603499862346752        32.746075670064947        84.980481455518088        60.926458744430903        70.105514588962492        50.633633381342136     
   52.288849551354275       -9.9591874992398406        44.977734567305149        61.466590699803383        51.090599646466138        43.826148671742260        37.732183227352891        41.538628185253465        28.097507196810021        37.382738707085018        39.673786054867492        58.736022303665436        54.692316768460543     
   70.441034911517548       -24.323064516010692        14.751901010931633        59.281754503440446        49.299306505257455        55.723726559582573        38.264752333548088        21.965308949758633        29.460179602056538        43.677439204218480        63.440545248305980        36.213364288958338        44.287425910733980     
   46.761659255547258       -29.105868253923241        36.881809064193547        64.580685443589005        52.087621995452388        35.438527844288437        20.548888260999124        35.795969400114011        25.936582068512671        44.865997241963392        46.082347387654309        56.492412218849317        36.267843090218378     
   43.935746354447240       -25.435359109408719        48.876382592072716        46.227132010246962        48.293286716976269        49.058849815900970        11.112253119716485        45.927556750577743        16.062530520498804        52.835578380586050        48.966095115917156        40.764388753094622        55.532816387252645     
   40.450166461847438      -0.35730962562134305        48.687189622866725        40.280083403035206        40.934102609939231        53.859320707327768       0.88502537329355846        38.214894187931719        23.705059147195911        75.852702412232915        45.447881466969136        48.621224401722955        63.151114778440693     
   37.126337436554785        56.044212510379516        57.645063221610691        42.785952082483078        46.770154340265854        30.508713496230900       -48.116028762052977        52.137127133812690        55.746283455014321        66.418358946587887        50.695616822604663        43.558260302960925        30.771218209019139     
   7.7983225257179156E-002
           1           1           1           1           1           1           1           1           1           1           1           1           1
   2.9067218865504084E-002   2.0373922646659678E-003  -5.2891311413466316E-005   43.366024713616994        1.0381759045616020E-003   6.3986366298111330E-007
   8.3066135642714573E-004   7.3436241692148455E-004   1.4101565773173697E-004   1.2207840367228320        1.4098957306418725E-004   8.7294225166933580E-008
   5.7617824925613372E-003   49.493026932042923     
