   0.0000000000000000        0.0000000000000000        0.0000000000000000        0.0000000000000000        0.0000000000000000        0.0000000000000000        0.0000000000000000        0.0000000000000000        0.0000000000000000        0.0000000000000000        0.0000000000000000        0.0000000000000000        0.0000000000000000     
   9.9812677214978385E-002  0.11729415737926932       0.27076307279672773        1.8253959615475924E-002   2.8369601707193246E-002   3.4055151799706904E-002   8.7506205123702753E-003   6.8392531481811944E-002  0.42424782423320406       0.14375960077599842        9.8613532185595626E-002   1.9337303991800420E-002   3.0230518174530163E-002
  0.81591776001029381        1.2509752038929045       0.88184352197050109        1.1293723621663019        1.0514598342431416        1.1276770411690613        1.1557031445174117        1.2101853105818745       0.86060237445775134        1.0462650136957405        1.2058300630420111        1.3113482497905775        1.0382541471915900     
  0.14404605611755009       0.29462800597893890       0.45211067226227186        3.8105965470267920E-002   6.0585122204796268E-002   6.8994068765799096E-002   1.6687388651709281E-002  0.11917523420012538       0.68909734568196956       0.20158541377359643       0.15809689900415824        3.9586463918599935E-002   5.9093625983441873E-002
   1.5365207697457794       0.96337452823646241        1.0385222374952805        1.2090327360877196        1.2383687618315899        1.1365901493962334        1.4227347501454559        1.0110163961465375        1.3363430340851818        1.2966654313945858        1.0664806251106222        1.2321116133165335        1.1846891526558125     
  0.16662822395561741       0.60972218296280611       0.55157618186781188        5.8263104956047744E-002   8.9802150802153827E-002  0.10276683636953934        2.3362105968596270E-002  0.15727229245556185       0.79547672464432173       0.23029606368271771       0.20436212783379468        5.9948671913200427E-002   9.2217071846772913E-002
  0.98055792808263698        1.0851382182396028        1.0776849231520906        1.2112669607099549        1.1150425006667146        1.1085592914535796        1.1364516574270118        1.0289811737366634        1.5275732618085940        1.0370507699686831        1.3488788270228578        1.0331909466492564        1.0032878313414975     
  0.19102184377833806       0.78295747209984512       0.62710115486648010        7.9267311213991581E-002  0.11523101586912404       0.13459338195753986        3.1107131376794075E-002  0.18839265222414925       0.82124001673040525       0.25459390640929852       0.24045085819350792        8.2490155872476059E-002  0.12261182969308100     
   1.4798134782864691        1.0627091932632939        1.1857691172690961        1.2218745514457139       0.98722738215837758        1.2985919663501457        1.0752149775503654       0.91472783880205366        1.0978243769768772        1.0332456815803477        1.2613237533724000        1.1115219609430482        1.0176903643646498     
  0.21678560026006533       0.86543498623430626       0.69206584449381381       0.10062987829697545       0.14131660259040538       0.16692960711259527        4.0909992949535519E-002  0.21520942902800980       0.85290415515377849       0.28286954419548543       0.26484031323062318       0.10449763103870402       0.15338210628300331     
   1.2977169052610229        1.0393411259865553        1.0491089525209696        1.2283506475155406        1.0546895182484270       0.93861746539824864        1.2829499762214214       0.98367760830095619        1.3581829525801070        1.1097901493722460        1.0457047796989274        1.1634382776863088        1.1416867070963292     
  0.24308550098467238       0.90752393678290244       0.74490123083902449       0.12295395866418606       0.16764650655861632       0.19628149718435473        5.0894275339482827E-002  0.24328322338747144       0.87407763874258182       0.30672356333286727       0.29404696128898189       0.12941054028412213       0.18793549492881409     
   1.2004956470855475        1.0490361136858430        1.0860370694047838        1.2989086173416926        1.0596934889701135        1.0776029781453862        1.2750984110661363        1.1899350207819732       0.95276231660085275        1.0778966442558136        1.4055898012539889        1.0762630195771268        1.2041337842957618     
  0.26880937653580533       0.93211866170711777       0.78543754068735061       0.14498181468718363       0.19793419204789675       0.22719136840091142        6.2649512631864079E-002  0.27024003463372481       0.89069496062120579       0.32954830493456411       0.31899381027367502       0.15495205445514523       0.22380351929790837     
   1.0395713988838049        1.1409675245530204       0.95408583741399744        1.1237746423638155       0.89886319771604373        1.2615424346481667        1.0400772780370204        1.1996848262009894        1.0737900559254647        1.2326453339534875        1.2126488345675293        1.2785823599143129        1.1811201393112383     
  0.29462502605381991       0.94861627175859298       0.81736892478128576       0.16831561002409512       0.23140398965203657       0.26128887350203683        7.5072022235844318E-002  0.29354216348651369       0.90375694585032584       0.35124174882957981       0.34636379824159530       0.18229425351264758       0.25768749205384062     
  0.99985822245880507        1.1154639960389816        1.2422165162813612        1.0972784867905920        1.3978496426456177        1.0889096970172669        1.1371052679357219        1.1269561637163925        1.0498825219246117        1.3226364350668585        1.1581548062589266        1.2000206946817440        1.2133684958203481     
  0.31987784381449258       0.96010414639898278       0.84561529493001286       0.19037114084091891       0.26241502846889991       0.29479561732355292        8.6733088731900332E-002  0.31757414380722820       0.91410816054624455       0.37239645921201781       0.37384945557537552       0.21848151577720221       0.29031853710932692     
   1.1358645546953532        1.2152282976832660        1.0440334708307233        1.1540611491850665        1.0542288227151033        1.1633072936518492        1.0865322207673367        1.3332929248576202        1.0568557763655215       0.99645542588461489        1.0511678678997936        1.2133234760122094        1.2002265841177020     
  0.34822340117587758       0.96862191444883361       0.86933105044424941       0.21434648969560463       0.29555249534530104       0.32564106464842690        9.9841145722898123E-002  0.33655612342402341       0.92368179336798273       0.39410866232473302       0.40106155804292276       0.24720120540427798       0.32291875937197856     
   1.1572996899602830        1.2005189899287920        1.2752237170801388        1.2558169415901004        1.2980385450752028        1.0958413969478698        1.2523972013328433       0.95209771019843781        1.0346835886838901        1.1600746243893505        1.0954735231894275        1.1311162788098486        1.0060894676137246     
  0.37048168833392353       0.97527293683502470       0.88807169957785381       0.23905225911709199       0.32672265107144866       0.35701419355466341       0.11446593891354873       0.35793446514767457       0.93218627961084988       0.41594913227664754       0.43011616099584143       0.28699565144873124       0.35547158748952828     
   1.1786037199720627       0.95862322630621155        1.2554912206450288        1.1378061626529272       0.99063567926868623        1.1094779856183259        1.0772749948977882        1.1634142072307230        1.1442618540260530        1.1454016002102341        1.2025917441979632        1.1498554785630271        1.0778061524131108     
  0.39847995668113267       0.98029770688767093       0.90562215007016245       0.26456987866633686       0.35832736979610319       0.38942064325089382       0.12710849538136509       0.37800994156103807       0.93964329690715187       0.43478441616082508       0.45555904723745516       0.32648148904868413       0.38893050953663616     
   1.2154522036509290       0.98854712221064855        1.4768266764483060        1.3295142362102723        1.0178501295120901        1.1192973397794697        1.0058200108850834        1.2824752877754670        1.2399434197861234       0.90933563343763246       0.98226608276081051       0.95088159665663863        1.1319068242491688     
  0.42438388401088012       0.98400898552007843       0.92038371931735508       0.29566897149143606       0.38692770268183257       0.42226556433602280       0.14443482220825879       0.40155832464144553       0.94577880564568562       0.45072785671552207       0.48451915929669348       0.36533014558576421       0.41625912443035962     
   1.0679927972278092        1.1013772097901331        1.1368924361560468        1.0416224989113514        1.1687408148590106        1.1146794580798680        1.1622509861980532        1.0474669252183009        1.1416492912939646        1.1377458661141522        1.1086488705800821        1.1732024673374493       0.96976914742884490     
  0.45230912321849420       0.98692048165002855       0.93350716814900070       0.32734925201959386       0.41522968415768335       0.45725689240728029       0.15882875558460074       0.42818782246592668       0.95181858529803998       0.46797698386520659       0.51504170457788512       0.40219539401844046       0.44909361991756080     
   1.3191815485950684        1.1183012401235906        1.0517909089651409        1.0235593286689744        1.1564400762535680        1.0978970915004911        1.1785189677238288        1.0277863082635161       0.95849166751922887        1.0266760573866223        1.1603653810421406        1.1989404765468339        1.2454503512616997     
  0.47822089594173989       0.98922240365815040       0.94415935379287552       0.35742048555936595       0.45036554043841337       0.49021788773017122       0.17369554181225161       0.46328879977328158       0.95741982120625169       0.48439392710899243       0.54783827404529140       0.44037564073563107       0.47732669834461117     
   1.0563112487093596       0.97955505310058200       0.98545994582662644        1.1990230407201643        1.1864282938877793        1.0827959752458316       0.90517536142581945        1.1760062708447259        1.1790234641442672        1.0636142981076775        1.1131436342104302        1.1818986275858592        1.0986120516366085     
  0.50166760503237617       0.99108668884369000       0.95291333011020807       0.38847514434409680       0.48177575360042368       0.52379289709516730       0.18935907221143949       0.50440801372154753       0.96268987595044631       0.50122418456091300       0.57787911844986584       0.47689249993169991       0.50765200319469406     
  0.95014449389816324       0.91872353312881438        1.0938195838695366        1.3625086619687141       0.93140455414415046        1.1923496873283508        1.1200955521519820        1.3913344305782389        1.1974640741344338       0.98932197514598219        1.4054609945616923       0.85144575943985423        1.2161490094535841     
  0.52325507751533107       0.99262062098864401       0.96052975779266714       0.42307609091618514       0.51386398151788526       0.55731962578550209       0.20788864226506965       0.54254742538130829       0.96719259843220384       0.52105038353003308       0.60627050100934110       0.51242808044114896       0.53123147155415285     
   1.0019703150390293        1.1154898492945591        1.1513837230469162        1.0195664421538286        1.2463003628517919        1.1391374032097805       0.98542197494919403        1.1608491396435783        1.0757359273445750        1.1124399762246673        1.0985190396229860        1.2694838785405860       0.92633624055492347     
  0.54499999968472779       0.99395940091176360       0.96585749975954771       0.45844799735757313       0.54907869264277043       0.58857364850594374       0.23136366163222330       0.57137774059413082       0.97125398171691335       0.54187795480808565       0.63634993627822156       0.54726843807409242       0.55721880398866674     
  0.97762286259595621        1.1065180455514168        1.0534731163880406        1.0805748675098745        1.0495243842990825        1.0182602641436480        1.0365808051361689        1.1736485103383085        1.1118292736639386        1.0269543220565294        1.0627882087408349        1.1307021847330738        1.1986782360003396     
  0.56747546161163298       0.99513945418633976       0.97187038890260313       0.49805147301049230       0.58316706983609590       0.61901763012795674       0.25859528685528399       0.59537065169115400       0.97487936975252643       0.56222076219284711       0.66837738332620245       0.58204100556213023       0.58341533789042110     
   1.1861976726352581        1.4092597019116615        1.3749299010204108        1.1686075945122461        1.0901000114162256        1.1754753270611422        1.1968363340036556        1.1057706987251290        1.1166748452226045       0.99849889167971906        1.2105501770720521       0.98903826001362471        1.1918262427560860     
  0.58843765970435746       0.99610547965866814       0.97640806341187159       0.54204283294469247       0.61738569736101812       0.64759419318273848       0.28940227766233434       0.61853584992703770       0.97775874208500480       0.58280636740882807       0.69935588000032622       0.61813210700325394       0.61326506734856179     
   1.1014201221407856        1.2948093484925995        1.1157776021855157        1.0919093584544424        1.3000390484199071        1.0445394671625896        1.2456296763696739        1.1554734570818892        1.1414842628329964        1.0882380946942667        1.1705575049383923        1.2101526560136568        1.0186206971715439     
  0.61346180317467902       0.99685819456815905       0.98035371904606594       0.58248850746065450       0.64794278135335059       0.67531487921383260       0.32001438896633294       0.63870153551808451       0.98095900062489594       0.60141354937922042       0.72705336106704010       0.64926324665984003       0.64794187056216379     
  0.98100843620272571        1.1158825235214045        1.2288516892950694        1.0636649814158512       0.97495944470863982        1.0497780590375165        1.1389346290184981        1.1630923107777025        1.1105672258053749       0.94014162539506774        1.0085982164077905       0.98975768580023071        1.1047573934062391     
  0.64124502242709169       0.99744967298078380       0.98384805910948414       0.61608521885337508       0.67829464627786618       0.70644504825635068       0.35136422687092089       0.65978024423587800       0.98295224777045254       0.62267175267172292       0.75256517941885226       0.67978253695420854       0.68168530377758896     
   1.2823219899309306        1.0323423558879685        1.0900153011748062       0.99015672288007339        1.0695013759250718        1.2686392003512401       0.98803039824006567        1.1611141006072760       0.98325069572470414        1.2828812374942957        1.0570638990033632        1.0429572957142346        1.0916288891771844     
  0.66800886631529777       0.99797064953835035       0.98707839349674931       0.64719375853802741       0.70661240618872867       0.73429105912773318       0.38626455209087712       0.67831338254745921       0.98520767333649739       0.64414084750326039       0.77792892015725335       0.71795171840992666       0.71320567832506421     
   1.1151779654082450        1.1976965117560376        1.0997435348400086        1.0532278071911976        1.1811788931353355        1.0979412830644273        1.0850225653078842        1.0584353354794249        1.2156743188583077        1.2989212245453388        1.0719955423512471        1.2470604996595924        1.0376215908437758     
  0.69318806008661593       0.99841607059823434       0.99035730381153708       0.67687172152356401       0.73660539820474091       0.75850874446945349       0.42485623002766681       0.69878622158997294       0.98700935086016661       0.66494834882735532       0.80731871038335035       0.75652731050513256       0.74341103996199032     
  0.92154409886975253        1.0715909736294429        1.2415135921944553       0.95588228433711864        1.0524014705985363       0.96706753142880053        1.1775684599298042        1.1407528997195697        1.0366413210618040       0.98973243223974117        1.0543769350896064        1.2650854791101509        1.2458840754808160     
  0.71569508963622563       0.99880060789863478       0.99249364628894399       0.70730183931954038       0.77053900001845554       0.78327490204391370       0.47084158857522568       0.71944027773163743       0.98892976074926220       0.68447186604768073       0.83128835526587885       0.79486636167689217       0.77884305568297729     
   1.1571036060163142        1.2074657811204388        1.1367848345118778       0.99625373838936215        1.3423435847040377        1.1458588959494913        1.2204224920182964        1.3608106938958107        1.2325337639245151        1.1727287697463586       0.97520059928220060        1.1709754866512381        1.1098433434513819     
  0.74685263608470498       0.99912879362819040       0.99422771341784089       0.74415775954123775       0.80166242152793565       0.81016593726926289       0.51735426212383229       0.74340348025181779       0.99082460608367562       0.70746656050082002       0.84949089487993046       0.83011613316346355       0.81309492813282336     
   1.2055273518243452        1.3693109272418604        1.1710047356309052        1.2198869897400142        1.3393488237582798        1.0862312518411608        1.2118115523641604       0.94050420088748932        1.0806124834852593        1.2435225907567569       0.96175912837160171        1.0385109994487840        1.1760435079887475     
  0.77639003044619004       0.99937704268592098       0.99567179829801100       0.78900765843116327       0.83101888343112518       0.84370643232064013       0.56554548977929131       0.77097886429354345       0.99264002554706743       0.73020095681488828       0.87189834311069736       0.86220286043134609       0.84799629274431865     
   1.1195311379941721       0.99989657061658099       0.95741056700381877       0.92809421641101575       0.95291721453098699        1.3984541497510152        1.0927550380466551        1.0648494682166743        1.0720902493426772        1.2051864217273849        1.0742502349329739        1.2422516712100182        1.0137631108967002     
  0.81129271153516769       0.99959212058665303       0.99707923649853436       0.83431410679443108       0.86264090171868746       0.87514338749141340       0.61834262120698258       0.80300723757993719       0.99413646545522527       0.75558587265029575       0.89213857435782529       0.89120322384598871       0.88251730204165113     
   1.0991695933559231        1.2938614481266546        1.0849263272458598        1.0985382160423280        1.2616255054859005        1.1879491351995000       0.90584107272128145        1.2336040320625898       0.96199373147735423        1.2105059620048435       0.97769197951538545       0.96549780682445652        1.0436985411406261     
  0.84435163511902522       0.99971440070955575       0.99810930390148733       0.87581418276318335       0.89351304420637534       0.90795965677103441       0.67753108765612025       0.84125995141431509       0.99563802666109291       0.78074118438160589       0.91738989849797059       0.91935756997469664       0.91588303642600344     
   1.2859643150441731        1.0498580658989825        1.2223051310387789       0.93690490118866243       0.99893857158766475        1.2013025320148862        1.0428902439910228        1.2934840891534582        1.2679515331864253        1.1835637362684397        1.0269477703073311       0.99022950261493603        1.2862932738078068     
  0.88020365180874172       0.99982221881824129       0.99885581752016883       0.92012129763469275       0.92944468779659495       0.93864161316532047       0.75378962876708722       0.88397707065534292       0.99705549988140507       0.80690222222718033       0.94655485052567323       0.94641277971969995       0.94684212182869210     
   1.0339792998470727        1.1022218275579767        1.0465806195372009        1.1414864499602759        1.1378357610116110        1.0909545630213153        1.1277982466958179       0.90281121847910051        1.1326351766007159        1.3293360692809106        1.1806783337289797        1.0863867787882742        1.2238023037539454     
  0.92893802747348808       0.99991696632484350       0.99947228555111256       0.96106100522433480       0.96283621563021637       0.97055217881364420       0.86566986240282018       0.93709483235773972       0.99851081224573190       0.87190827174487995       0.97260553811437911       0.96891519062054077       0.97483651448318576     
   1.1103954465068948        1.2506880129600810        1.0865412283817306        1.0430248331562737        1.1609591203539111        1.0101243488779406        1.2217354373331275       0.91138544590078874        1.1450725381435276        1.2286635712070395        1.0306782423564083       0.90873778015210527        1.1252883266022051     
   1.0000000000000000        1.0000000000000000        1.0000000000000000        1.0000000000000000        1.0000000000000000        1.0000000000000000        1.0000000000000000        1.0000000000000000        1.0000000000000000        1.0000000000000000        1.0000000000000000        1.0000000000000000        1.0000000000000000     
   1.0783066950917688        1.1641241172458170        1.0783776345152651        1.1338195150453156        1.2475994594060307        1.0032296883498666       0.96739915539918298        1.1484375000960152        1.1096855041264839        1.0678263439250797        1.1687217946253812        1.1740612358834777        1.1727524518953836     
   23.343691284201515        28.687791731123802       -12.060525494890083        29.536280219900323        43.825909186949588        61.158681619767535        75.099743805084088        33.010586923064494        16.971800130674307        43.633570483842931        40.575012474740646        39.010403154142537        39.939307516848032     
   44.431258075967030       -12.442692176306691        2.2750254908722098        64.863057682049543        66.541152683278042        44.572671305943331        52.635247632182235        51.401364096909866        16.971800130674307        32.809927049783234        32.281148536383547        44.739548935185034        41.438274388181490     
   62.094813107546216       -5.6258832576438191        12.970446357749832        41.572776838753427        52.716928847909870        48.633084093544170        45.967169286682697        40.307846354610909        24.087663542725672        52.824736275826993        62.394149312426642        39.530246565365303        49.604892185285649     
   60.212561658145830        9.8332240187968143        2.3119518334724507        55.214217287770403        52.220930984725427        36.628432317336866        33.962950491799546        29.925742052742617        13.390638668385577        48.313946243734293        50.024264166995451        50.834750540851715        45.356029184053888     
   62.962058190973593        3.1037275693388588        8.7839284179222332        57.175786956455219        41.599107008198821        39.794467724422169        29.571772433633040        50.959738819827727        14.490108485528905        34.251244807108797        48.543212616158435        60.822158839089838        65.796339359180124     
   54.793056500752776        7.1835970231369721        18.989449440264025        71.437816182242926        39.195443118194646        54.737029019047313        34.410928853779524        57.690859777723048        16.448369059923795        60.379843989404883        38.840923276313028        55.933066563147747        66.431436139390527     
   33.017673993698814        23.041402314502381        22.553169550314184        44.336202679654875        39.995735829587680        56.760415704584595        28.724154337932198        59.023103789750216        23.816737921980735        54.097213450680663        61.232182303615907        38.844086912036843        40.830540109648844     
   38.182211876726079        67.053460497788237        79.711440853569741        41.471500642810483        52.547145161229530        62.486964237171321        10.445914106617948        81.655063366009216        69.968299635308156        58.639449054400451        44.403164855852630        52.973801501652879        50.189304153044304     
  0.54314016215765770     
           1           1           1           1           1           1           1           1           1           1           1           1           1
   6.4988141592500576E-002   7.4992280913470186E-003   2.1226646607127992E-004   44.222422144122319        4.7835932411475846E-003   1.4809219926061842E-005
   1.2752447524981450E-003   1.2339512438628709E-003   4.0068664057189190E-004  0.45757336035363766        4.0015152527330110E-004   1.0935622504222276E-006
   4.1874537442114307E-002   55.582837273745938     
