   0.0000000000000000        0.0000000000000000        0.0000000000000000        0.0000000000000000        0.0000000000000000        0.0000000000000000        0.0000000000000000        0.0000000000000000        0.0000000000000000        0.0000000000000000        0.0000000000000000        0.0000000000000000        0.0000000000000000     
   8.4030016890485684E-002  0.30126269735338146       0.15563967272278878        3.1191494214351270E-002   3.5735674534039169E-002   2.3786522617384561E-002   3.0599787385724754E-002   3.2660131663247015E-002  0.45843637900983147       0.19060122530090129       0.13436219328301729        2.8001192154382615E-002   2.7443424280646205E-002
  0.87384481736479702        1.1172473672768655        1.1057444832234347        1.0845712283025175        1.2463667049685594        1.4181811291557807        1.3105772539926195        1.2970939097895706        1.3556831682770778        1.3085528335495507        1.1044110269897727        1.1681659213104649        1.2423488275305896     
  0.14687019407648189       0.48801531964345746       0.27024417163018677        6.2638927752848822E-002   6.7775500981494208E-002   4.5701910146152547E-002   6.3895795356252838E-002   6.5266434519389002E-002  0.58590028926856763       0.23808325587363990       0.20053561671970080        5.4050621661237107E-002   5.7103159438513983E-002
   2.1600446965827258        1.6846493602508308        1.0595305628642973        1.2124923643298593       0.99693527272829596        1.2542739005171597        1.1679334327352040        1.2535853479141044        1.6862716123461436        1.2624062030680838        1.3523391030242968        1.4992444588396840        1.1900452002522930     
  0.16296081025316059       0.53446801960458123       0.37285189584699330        9.2423179667771735E-002  0.10333823800837966        6.5721807336173416E-002   9.7252489098893863E-002   9.8918090911675416E-002  0.63950211516408195       0.28373575471988166       0.23551219598606632        7.8316537103526068E-002   8.9689530445052484E-002
  0.99526970963523231        1.0473736806564156        1.0448565354430119        1.1433505480899318        1.1780141826113968        1.2236166066375229        1.1064052759851599        1.0487858889984047        1.1590475669882081        1.1407795825310330        1.0749053367709676        1.4858720052360233        1.1924701283744741     
  0.18199106788321068       0.57514974031703714       0.47364614529134907       0.11443193697492959       0.13337572284819560        8.7426427322604167E-002  0.13508505591393530       0.13079592689896546       0.67973504768139881       0.31190908674044182       0.26718035307571214        9.8615338996022803E-002  0.12781021504746096     
   1.1746660535693645        1.2193531614247508        1.2414853789122993        1.1370033392009009        1.3389314164125379        1.1340427113748979        1.2270106649886947        1.1582079374352001        1.3050136262132197        1.2693987069147883        1.4558320879154512        1.0917837496776988        1.4831206061452793     
  0.20196539820715884       0.60836287647242071       0.53305170601913576       0.13662406090411719       0.16072069504818892       0.11001462568017889       0.17255765116788896       0.16245220296121785       0.72733620613597150       0.33077754346756122       0.28799668257844468       0.11923960713387355       0.16431753495250206     
   1.0498665348084986        1.0811140239314345        1.2947429063651044        1.0360335489203905        1.0920126196276558        1.1557197565702733        1.3424366204006684        1.2061192003159809        1.4994884312980736        1.0715661027239138        1.0077384248174277        1.2893868839570362        1.1396661580936225     
  0.22257447354245877       0.63293192216934302       0.59935888747915744       0.15771311347687145       0.18635961849428612       0.13495173365560928       0.20643535768024027       0.19369441262074993       0.74603357472274978       0.35083199536889242       0.30964771123615575       0.14006632653147860       0.20012952507542017     
   1.0809144243376843       0.98460811785551827        1.0929359267996532        1.0588090852224363        1.2548877599684043        1.1817128640348051        1.1863115023985771        1.1996023696863589        1.0552920503222107        1.1247482870922165        1.0495109747538922        1.3110453437817169        1.2233106665890050     
  0.24612682704534250       0.66221954825092111       0.66521293478331001       0.17762671043351941       0.21014297407242777       0.16081827228921056       0.23913428750645149       0.22490465527159631       0.76680343670529294       0.36929779572361521       0.32991804150460752       0.16845138154019948       0.23636929886375183     
   1.3067338043969405        1.1039832869689268        1.3859375499894087        1.0631314560781533        1.0692890734174592        1.3289218404812071        1.1507819361338691        1.1628542197592022        1.2235408587884085        1.2074283715991208        1.0711627582098813        1.2337249076607690        1.1873795257118840     
  0.26687067449166180       0.68811555798930724       0.71536517380838338       0.20105215898290518       0.23746392024788765       0.18799296012883662       0.27051462465231596       0.25387198994801641       0.78571680605332828       0.38573491089857098       0.34793127810529423       0.19617727955640274       0.26982868973138774     
   1.1591327729002510        1.0339803178340561        1.2160110618111515       0.98221642937483766        1.2259040418617917        1.0539022516601044        1.2939930430577922        1.1910663883258730        1.1001226209149308        1.3318214105474306        1.0662169443596874        1.2321043653570889        1.2052079036840917     
  0.28786712934522191       0.70920189385200416       0.75513910391285233       0.22447110595908645       0.26890926811389970       0.21548876320747162       0.30658034263846573       0.27893653474739688       0.80378840650887073       0.39865104253809641       0.36967102965298687       0.22226886063277038       0.29606019516800436     
   1.1357741465006053        1.0847406594837909        1.1853170023283859        1.2561705377205330        1.2863790055540003        1.1577525865439173        1.1706730420690907        1.0073689488985962        1.2738048812962903        1.2933784537194857        1.1492712712163027        1.1503875161661672        1.1012592111018407     
  0.31190651882660192       0.72996839457562168       0.78765089886372586       0.24818907908522700       0.30151297034480867       0.24387326676584761       0.33876549643581760       0.30521505050672709       0.81593613102482099       0.41124602191598492       0.38754656895920819       0.24720267802426021       0.32273774656010240     
   1.2935412698635227        1.0477457851719445        1.1754612927340131        1.0153656017823238        1.2799537066367208        1.1937502369167428        1.1383256048135078        1.1394827937752512       0.94495425337708006        1.2544420069881841        1.1279998392769419        1.0872898360568621        1.1721185567845593     
  0.33615501614440307       0.75073048213707383       0.81603714664503346       0.27357590699902534       0.33357224853341882       0.27319130448254209       0.36581907863393537       0.33191405830911930       0.82974830326138183       0.42270165365428797       0.40771687276035823       0.27280146164111879       0.35011292790272086     
   1.1995679006595914        1.1779296872047356        1.0843500919586841        1.1902831669345593        1.0460622575886340        1.2610658289237842        1.0014421030730163        1.1038036047174149        1.1293706615665182        1.1161280992399776        1.0717676169048878        1.0100468990201625        1.1777512334061249     
  0.35548208919990393       0.77080069373353621       0.83743347374995647       0.30115918009991821       0.36739770239538094       0.29945598998521195       0.39081359477457439       0.36241184405476240       0.84206460451019960       0.43542686869698988       0.43196518466090411       0.29829065638208691       0.38217258952837280     
   1.3794462716700859        1.3709855842576610        1.0578169208996600        1.0826319703920069        1.3676910801075239       0.99601767225306670        1.0334766034968488        1.1789212278184602        1.2410774725290510        1.2575682502302867        1.0800596910800597        1.1444936230542047        1.2672583425800017     
  0.37006378032963910       0.78621409127341391       0.85844422799811648       0.32870972809555205       0.39859771720775639       0.32713892355335678       0.41526235725478255       0.40048030134396129       0.85458638072587811       0.44931687605946818       0.45589369614544417       0.32423925891595518       0.41454642231117389     
   1.0045065868591974        1.3005839572507756        1.0752912639634655        1.2676031425132337        1.1204777129714811        1.1099056769987834        1.1537882524485874        1.2765068296664610        1.0679227670069156        1.0386472787082670        1.0424490484635431        1.1879653664893080        1.1614245901220364     
  0.38682929024173757       0.80111085597026910       0.87543170993085428       0.35934656743265436       0.43263635406208806       0.35840011662120747       0.44216130561581540       0.43564931191516176       0.86565554902878317       0.46326776097108363       0.48687650166920321       0.35262167687161811       0.44407894582333507     
  0.95837849554677557        1.1630322436402141        1.3039993163211423        1.2648309192124612        1.3123292262969344        1.2893506996526822        1.3571175033659237        1.4546892263806923        1.2628309644579552        1.1092447950760207        1.1014644117533907        1.0369489048720428        1.2454746609728167     
  0.40426645147040735       0.81404052402722216       0.89152531432582693       0.39097866724637742       0.46569535094482395       0.39159718005513661       0.47205498323425660       0.46692892169747330       0.87551601220444475       0.47656714643203457       0.51695055166177994       0.38455430854589923       0.47273565926931105     
   1.0405259254708059        1.0296773463997573        1.1225052503407793        1.1888825994831966        1.0348608295276489        1.2412450737942036        1.1931424165642714        1.2026210377881374        1.0460423797044531        1.1608180769952789        1.1048983591674448        1.1470105051242256        1.1462032293088433     
  0.42243853860785963       0.82779383100231752       0.90535226655167977       0.42483687238591750       0.49947617217766882       0.42674771111077847       0.50247234709360411       0.49918762511899839       0.88419690911309501       0.49167722446962597       0.55097313103343770       0.41707943476962572       0.49976284781878777     
  0.97440218134661560        1.0227755527924176        1.1317338063903646        1.1974041770332797        1.3414176386582239        1.1150756200447165        1.1936685452539089        1.0282861300443873        1.0374007302940840        1.0921383271168614        1.1058135495099231        1.1511710389525640        1.1808182738391650     
  0.44582574441840106       0.84010578921567236       0.91701125645857917       0.45681860691125320       0.53053652886460279       0.46279069407022028       0.53557965793562412       0.53248598271202208       0.89267474138211267       0.50727280366962746       0.58618375272265344       0.45038076015688661       0.52604380979940801     
   1.3782275632409937       0.90219900101870154        1.0172446049110060        1.1642970906452172        1.1381309226368772        1.2015672175794221        1.1211312078259172        1.1945533820703349        1.0094095002236834        1.0949071104663277        1.1848911610406307        1.3014885281486308       0.98745586067466284     
  0.47134103581239756       0.85304835703027337       0.92941345245260332       0.49089945090644865       0.56010705551107220       0.49206693856132366       0.56383675205073003       0.56472597131871216       0.90018618264583605       0.52393848813887245       0.62296207966342132       0.48408560380717486       0.55296746874866631     
   1.1712427196561046        1.2176323658269870        1.3364819295670862        1.1201438144283902        1.0576906700036135        1.1904676391868916        1.0769234564632981        1.2181689569028942        1.0084983986014198        1.1893140527658017        1.1671144627479195        1.1505150400679627        1.0548636809994127     
  0.49688289895515680       0.86439624276089422       0.93995814979017800       0.52543218961587801       0.59104006963105837       0.51985963811299329       0.59997099442599910       0.59674429654196992       0.90793912173706071       0.53780319242756436       0.65738805321551497       0.51644306259323114       0.58098643576161957     
   1.0278214563176411        1.2068187187527841        1.0359477067604512        1.1727238797446922        1.1042554587347857        1.1414238898598639        1.0573442878126496        1.3166444993665818        1.0984809459445153        1.1786721334599881        1.0563609129204548        1.1445710626759760        1.2175544989425586     
  0.52402363257814921       0.87507450914058715       0.95024502482133044       0.55605768109475151       0.62338696808331162       0.54921654158301758       0.63250144319299673       0.63144734819108106       0.91469296424652313       0.55047846773930620       0.69070754045239646       0.54813592754066520       0.60843723970879138     
   1.5699236153474356        1.1071820019387606        1.3856368860067061        1.0861120550702965        1.1013740595161201        1.0393219558030060        1.1940710827267711        1.1246002278855345        1.1420107676000635        1.0686391248976594        1.2825834417002664        1.0251246966637739        1.3191214198899917     
  0.55131213336007590       0.88586961074124981       0.95762439068242511       0.58734266119072043       0.65673464108479129       0.58130186108884396       0.66525864928420564       0.65773059590312299       0.92066067598133605       0.56314470926139848       0.72124905341768353       0.58078450041563845       0.63349328094940793     
   1.2275091888174050        1.4979861332213824        1.0644374796393776        1.1439851859372039        1.0650271040212975        1.0250552940553770        1.1580439272192180        1.1770054221425001        1.1696796981437678        1.0510492297517906        1.1077134599570329        1.1926573507523244        1.1043652555301298     
  0.57822325508618677       0.89661364331231586       0.96543264512199045       0.61779245383694548       0.69262114411189890       0.62304289060402196       0.69315371077585941       0.68289754882323661       0.92714106100661331       0.57708679550890685       0.74970843179273339       0.61181372327549588       0.66248214197824828     
   1.2826561454463465        1.1904364794812725        1.1926163176792817        1.1915570624710314        1.3662311839606744        1.1373193713427154       0.98957753575321616        1.0311571857785873        1.1057937035540562        1.2043880377606668        1.0476650306597644        1.3523264933306680       0.98897066019331292     
  0.60231591241217874       0.90697280351693710       0.97118031794190407       0.65278384291905933       0.72995561561315947       0.66192246636858576       0.72108056259247955       0.70743067342598787       0.93259691135124878       0.59182023982733645       0.77720796707416628       0.64284314431168876       0.69514700708195365     
   1.2910540166896667        1.0974898371599491        1.0855144328067488        1.2635870818149473        1.1297755632983817        1.0993228587265671        1.1392289684204160        1.0751562940801884        1.0676970196397895        1.1764800178296910       0.98114669852281977        1.0561974701144441        1.1696367470864506     
  0.62646592644281540       0.91800063339874594       0.97707146080796137       0.69069523326661186       0.76698821899559777       0.70391232849613317       0.74350695909244047       0.73140574251816648       0.93844847152378696       0.60859977314606006       0.80474825135385231       0.67638643854101299       0.73023841200279327     
  0.95869076460821601        1.3100322033045604        1.3401343260676120        1.1490363712549665        1.3295549152138182        1.3125089497093121        1.0254223413575534        1.0478744054974158        1.0335735051522286        1.2326483974398443        1.0828911337910556        1.2248724208991735        1.2144089822294679     
  0.65383473595382557       0.92806971212219014       0.98176426368569436       0.72950141893948595       0.79969952154415869       0.74365924974448705       0.76942365839993299       0.76469018089007645       0.94427280689801185       0.62580506423459903       0.83384053792358537       0.71177511518079184       0.76746451201312604     
   1.0855904208268241        1.0505145992727314        1.1615256826754763        1.7359424649789008        1.0034526353263014        1.2995427269144548        1.1517759866992121        1.1585348788433170        1.0169729156224567        1.0673775184981458        1.2350865820834847        1.3434736858144991        1.1150792776467049     
  0.68194148479581462       0.93777456498869516       0.98534312622370523       0.76506475974223553       0.83309129915708180       0.78089083431793949       0.79824542636566065       0.80416272902852981       0.95175538867127085       0.64550694488511973       0.85834904192283290       0.74858077977763493       0.80968560590989236     
   1.1223580010452670        1.4229680062517673        1.1553457538875984        1.2800794202049512        1.2102863196284628        1.1105887073782164        1.2119000492474863        1.4634340878599390        1.3028308750957132        1.2423043963576181        1.0492299823439863        1.2147837388552025        1.1121271888979976     
  0.71230315220564766       0.94878476567576597       0.98811943729280804       0.80047873238930278       0.86815279773857801       0.81746949952082926       0.83340637581395383       0.83876932184149267       0.95896397556439816       0.66401817202922553       0.88530045310364192       0.79322000053902197       0.84945776375834492     
   1.0254699658006547        1.2788723928538421        1.1892968464443434        1.1172811444780937        1.3969116828397519        1.1913535794218473        1.4708900096680286        1.0901929942392024        1.2955945033022975        1.1194275457518015        1.2053741793211616        1.0850149708211303        1.1675577264535608     
  0.74713714197495196       0.95921023374938308       0.99083954579909506       0.83528369977150763       0.90131014231044304       0.85424746731132950       0.86913624657333133       0.86834565102423289       0.96569123750546682       0.68840042271502522       0.91137133376954005       0.83610319156650714       0.88052356317854474     
   1.1627264627384806        1.2031315119709227        1.0054252364568017        1.1023340761377536        1.1082912165799359        1.0996421900745876        1.2032401317329502        1.2889897425758723        1.1467473149326415        1.3355901973089246        1.4199690932153601        1.4024021707021181        1.1241508092217984     
  0.78528920252952283       0.96833840153182626       0.99335902773521834       0.87404096839562950       0.92450206180938632       0.89076426309770007       0.90189263866716485       0.89858937669991890       0.97244365263238530       0.71662391693795247       0.93799125482250212       0.87972811697052200       0.91163453783001913     
   1.4556746969314076        1.3296100596136633        1.1859404321859230        1.2293852554989009       0.96282633379020321        1.1334874412395251        1.2837080419389644        1.1267916986142064        1.2945509871551186        1.1984397513795018        1.6049277594586644       0.98445570233062740        1.3253439590211338     
  0.83516166913631695       0.97649718225093340       0.99566480005942748       0.91430450900131199       0.94781145595545335       0.92648608709984470       0.93380902033986257       0.92931835488606895       0.97875350175367415       0.74383664937934391       0.96198235435868884       0.92151375877161423       0.94162585557028233     
   1.2616773204464744        1.1295129106896489        1.2273581591824327        1.3562767138404372        1.2619200641515600        1.2237130958003464        1.1926919194780714        1.1302482503104778        1.1052025924462896        1.1009908157534822        1.5089649553650442        1.0175491508038028        1.1830965842483709     
  0.89872231225489185       0.98688428844533915       0.99784790694482350       0.95822271790640445       0.97042283133980112       0.96264049659555051       0.96667412623754245       0.96383491339362393       0.98835433592252409       0.84530129052617686       0.98168625101169837       0.95937838534989128       0.97114294719823990     
   1.2197856556043742        1.2276595234814216        1.3903204774153481        1.2542582040701149        1.2122380490963223        1.2585211989217489        1.1183110704719641        1.2262198559233419        1.3545704404137318        1.4775044940474718        1.4773175500083953        1.0904007868498342        1.1555429129765156     
   1.0000000000000000        1.0000000000000000        1.0000000000000000        1.0000000000000000        1.0000000000000000        1.0000000000000000        1.0000000000000000        1.0000000000000000        1.0000000000000000        1.0000000000000000        1.0000000000000000        1.0000000000000000        1.0000000000000000     
   1.1359657490630319        1.2393947707216648        1.3988354150356468        1.2219323867981779        1.1260079570066659        1.1044174941155480        1.2910768992104580        1.1349603618453892        1.3357404667596910       0.94118722547624944        1.5501834201901368       0.98930013662612259        1.1215469171480170     
   10.395423745974048        4.9955133120759641        3.3720281078980081        5.8496428307592288        8.8375092663776620        9.4253101620767445        7.1734293259432045        6.7926655560041933        8.2914576801390822        9.2690804144661598        8.5820044908461046        3.0130963801238844        7.0056379743711155     
   7.0246493317186491        3.6537143826401763        4.0199711059542365        9.5987355051012688        6.8866335927833351        8.0926091054247298        6.8034487643463635        4.7146573854689828        8.2914576801390822        6.4980201130153379        5.7345549762383889        2.7228942757989425        6.7079072589004900     
   8.1071816534543863        5.3950644884597887E-002   3.3148996088229183        4.4430525429985277        6.5671002423528329        7.4622089070303623        8.5430153130989268        7.3751104973692430        8.3401565586387143        6.4203270571241307        9.4031398461597036        6.7303287936245351        8.1976914717182190     
   8.0383286170436783        8.3919506984240186        6.7011518477841232        6.6032575254499504        6.2668525281668543        5.8260187921319186        7.9650845683012816        7.1741972847856834        11.303139879876914        8.1408944309717981        9.0667127784608521        6.9519354106863886        5.2435203879335628     
   3.0754975278850791        10.035950956865175        5.6675328360631978        6.9747647517723506        9.2579060693390858        7.4310825093565231        4.7276030286708091        4.4730056000653251        6.3537126208581052        8.6366401268176727        5.2535109135717502        6.8054429188497441        7.2392692734722139     
   7.9483245800499116        10.626149429822396        6.5325031957990429        6.6012110794104224        8.2745880509427323        2.8621635699593821        7.1395568945456418        7.5265756541800357        8.8140050264461198        5.9149810248745016        7.1841554874405169        8.8687973673940945        7.5735864365761074     
   6.7466544528328534        8.7200091508010935        7.6099364985490006        5.0211104148323251        5.6377776903977077        8.6462129784365533        6.5913871837237803        9.4411811944157087        7.2743598483378733        5.2386082151462645        6.7416095112557999        8.6250081866805459        3.4074356469847258     
   1.3192897145999289        4.5741132820531778        8.0262079904382606        10.138679889102635        4.2055308697690919        3.3848130015233098        7.2361711070675998        8.0752375616661354        6.7825532214771700        2.5316268167486173        7.6131223477886119        6.8378263422929209        10.469648331094945     
  0.11589796794809862     
           1           1           1           1           1           1           1           1           1           1           1           1           1
  0.18127325404486541        5.3757614236676243E-002  -7.0352837696481248E-004   5.9627498645637642        2.9376252241960698E-003   3.0647349593310729E-006
   2.7780790811821978E-003   2.2061715190590859E-003   4.8171874396903022E-004  0.41380967702099886        4.8156712113592282E-004   3.6905800407514088E-007
   5.0000000000000001E-003   6.7639388176269000     
