   0.0000000000000000        0.0000000000000000        0.0000000000000000        0.0000000000000000        0.0000000000000000        0.0000000000000000        0.0000000000000000        0.0000000000000000        0.0000000000000000        0.0000000000000000        0.0000000000000000        0.0000000000000000        0.0000000000000000     
  0.11642072220982891       0.17761559936508753       0.17760343409241439        2.5873765652747235E-002   3.1343809508870127E-002   3.0213224277876358E-002   2.0192265810586710E-002   2.9734049503377706E-002  0.39188324449736961       0.18231870164489941       0.12581565575352235        1.7769335066462107E-002   3.1935362930178297E-002
   1.3532021203627649        1.4221107392762475        1.2105609731499052        1.1802609324542106        1.2829459433127905        1.4725824380642323        1.7364271516140273        1.3344283005953266        1.3227005201218511        1.1577184316815203        1.1290215054190331        1.2000686212036842        1.5676074537655458     
  0.16207273380966267       0.32188206994358265       0.28100752411664531        5.5068317631753183E-002   6.4271763635274259E-002   6.2115783382139383E-002   3.1782031804841328E-002   6.5078494375132995E-002  0.50281486321655289       0.27315481796319663       0.19962054811051980        3.4142998087250721E-002   6.2592578399511462E-002
   1.4013058854120630        1.3083304942366865        1.5273712715988303        1.3961016460960458        1.4763250397409191        1.2662347518094725        1.4257353979971634        1.5429023980435526        1.6865386806788338        1.7248172773568735        1.3053996532264056        1.7942808117032913        1.5394790640664444     
  0.19260543744590547       0.45365459599865432       0.32933261989515727        8.2390454661083218E-002   9.6284193149572955E-002   9.2914872824621186E-002   4.3798196135228611E-002   9.2175452930591706E-002  0.58088503575507633       0.30719573636864606       0.24037086483509643        5.0319234055091644E-002   9.3190809031909627E-002
   1.3601891262211199        1.6309350090364758        1.4361181524797315        1.3176926110884013        1.3994716998375840        1.5127027653826777        1.5091486941999670        1.2646923014303115        1.9314266392613952        1.3212305290834756        1.5009543569247867        1.5075539109018559        1.4213575694018286     
  0.22296343471273189       0.56529949482818342       0.37474906594682433       0.11211934056586409       0.12677048001339902       0.11922251717997814        5.7680547912143880E-002  0.12168560445647547       0.62170272000246418       0.33289357825955546       0.27050252920326578        6.7999030947143449E-002  0.12489769126742302     
   1.4024517482378607        1.5599674882474805        1.3826764452600238        1.6991667945643798        1.3719175855516947        1.2414119297787316        1.6561273737410969        1.8885773981025415        1.5001010589376009        1.2746878099807644        1.4193545264316161        1.3446762900987197        1.3504176594218225     
  0.25373146586747281       0.64677587873598796       0.41579804958303301       0.14254761327910090       0.15203270756976953       0.14642480642602751        7.2137950007404916E-002  0.14693174024779693       0.65920047536303050       0.35634744242690769       0.29752467382144882        8.5047225437701102E-002  0.15776610798906346     
   1.4839783666635340        1.2284261468820332        1.2247475748401524        1.4021011147508047        1.3161734908350218        1.2495854198780272        1.7262954498279934        1.2722706539898645        1.4052966940494143        1.7088331877947531        1.6240501390116862        1.5273219144221279        1.2734131705329053     
  0.28753635222894358       0.71167300403565981       0.45635355474922967       0.17882662540444003       0.17957453044758770       0.17400760592245854        8.5866565957386329E-002  0.17380399239903557       0.68913837329246641       0.37562365101376055       0.32191336413806559       0.10712444189100007       0.19057773713993179     
   1.3388828862261151        1.3525010376073803        1.3536299968255376        1.2716325692736157        1.2253680638782023        1.2272161475931609        1.6277945056839469        1.4104080160846924        1.3042696278661252        1.2383773311751609        1.4773343412201609        1.3761504083247043        1.4714552014118292     
  0.31627635602991733       0.76197293029085489       0.49246469573536439       0.22193048180581976       0.20594073175607625       0.20403407102928461       0.10154693828798553       0.20167606884058722       0.71336076306359752       0.39480350921539481       0.34492346530601709       0.12945964252833514       0.22468334560939607     
   1.2870406518466662        1.5942948439841427        1.5036280284456598        1.5630281493111911        1.2738046860219097        1.3243076361963559        1.4562551686004763        1.5297463349461529        1.2527324743555666        1.2445960700871579        1.2820885875585248        1.4582072611209007        1.4182559533098329     
  0.34594422731256452       0.80372344699213305       0.52398691795744168       0.26492664646503827       0.23577179249279548       0.23830370564621622       0.11540283612195464       0.22522389556070213       0.73462104897130009       0.41089870260077449       0.36660332330788253       0.15202923992473213       0.25862379368284349     
   1.2600821953252943        1.4544412807030822        1.3004674957761762        1.5260725886937359        1.3730687118467062        1.5166631648270004        1.4853650354236110        1.2262788666349007        1.1666118568978743        1.3042643340738116        1.5216908678129728        1.5083817453031780        1.4514480582110960     
  0.37361415522099373       0.83691131578959899       0.54899683435375191       0.30884366927209628       0.27104541342476007       0.27329088922537892       0.13102645622052284       0.25486698999047686       0.75485886567002058       0.42811366367041875       0.38723911301284364       0.17729594048504768       0.29301271703427934     
   1.2672160902150240        1.2581816617692356        1.4243491314572472        1.1909955025321763        1.5331525921140121        1.6970735588012744        1.3875615604576230        1.6935866407754190        1.3544308288811351        1.2919353371883162        1.4179405037523727        1.5662908846207511        1.4111934828476889     
  0.40852259343393044       0.86540916611711416       0.57282181720878900       0.35126456474998663       0.30333659089863635       0.30641907069185692       0.14742350288071102       0.28412196278355761       0.77190086136025160       0.44275326453848290       0.40957588562750791       0.20462982148444125       0.32770103577348997     
   1.3477011617076102        1.4091660544738027        1.3464757907864375        1.7670140068891094        1.4427590365491307        1.4308302458588398        1.5111664539302272        1.3453640998595036        1.4145217550876885        1.3662098245291490        1.5611283063740367        1.5769044737548079        1.2800000637134497     
  0.43753459824199353       0.88562415369762926       0.59644134204177279       0.38703725456490323       0.33408582172148610       0.34031973577020014       0.16401603621881988       0.31208966264181814       0.78956606579161781       0.45703442275325579       0.43763870930184690       0.23213136270528081       0.35882653067925846     
   1.3399207025457285        1.2280249656611621        1.3177010132863698        1.1993944715462650        1.4490362048041616        1.4875974197630397        1.3318810557360921        1.3793897920440905        1.2614341349715692        1.1383576407731402        1.4453383461978080        1.1789996737173511        1.2974459429442684     
  0.46595088265965873       0.90056613184648537       0.62233467764740102       0.42439032550889877       0.37207396362531620       0.37418960998025164       0.18196564362135489       0.33934913239117714       0.80409138280205239       0.47206348195889253       0.46838262904590322       0.26874347868577331       0.38770230618567281     
   1.2240020092142252        1.1163265719107052        1.3649447169671720        1.1386289912921292        1.5070622247704590        1.4091179813048813        1.4268887588424388        1.1791553333944607        1.3363404306928883        1.3970778179554117        1.4413253559148214        1.3712906868453485        1.2047396877728163     
  0.49410991669592513       0.91481021306470789       0.64777243068333989       0.46152946412621026       0.39970408442464805       0.40833502720691633       0.20019292576099249       0.37096265019731756       0.81777286003336314       0.48670460250182279       0.49848851537629635       0.30797433157593967       0.41338719658964962     
   1.3932486923597649        1.2591006922677936        1.1690079028956690        1.1929599020760657        1.5057827300147713        1.2779049736009884        1.1517747752343224        1.4186387286666211        1.3171098369565399        1.3999021145993025        1.3716876059121674        1.5565989982432629        1.3849698971636224     
  0.52093939280487211       0.92869755295189294       0.67188301114352067       0.50047445944939872       0.42941077849287951       0.44116968747237628       0.21858281819547565       0.41956480605107638       0.83096352255502315       0.50143277733384861       0.52976907846958277       0.34154298571984798       0.43976047510697575     
   1.4052193941352082        1.3196830385622742        1.2551934011828403        1.3860394040065382        1.3967171446715279        1.4766721062859471        1.3019929929893330        1.2748661551469116        1.1734807883137450        1.4843053531085559        1.3764353207559141        1.3149569230432079        1.4035553529793978     
  0.54758931067742500       0.94034611757207709       0.69435392524076045       0.53562266804938496       0.46098869956879585       0.47402131261686015       0.23813061854735318       0.47782912797488403       0.84347453852325904       0.51465920789650588       0.56136039522079761       0.37698708508930173       0.46720888939342425     
   1.2644589725451840        1.3913681133386351        1.4553919201195697        1.3623896737075285        1.6365987712902761        1.5627798413919110        1.2842962300926157        1.7486145492425178        1.3931488070408062        1.5502692781428324        1.3879730874834386        1.5183516862852282        1.3148059003692767     
  0.57623962086631875       0.95046184928965549       0.71597000247039932       0.56570121838389475       0.49285175281808291       0.50526983757875554       0.26001236056376975       0.53805171704435562       0.85533508993623697       0.52813629864907063       0.59430647854990093       0.40975703558404292       0.49633694264848627     
   1.4782308463194322        1.3804733487497785        1.6006657320947126        1.2859036472241752        1.4938857006219566        1.3961718426803005        1.2434231984652833        1.5009315504535410        1.1686813134537621        1.2946041999214752        1.3195625668471709        1.5225748864733817        1.2643370849102169     
  0.60514399816212139       0.95882854320115762       0.73766042937132226       0.60794482699883912       0.52453511957992294       0.53504043258533429       0.28503926195508444       0.58962283683935224       0.86713978279974580       0.54089701680409663       0.62590439902075845       0.44652400033372353       0.52755460454606862     
   1.2531638723319338        1.2391626024075673        1.3669540394810162        1.6378937041227049        1.1123842969142805        1.2463128830109285        1.3079566465967645        1.4887905822228691        1.3302847404512850        1.1126018500121770        1.4277761712953301        1.5426890873385695        1.2819307148771004     
  0.63246948108013579       0.96568541873369929       0.75858822030170070       0.63899626118652642       0.55538136463283083       0.56641738862142632       0.31183845109399366       0.62383744044118450       0.87894496447394665       0.55330970972778237       0.65307060137304618       0.47957263133145955       0.55732662630893970     
   1.3480513882287581        1.3766751203585870        1.3310025088583373        1.3958324620069003        1.3532193916723543        1.3623561157324966        1.2116198576193136        1.3252504015459097        1.6239741052578776        1.4811364175616351        1.2854443476646349        1.7387092459229454        1.5362949081254891     
  0.65801831884128914       0.97115969201446828       0.78075691969323868       0.67298230092818079       0.59093991465268381       0.59719701175271656       0.33896785540188046       0.65457055303162681       0.88960117075465794       0.56637008949614753       0.67899827197524998       0.50973333431086465       0.59119712280997616     
   1.2000189650469451        1.4683440742502354        1.5720287362021099        1.4004078909630477        1.6018651653102314        1.1740354219516713        1.3947821807795568        1.3613297824310548        1.3617736544998400        1.5262116892717106        1.1361519855152544        1.2333485725070870        1.5078281681333385     
  0.68303281718599373       0.97610643732335067       0.79939768808447276       0.70299067281925731       0.61721734554430863       0.62850473624774505       0.36544213450601465       0.68444300674112923       0.89916924850940305       0.57978276794071548       0.70332656160321905       0.53829584212420278       0.62228774464521497     
   1.1989022173721666        1.2453037472655133        1.4126765539261641        1.4082853589418323        1.1887894908050924        1.5922293295353123        1.4197953300536070        1.2528799032973483        1.3615927819655711        1.3649759785708098        1.3770134410559483        1.3922612243586414        1.5681196145641272     
  0.70925026640414457       0.98029908130797916       0.81929858865276073       0.73573172170485013       0.65296319375484912       0.66555027799646516       0.39366993518954857       0.70937511956918797       0.90717765785454785       0.59400110660807526       0.72794425865982337       0.56700841547644110       0.65300627436614533     
   1.7441656908730840        1.4191470823229961        1.6891041604983059        1.2210789133540934        1.3002478899767138        1.6579371627604200        1.1953693018073563        1.1942436633617715        1.3431745808559046        1.2417816379428439        1.3133293307834597        1.4479010976826934        1.2499931533503812     
  0.74067067041629986       0.98387924491828782       0.83885675400325921       0.76393003190015529       0.67589853126506838       0.69506935990224994       0.42655203667384839       0.73784246084103189       0.91437206489124034       0.60853402403743517       0.75707017702709023       0.59747732128570563       0.68162015560210987     
   1.5678470184277802        1.2473123653306493        1.2007269304751231        1.3644050522139739        1.1320373384257509        1.1954508697521875        1.1305887493807993        1.4125048188534373        1.1750709206310628        1.3244880293030488        1.1938131618005503        1.1187211575107268        1.2446829690230670     
  0.76968325817430283       0.98684846970820850       0.85751566204941376       0.79178464299063822       0.70792189314132348       0.72532099798153693       0.46469991536245792       0.76753455478466193       0.92237621149739313       0.62429597403228831       0.78456195364977710       0.62916873863574363       0.71109435678374744     
   1.3584539223855521        1.4070126656190709        1.3539705789780929        1.2691940207123973        1.3486690414568392        1.4792697843335885        1.4800368209876125        1.4826272838789205        1.4330426283258764        1.4671862809093013        1.4353689937642251        1.2288802294327832        1.0713755905231070     
  0.79488994824501114       0.98925207713337382       0.87603059770538028       0.81816312245372702       0.73846457894029216       0.75738055956055328       0.50610130261895536       0.79392591933918133       0.92955089480048736       0.63974580133824677       0.81591343381775872       0.66108205166049361       0.74254186289933710     
   1.5175498241856207        1.3969470124638756        1.3403838911026140        1.3128341509284271        1.7573596390779278        1.7202586416640018        1.2353539109235869        1.3283041822809207        1.3271063818215383        1.3084382456328445        1.3455278115629938        1.2917237359746117        1.3177048770061208     
  0.82015021093515483       0.99130483387718349       0.89286992197270831       0.84305008445184126       0.77196368250948322       0.79175735242607104       0.54867340650736096       0.82334841538309045       0.93818324318951707       0.65704974698450946       0.84634728679870053       0.69371700079579335       0.77551577978791397     
   1.2462730396626256        1.2693995612483930        1.5254092418853460        1.4342103489976528        1.1681340135820082        1.4794614107459843        1.2195971259991265        1.5017761622268655        1.6520054508001663        1.7621648133796723        1.4245286956841039        1.3485283866696760        1.3735250827493051     
  0.84558159024757362       0.99290229817196163       0.90926739983471472       0.86796548282022057       0.80890099782383285       0.81628250429256188       0.59516198596314085       0.84654562813116929       0.94504646244997004       0.67540318844886671       0.87477877642555446       0.73445991384941567       0.81132592768280198     
   1.3895243249150815        1.1318015899592697        1.3080545530839081        1.5002456649774414        1.2755168396387000        1.1288501309712984        1.3631106515933265        1.3146043920471300        1.2606382650448300        1.2807888562476089        1.3422404846806575        1.4220029489579291        1.3808196412230214     
  0.86910126432101176       0.99450865936103505       0.92621028375734271       0.89193948927710442       0.84246303831437175       0.84890248607381702       0.64404202532280141       0.86980086696882553       0.95105217537882081       0.69473434593189187       0.89962807387491672       0.77944452613610415       0.84655090545818257     
   1.2573392265147190        1.5734946267449574        1.3417217098201388        1.2902989049532636        1.4896605079976950        1.0998329992228553        1.4056187039732027        1.1921690878535818        1.3220800969393709        1.4550656653575116        1.4984693810524923        1.2718459691021933        1.4531346071537368     
  0.89296823709618778       0.99594162686297982       0.94231686792691849       0.91461248618140867       0.87269976095844770       0.88150388624402143       0.69855072968234466       0.89211221880685498       0.95885461777501124       0.71555322624766737       0.92237677041613841       0.82248509378031498       0.87786884492461204     
   1.2770802119955156        1.6171745317860302        1.3241791857228620        1.3755367459662051        1.3049066035020418        1.1668954850892745        1.3778662446391781        1.2909983977198476        1.4365676498651976        1.5174629320932196        1.2683383197809344        1.1353310586145315        1.4357037357038800     
  0.91481495315197459       0.99715460366594588       0.95811018651601776       0.93749504846004894       0.90205386052322556       0.91492433730449541       0.75759717784408420       0.91454850432728696       0.96605727722008949       0.74093883670442162       0.94415332003079855       0.86718765026009059       0.90878403509909611     
   1.4752422349670011        1.4589157956577818        1.4870656873196300        1.3783551247439161        1.3545060513945137        1.4906465828033357        1.5022655622584924        1.2395531079923392        1.4267924569000987        1.3699388569597024        1.3279260939908535        1.3433311978517732        1.4749544443883791     
  0.93777169092929280       0.99839221497231889       0.97323747249872528       0.95940228940983852       0.93070235227795539       0.94589865298830922       0.81747065899024718       0.93920978017175782       0.97282270474611765       0.77392898762943863       0.96518640854394999       0.90973618088721164       0.94001202525914007     
   1.6985040089173340        1.4023853894530927        1.6710375118683432        1.4101401862563967        1.4006513754649392        1.3879649187978109        1.3669024911452377        1.2816957463498095        1.3162444397075503        1.6164844015770203        1.6357599000329768        1.3434791537817603        1.9029909136370204     
  0.96567680117828214       0.99929239124732405       0.98698241827487543       0.98006441829265190       0.96713106915550773       0.97385962566209261       0.89390311563660918       0.96785614306496071       0.98495522606681629       0.82720634676383986       0.98417424701192924       0.95346309782563698       0.97047574685502691     
   1.8548450490196511        1.7462086187210981        1.1715115286839932        1.8680678265281438        1.6690856773564806        1.3808130234437801        1.3413220102149530        1.2747342252797131        1.7142806945228766        1.5365735762546588        1.4326719139516149        1.1125429987723598        1.1334238047423091     
   1.0000000000000000        1.0000000000000000        1.0000000000000000        1.0000000000000000        1.0000000000000000        1.0000000000000000        1.0000000000000000        1.0000000000000000        1.0000000000000000        1.0000000000000000        1.0000000000000000        1.0000000000000000        1.0000000000000000     
   1.4803785847917925        1.5617392441997993        1.4539572670074827        1.3813970820417270        1.3402191812000870        1.4134935432557265        1.2688379819293738        1.5633706664352189        1.4537055861863089        1.2599122464488259        1.3590619880092067        1.2474423298095747        1.4921703553624361     
   12.229383389252961        5.6341311903578655        7.3577268090585548        17.100519891767039        9.8479768143264010        25.365027943688563        17.883394074369505        25.308529013920420        8.7143769262079385        6.8138292225686872        31.469626925726214        7.2755456248336392        10.811935507780147     
   17.187450155863800        1.0196517336651807        9.3062027810269470        11.606756261250025        11.508777523033229        12.870731796162177        12.863727399503267        19.418580104599407        6.6282451942766327        20.776557079431424        15.801809439593617        5.0595364314841333        14.642399851079393     
   23.055404332714680        2.3486973909055182        27.915389172457608        14.614401440943908        18.914427895684931        8.9156916478150148        11.003016183788453        14.353818431789518        11.467709851698960        16.580497249924516        7.4989988757110888        13.209597786441313        13.238845289311740     
   26.219338858380638        3.9414592806580404        15.471778912820952        1.1300416727277853        17.104746416915262        11.434342413520735        13.445089084784685        2.8015106456846466        9.8967238475883406        17.791514557879655        14.876729532837333        13.075812118001904        2.6934917353684695     
   14.647248665307252        2.6137318214823408        17.627209600283603        11.602765046719817        19.268579597032929        6.7440503048111191        13.484231976870390        9.4425095458552821E-002   8.6449374944866548        8.3994759527763350        13.737885993511842        8.2090464022885872        24.295881825696295     
   4.8781638873490936        1.4589030833698811        26.586111975348963        14.381314826352558        12.888219326462536        19.337507309797221        11.327313971672666        5.5827092647971766        12.129893541206437        10.389811763222275        29.291176278327399        11.504856227486012        12.908255894409299     
   17.689017137610232        8.0146335986940045        16.481243676696980        18.138925811422673        18.317486215213730        17.908047451445970        9.8227964358302167        21.223436904161431        12.341441014342307        10.362934036762418        10.812325958997912        15.739605407797526        20.961369561518786     
   1.1450403513907368        21.618299239161214       0.78162235139798986        20.862944493983189        11.425964037478851        15.865481456777664        10.955791555449871        19.508981130864527        19.867386734085034        17.313703830993337        13.101749098396539        28.431685430417527        11.332387639073881     
  0.60081460416359256     
           1           1           1           1           1           1           1           1           1           1           1           1           1
  0.94340512190000214       0.20129859064794220       -3.7984178641919013E-003   14.175611471265366        1.3500582079030557E-002   2.1797618106055198E-005
   2.0729152375688772E-002   1.6042707656878256E-002   1.7445612572587600E-003  0.35099696639637767        1.7443971973366782E-003   3.0229103665976792E-006
   6.3258696272750874E-003   13.422370832938393     
