   0.0000000000000000        0.0000000000000000        0.0000000000000000        0.0000000000000000        0.0000000000000000        0.0000000000000000        0.0000000000000000        0.0000000000000000        0.0000000000000000        0.0000000000000000        0.0000000000000000        0.0000000000000000        0.0000000000000000     
   9.0785982344599947E-002  0.36353807397397536        7.3305156298688640E-002   2.0466265423981448E-002   3.1685489215578989E-002   3.1097143356984047E-002   5.9350460390395089E-003   2.8691087087966798E-002  0.54352991178520504       0.19640896883334583       0.10334136054957893        1.8048597505908284E-002   2.7556786561259445E-002
  0.86366770840513385        1.0746513122820021        1.1931392810169901        1.4300162697085257        1.3523052652032219        1.1960704422116593        1.1426962292143272        1.3575200556564868        1.2506490183823924        1.0160309930387443        1.1314863481904069        1.5043510978484567        1.0796352571870658     
  0.14150670662431319       0.59055080103465885       0.13788952813264727        4.3337587842201875E-002   6.1725090260895239E-002   6.3232022967034798E-002   1.2689640580568248E-002   5.8833249788392356E-002  0.69689664353833869       0.26056929114363797       0.17977981167823509        3.8605857013721490E-002   5.7275074603790131E-002
   1.4888982273433959        1.3441378582729067        1.1921827764626027        1.0128987504391755        1.1084801572272087        1.0060670938360738        1.3609880057197776        1.0205230510126537        1.3856738960323445        1.3109195916807319        1.3242160583111151        1.2439055876755716        1.0481246359537162     
  0.15878025478637559       0.73406668107294915       0.20297300978082070        6.2913346378186574E-002   9.0909529340493705E-002   9.8162971622457518E-002   1.9447109922466427E-002   8.9855349563159326E-002  0.74565991231687534       0.29489604518977264       0.21227851350139393        6.2426949574072715E-002   8.8780449945712436E-002
   1.1813696823593482        1.1258009591535929        1.3382431334689038        1.1990386667278101        1.1284856155146301        1.2361146062812507        1.4923506199097512        1.4664484137172962        1.4055756982133711        1.3157281736259701        1.1935663274494406        1.3905263811243611        1.1502107370287369     
  0.18012823764211791       0.81942593792146612       0.26388571650831555        8.3082922196876505E-002  0.12028478143206717       0.12908082710207719        2.5324768675930649E-002  0.11511121830652746       0.78217510494255660       0.31774459822535595       0.24559607264689817        8.5641547565801612E-002  0.12154798918453844     
  0.98692873933135550        1.3444943145065253        1.2493013208651362        1.2416729496587058        1.0615243558945198        1.0578715447099192        1.2125854889521679        1.1486835560253938        1.3955440657215163        1.2974493594863941        1.3372195168598342        1.2636659444721048        1.3577383122491427     
  0.20136783254933560       0.86907602376103099       0.32354396346871633       0.10410737693803930       0.15247448500168903       0.15958698996198664        3.2294523130002348E-002  0.14552467129376292       0.81196445571682507       0.33496096121210861       0.27621322801489367       0.10915518401011930       0.15590859392029444     
   1.1294217568393523        1.2948637967359040        1.4274810030588629        1.3933555890574132        1.1578465418735615        1.0539239020907636        1.3311732676116250        1.1556095099304420        1.1066764053038500        1.0711831743077003        1.4325944049009054        1.4895525088005288        1.0764803830541598     
  0.22150727086102856       0.90348331768478307       0.37896503000675724       0.12282841076796894       0.18805688498141934       0.18888137238090094        3.9633406470889733E-002  0.17383649548364816       0.83169085682358068       0.35311591142727455       0.30504340207692809       0.13442213310166895       0.18527285046573072     
   1.2936528422710138        1.1427852909376899        1.0817420917123413        1.0571602366331589        1.4257166701133355        1.1141136526324451        1.1272895096641982        1.4266201942593137        1.0930183720189279        1.0786169236403902        1.1557570468463834        1.3122975317937426        1.1277697017915622     
  0.24244563810219569       0.92501463994431776       0.43480584510201326       0.14340034606159757       0.22368691717513225       0.21882524408870602        4.6434562636210389E-002  0.19862827439915343       0.85159909330609462       0.36760995691942783       0.33182308476341732       0.15824743797586538       0.21721134406361239     
   1.0789581315063113        1.1789284990436402        1.1016010264723206        1.0500977565781475        1.2514846040180485        1.3094314272246801        1.1604433636558871        1.1933350790570372        1.4817493505815074        1.2071164602117719        1.3913819789876214        1.1837103750769169        1.0446865278585900     
  0.26516223937382399       0.94066309880496202       0.48453487867351891       0.16431483443031081       0.25553169526104841       0.25193580395225351        5.3414266584578138E-002  0.22168869941753772       0.86784584787840469       0.38278110444547953       0.35751397360963716       0.18346081599965547       0.24666573654068591     
   1.2225836432255435        1.0717145645440396        1.2205125817230040        1.1494573616225101        1.2427647573890939        1.1737759701108499        1.1016746985487493        1.2857825389765569        1.3524927971553067        1.1955919653754772        1.0552799876057144        1.0584887745264655        1.0518971465850067     
  0.29026294832057709       0.95323873313214036       0.53108471166529592       0.18604041521261258       0.28790553848404271       0.28676682472686893        6.0929144948995498E-002  0.24555312231985385       0.88160470415539527       0.39834595854391375       0.38276106040845054       0.21519404678081633       0.28062479926825501     
   1.5026168577155889        1.0689842244625378        1.1610200224158378        1.1548380289133873        1.2182371737273530        1.2670906907398465       0.96364624619109207       0.98233493258768023        1.1682665187905270        1.1552535805585875        1.1896897591114737        1.2423015600821139        1.3971348533468071     
  0.31653629943040507       0.96308352628378346       0.57900931827362478       0.20828985312383544       0.31915593618547733       0.31963541929552219        6.9234428474265156E-002  0.27030471271010614       0.89324352453839062       0.41489591208439874       0.40893560158282455       0.25058092156243617       0.31876157360018814     
   1.2893169499359705        1.2531023035915894        1.1306967623234319        1.1636932769664041        1.0601335923145094        1.2801112688135718        1.0005344757898134        1.0633251858246733        1.1590940143553528        1.2408317853596798        1.1575910004355723        1.3802447103081081        1.2953193397635587     
  0.34094804185369321       0.97028347115951608       0.62319664109676876       0.23051252117537549       0.34595200025759920       0.35161631103112367        7.8757204310449025E-002  0.30080768299671429       0.90414976415959236       0.42834401655008769       0.43610415344328696       0.28897594295541845       0.35389139652559587     
   1.2924371323749495        1.1342240585054737        1.0868858685550131        1.0944419751393235        1.0632960375234075        1.0977058572778196        1.0502213717793836        1.4909093791392269        1.1211349619690845        1.1820808566558079        1.3866205462637260        1.2090032772459953        1.1218420905853144     
  0.36487558041774776       0.97572253105117424       0.66636834953610447       0.25412156037945360       0.37475795035957665       0.38415582393552067        8.9668416062505127E-002  0.32820502367921733       0.91413157679120305       0.44430126417939453       0.46344754900788310       0.32765584121395419       0.38829493459983566     
   1.0189852814968607        1.2495516130042816        1.1844949657988768        1.2202571848023955       0.96626439317328883        1.1305090640699820        1.1271977863977296        1.1693499418689453        1.1570158186246948        1.0546193836046471        1.1437159986231886        1.3760782883583580        1.2799646009044874     
  0.38813562165664151       0.98000143754873392       0.70114349881243310       0.27964320580834373       0.40226692341298526       0.41984372552072746       0.10150187373217143       0.35935425266822552       0.92271046311484628       0.45753636117819935       0.49333554692578652       0.36774173858204035       0.42065004286955071     
   1.0214364484661989        1.1009900854813883        1.1174283535824372        1.0738378886901006       0.98280319429960261        1.5519164567779105        1.1167978571694739        1.2993007506308312        1.1989189625484844       0.95328986409415506        1.3439715312993863        1.2011648530875167        1.3080715769739939     
  0.41081716813776614       0.98356224690867511       0.74129173237984836       0.30938401372809221       0.42858886399825225       0.45374215209383595       0.11396738859273149       0.40046975517318212       0.93003702361554441       0.47241786854428330       0.52110783205202438       0.40428952332870882       0.44692492102504994     
   1.1989479293417211        1.0618889746301416        1.3155240050713444        1.1221755421540518        1.2121854594939321        1.1568902968330153        1.0873124426518685        1.3030202170039744       0.93655060898237996        1.3307862457321804        1.2241183544143308        1.4440392784084797        1.1626312782308605     
  0.43416695806490874       0.98647638562130391       0.77373316190832486       0.34263359150260336       0.45823028150795370       0.48370361638424136       0.12674526683675894       0.46255264725304424       0.93575500430231051       0.48689393834833827       0.54871741822299736       0.44478582785683496       0.47199224990396427     
   1.2880067577761443        1.0698673487606734        1.1015596429196342        1.1110438311368414        1.2200549318044056        1.1490957920064602        1.1880414684216507        1.3601092639550771        1.0708839826250405        1.3019095415459490        1.0787762729727353        1.2325223929888327        1.1887926477453501     
  0.45809784030440909       0.98886870128572213       0.80874070985792479       0.36945083899603970       0.49342732147600632       0.51642563611006465       0.14109872333907708       0.53540319057571317       0.94163757825657934       0.50080934826752932       0.57698002200847132       0.48532980487712296       0.49619620558306848     
   1.1898867584375104        1.2745194617780646        1.0258740723648614        1.0903370591683326        1.2665068370313513        1.2255183424938689        1.1043044849303607        1.3238619342624649        1.1590627281440888        1.0495734802387378        1.3780803216624198        1.0564179924496140        1.1119410735467790     
  0.48283744785702348       0.99075737569517597       0.83075002157203148       0.40185320724707069       0.52972401526987223       0.54684857715992230       0.15754855036217105       0.59495314660129572       0.94740226716485498       0.51505734550826121       0.60455841866249227       0.52153803073388971       0.52221037900158729     
   1.1131260972358659       0.97553860616027610        1.0643286006244788        1.1632679296361828        1.2513768690733669        1.3286214892685686        1.2427100814004559        1.1535288003361228        1.0751064048478050        1.1318214748248518        1.1546992048504741        1.0400477123616942        1.3028538332676960     
  0.50944082851956207       0.99229979639984645       0.85186023700065205       0.43759165296625790       0.56497065381902656       0.57822698296344410       0.17627649631621317       0.64000332226296064       0.95280404441462341       0.52970900955280575       0.63149949958467833       0.55575853240401341       0.55236935914411123     
   1.1266781276297912        1.1937586240448996        1.3595888703652395        1.2016939743902710        1.2859169640743364        1.3350962233592827        1.1811461291497842        1.1406688141821835        1.0284382508938759        1.2709819262239723        1.0891368953402714        1.3418142563110216        1.1165690571046447     
  0.53380395148485194       0.99361541480893600       0.87248683349533429       0.47895829542260571       0.59590224802536662       0.61578693363510562       0.19735517863224245       0.67817828848464090       0.95794663865469454       0.54469163367802698       0.66085011305640928       0.59048839001852960       0.58191665554990080     
   1.2491056266538030        1.1491492946559341        1.0868590107645471        1.3927041522396268        1.2664573088499791        1.1464961393964135        1.0807949478202674        1.1291567992080707        1.2594960311415129        1.1373641540570523        1.0907125903123147        1.1393401675853574        1.3179661299633392     
  0.55933135071804385       0.99472917300284547       0.89176437729869851       0.51692273249362164       0.62556487253631987       0.64885175916328963       0.22032980706202077       0.70573266311153049       0.96244132343321531       0.56014904572162239       0.69109749049377989       0.62021537168994256       0.61210940742296027     
   1.0137355167477644        1.2523874467432741        1.2012457669806704        1.1836398213714652        1.1350789369405276        1.3128104275498753        1.0254311598088677        1.1661492634116375        1.0709144692421018        1.3941115365249819        1.1580080867552380        1.0515087845952316        1.3110542304403379     
  0.58605012949095736       0.99565350087692794       0.90877543871727295       0.55357766004333864       0.65480952833950357       0.68077868252703866       0.24527817735839361       0.73187408808695031       0.96618524327436894       0.57552243027860583       0.71970208794944446       0.65153715047690475       0.64320031260585653     
   1.1082824304862566        1.1882415753669326        1.3012487122800731       0.98467116327330639        1.2410891774791666        1.1544697709569820        1.3972374116954926        1.2722548609392936        1.0984585890774172        1.2541333987020702        1.3765569287294308        1.1105774794573702        1.3024603182016474     
  0.61476402913399553       0.99642924843772873       0.92350409894210228       0.58936240745871904       0.68691125566140532       0.71271629750195842       0.27370635850708308       0.75677233934897592       0.96958365296282478       0.59081521722836072       0.74640234603841471       0.68460817969519505       0.67349109210454383     
   1.2699200834772952        1.2219414377163653        1.1335846475177771        1.2232847387624677        1.2404702667051353        1.3954355616370588        1.1374150303370534        1.0961015993441618        1.0421197180963020        1.3827004628146726        1.0067554050278225        1.1302653569446612        1.2710473863417096     
  0.64106961471274770       0.99704439288833413       0.93613641572292217       0.62888631088681946       0.72237981357902525       0.74487220720876601       0.30390718267842065       0.77945994239066274       0.97279725769895709       0.60664555749757409       0.77198712308126105       0.71793874459413654       0.70387806687438759     
   1.4357193502241283        1.0890546269959169        1.2412515999158606        1.1808497731472065        1.2765964080575143        1.2553719662454310        1.2059202469620272        1.2312440628884118        1.0630629144207271        1.4046173070611319        1.0897872099257346        1.3716703122114458        1.2026098811113104     
  0.66865925958094563       0.99758211743134673       0.94770185196892420       0.66721788148112182       0.75494705000294871       0.77289961361104154       0.33657207618621898       0.80201503981407241       0.97622362139692653       0.62249930828093458       0.79493678635918130       0.75208151716763461       0.73500375263247320     
   1.1604186094933895        1.1626233559779151        1.0352051776994591        1.3169492125008317        1.1325896272830378        1.0446981889706610        1.2327969597894630        1.3333191679541281        1.1275282962571269        1.1705588441618218        1.2997323007721640        1.0240691702675757        1.1233329910535526     
  0.69829533192188620       0.99802823918485717       0.95909546156268954       0.71396178059683169       0.78860213980266725       0.80012147495203434       0.37250234821836448       0.82436063745925270       0.97915805318223603       0.63815130522607133       0.81532887581244384       0.78210013911262710       0.77023462329259462     
   1.2518290180300478        1.1137921868853848        1.3586927827385196        1.4466652206270920        1.1872088136397247        1.0138049389896995        1.2984341720955095       0.99704771499133593        1.1088757968256107        1.2053379217671925       0.99377975054066414        1.1180088783600421        1.1302084831876806     
  0.72785436618475663       0.99837887176530160       0.96882500820960682       0.75504778467481026       0.81860284284103291       0.82760622788205751       0.40895179555737332       0.84675594783779906       0.98198125914635848       0.65445620586257136       0.83756995939345891       0.81774486171281002       0.80430515843101824     
   1.3250677275543592        1.2176535435553362        1.0934932932597732        1.1410016945446315        1.1317531156178677        1.1618592170443498        1.1308153100313691        1.2042005053520368        1.2909641096952922        1.0442497374341813        1.0121823128579994        1.0060481611084484        1.3099177971118177     
  0.76169577551500423       0.99867277519994735       0.97633746050341763       0.79511620556411344       0.84805210364689088       0.85637919019200670       0.45565835427814860       0.87140412918103727       0.98471948103442764       0.67331840624922235       0.85978470485953851       0.84785148698444435       0.83991947320629756     
   1.0922090545777559        1.2087474070099553        1.0794869544307080        1.3742089864575744        1.1504601349696215        1.1800477791509592        1.2454271883846313        1.1233583643191554        1.2200228740577852        1.2476762150861684        1.3070471576177545        1.0266342288254342        1.1117192789340125     
  0.79590254466383947       0.99893245207049175       0.98232511012147583       0.84101425431284360       0.87820051257245046       0.89023553797760502       0.51057869735643902       0.89502270517966287       0.98739635173061768       0.69394776020553040       0.88624714000476457       0.88278921713707270       0.87524834446498934     
   1.1650444519778345        1.0630360089076734        1.2266607397410203        1.4549961943755063        1.3226815097476738        1.2804394070137133        1.2405936838150733       0.95118491250322301        1.3554891523087915        1.3265744284642498        1.0983611991573674        1.1042578335454960        1.3449346052805704     
  0.82953079199805690       0.99918705415466647       0.98905612379680186       0.87880842731347653       0.90786345177564176       0.91905368705236823       0.57906031623797893       0.91952076067099742       0.99006691138270830       0.72047694842178334       0.91268442649491988       0.91760281302416657       0.91129567168083525     
   1.1066669629660246        1.1799682629108583        1.3829832488862384        1.1393050783182994        1.3284779300945966        1.2582561493146542        1.2304449274691398        1.0581822575072592        1.1615831876268583        1.0954530169057388        1.1774640561291316        1.1254868140328997        1.2634139027628883     
  0.87373444613605966       0.99943596774793586       0.99305789081156559       0.92326911486238483       0.93840938044654720       0.94501523213603844       0.66546409078142232       0.94452154520922182       0.99272816840413114       0.75407345766814293       0.93985560751638819       0.94818664739967462       0.93963626944729384     
   1.2537012825935872        1.3307702055983259        1.1280926575540113        1.1828660857137909        1.1923296706513489        1.1177191731037743        1.2788527467044841        1.1314563109813156        1.4245905771803322        1.1313053149214294        1.0676410597802799        1.0560285786950505        1.0460521275871486     
  0.92946458335848725       0.99969826089315916       0.99652101725129594       0.96232379594939321       0.96917390572509987       0.97174708444169988       0.79937921201243578       0.97123501603308260       0.99546856468009903       0.82871876876141259       0.96531042802238931       0.97521561095943265       0.96742855415817552     
   1.3001370025596590        1.6416939059294433        1.0540893615712743        1.1283703526563318        1.0730759650813633        1.1410778755413462        1.5214173977854466        1.1251282433683050        1.4714455018450809        1.2157211723988597        1.1979157517576002       0.99443006486902918        1.0778408908962545     
   1.0000000000000000        1.0000000000000000        1.0000000000000000        1.0000000000000000        1.0000000000000000        1.0000000000000000        1.0000000000000000        1.0000000000000000        1.0000000000000000        1.0000000000000000        1.0000000000000000        1.0000000000000000        1.0000000000000000     
   1.2538238811780082        1.4363959494511940        1.5317240808697803        1.1303410244774723        1.2206628991800119        1.0564440625459361        1.2003263359453966        1.0950297368301216        1.0337447504848820        1.0260149713785385        1.1681304164277493        1.0671204863399988        1.1267160206305937     
   63.100101728861638       -9.3214899688305621        33.803828981862040        46.164694672379028        35.848256410397759        49.310666057535258        65.855805254749669        52.259155542268914        13.672955107527699       -25.552592551830742        43.092159302924344        44.566009475341851        42.610994594491395     
   39.722462001188916       -2.7022255060312910        36.641911461255773        51.540052741202658        45.697985907527993        45.544577892919939        46.994836676598176        42.159471069055236        12.810918949077429        40.048158643237350        41.360242136144720        54.733798303613234        38.377145963893042     
   46.096592612254057       -17.865609625017079        37.318686325335349        46.551034017407133        37.874354656839998        44.789685160790533        32.356998178874207        42.072565162371760        18.913396129426349        49.097663471309588        39.866805510455308        38.877481411703059        49.974790742380144     
   50.265257714712035        3.0701877919045808        42.645088251184582        43.985178222794957        45.631631612919868        45.029671160684586        22.677954815564433        36.635744151384834        17.042648444583065        45.294309221392162        49.645938597395755        40.215084069473477        44.601290026610343     
   50.582673705781673       -2.6950649483360793        35.351030871425174        52.364612858435144        52.766972389007421        52.215146343886531        23.032619410295645        30.714774284450229        12.742213827372851        48.268098372429961        40.751537738028013        48.125730677678028        45.899330773878475     
   45.258296364950084        5.0721383301029839        45.087100039591782        38.936173996898056        40.454575186709278        35.722134001211202        12.306780442825485        40.480636783424380        15.925704058691291        42.793312736119717        47.421410869463870        46.077224861481056        50.056720733704623     
   32.329133108751314        12.164535835497045        48.369932994517228        38.259048115768380        59.390132806956238        39.299449432663785        25.371462603018166        52.195530229340271        27.477811585600957        40.692235109427081        44.606973113299318        43.685583382861111        43.990680521292369     
   44.437087638212418        57.780519866946513        55.678980256399520        28.989457739632599        46.186916488579406        38.495107612986729       -17.276708669615594        49.802007571504717        59.145867438912155        66.515560540204234        50.004139194158171        48.434938808072893        41.960445663906128     
  0.82691523293842129     
           1           1           1           1           1           1           1           1           1           1           1           1           1
  0.13906691340185473        1.6808995555787850E-002  -8.7021040855538045E-004   41.201326904917892        9.5482987675723930E-003   4.2690875590741933E-005
   3.2139425424192749E-003   2.9591491485664420E-003   5.9029542949690637E-004  0.42711348650209285        5.8906906956649005E-004   2.4281979781902148E-006
   5.4156390086364761E-002   47.258925698056821     
