   0.0000000000000000        0.0000000000000000        0.0000000000000000        0.0000000000000000        0.0000000000000000        0.0000000000000000        0.0000000000000000        0.0000000000000000        0.0000000000000000        0.0000000000000000        0.0000000000000000        0.0000000000000000        0.0000000000000000     
   2.7511734840182666E-002  0.29296070497632665        3.4343266979214290E-002   3.6716308892977521E-002   2.0929578094166210E-002   3.3164128797661264E-002   1.4353810103557874E-002   3.3418042275742355E-002  0.44061645041212194       0.12395965724202487       0.10650760367775297        6.6409140072719294E-002   3.1390384669123694E-002
   1.0649832583843284       0.80898882559824736        1.0914575859102682       0.95492372969612305       0.97756871226438169        1.0319088470299256       0.98050667954667314       0.89985776275500107        1.1955519439493101       0.92496478293963358       0.77193900076442534       0.92201237746682263        1.1504420848711341     
   5.3993656007870781E-002  0.41979972794631054        6.9353651199356450E-002   6.6216734458238391E-002   4.3835746171419387E-002   6.6257668298378203E-002   2.9829221420978644E-002   6.5472864955622559E-002  0.51656005320504605       0.16686231124494783       0.20836603440600071       0.12293762425916541        6.1778207025674790E-002
  0.98595809442208215        1.0528988117689126        1.1233416312209703        1.0479124343266364       0.99337750318632034        1.0076353986511928       0.86757580920654287       0.84129275081856081       0.94804445183426944       0.94489618512376772       0.99980063166972166        1.0611022992931720       0.99762812811554480     
   8.1473129701738839E-002  0.48633918624012279       0.10499725080443145        9.6359059084453080E-002   6.9626567912867893E-002   9.9856361915779110E-002   4.8990696074245943E-002   9.7102052524827842E-002  0.59063670692345061       0.19555025411926052       0.23837709535102464       0.16391779782585109        9.2724216735722245E-002
  0.89713681684221869        1.1297974554411605       0.93513419892565641       0.97862532209679809       0.91785818382139828       0.90918502945225044        1.0749581723882304       0.86329406504866568        1.1522330981771673       0.94483180285093082       0.78713672285384739       0.93181192997382933        1.0253104995395794     
  0.11034535640438665       0.54503207076342530       0.14227480399914835       0.12646777562548511        9.7563427364082494E-002  0.13262762541610776        7.1863504911700696E-002  0.12939650332789240       0.65386283224120989       0.22054227022865422       0.27468925830282731       0.20513313621669962       0.12462296568243462     
  0.83814000650199438        1.0711249504695228       0.85013156621388397       0.94551306933069579        1.0054642344727081       0.90236736201785939       0.96699937507823952       0.97311953846840138        1.2354119689862177        1.1557138764325579        1.0581684345993623       0.91813623072103900       0.98243602389955631     
  0.14256504941911208       0.57825030082345297       0.18005463130972121       0.15895715489672671       0.12760617975255859       0.16398698656579722        9.8071635754885797E-002  0.15513507412446095       0.67103103460173141       0.23768769908563461       0.30190704175066507       0.23884766337892427       0.15909356143568373     
  0.86438197361436464       0.91420687418721747       0.94127288090137173       0.84538841787275532       0.97479084293673868       0.93778481215334863       0.86190357676384988       0.82372226499272250       0.90592761324238114       0.88552832046843188       0.91051286346876670       0.91363945839175964       0.94273371184920440     
  0.17581842869169848       0.61284090677550229       0.21460994722108101       0.19353761495515365       0.15806300057353309       0.19511949492602723       0.12618259065256254       0.17836345024572581       0.69755908099021435       0.25785895194510922       0.32982924835891059       0.26916607574809781       0.19154022223547915     
   1.0247202218554416        1.1150176821265463       0.98353625762920271       0.98117846806664799       0.95709432369616720        1.0042034786086680       0.87988033698013612       0.77622646179031896       0.92762744047432433        1.0099383848651025       0.96286626550708498       0.90947904837274207       0.92502706063031626     
  0.20864855999817497       0.64124692917250536       0.24715520704484265       0.22601647235896530       0.19050789590351694       0.22856010064239221       0.15729032469777179       0.20103529062262807       0.72032613108993737       0.27457152466117341       0.35393411424489646       0.30337752565743481       0.22402248505230671     
  0.86020284487194731       0.91074302377369809        1.0640786012637351       0.92411233113247437       0.94362651120900942       0.99663607634667761       0.84865704008662324       0.89966404798977295       0.93763443397696866       0.92481174332697669        1.0186464380737164       0.91606688816382287       0.90253852878247398     
  0.24058612877103910       0.66460205804251715       0.27959407535175784       0.25821616115077034       0.22389257358655443       0.26330924167345721       0.19013571023482931       0.22257745580817140       0.74224315541626906       0.29177040793056008       0.37753641100639163       0.33994377460757114       0.25708807342722889     
  0.82186204628657533       0.93593391351560629       0.96015066263695703       0.79745768645925030       0.84049989745726461       0.94533156469111057       0.93180284745724984       0.78734370912583795        1.0560339992938976        1.0129094777083469       0.86659968294482104       0.87967744173709206        1.0033692629210347     
  0.26749770634995207       0.68205975864520196       0.31177000413530909       0.29093489958433810       0.26129620839762630       0.29817052946246969       0.22876546490997252       0.25400906318421934       0.75842394522331913       0.30512137980908433       0.40386745599171942       0.37398746560509477       0.29451593896596634     
  0.83646340626614513       0.81045002734149918       0.96570700933725873       0.94075072274733729       0.99937715028481455       0.90652821544512086       0.88845968219189286       0.87004665060400566       0.88835830074080147       0.93460339934378711       0.97053748623262470       0.84910610243714613        1.0985986732723947     
  0.29615258731615801       0.69947695701838164       0.34575441783499766       0.32435171031778909       0.29919286320003063       0.33387417628158866       0.26507322996676452       0.28415875796643830       0.77532738976543314       0.31831667863879043       0.42999683056274585       0.40722363828011826       0.33157628517320425     
  0.83695575280850165       0.87099277659107199       0.96011520961607699       0.83738259080143218        1.0361904699269668       0.91332897275634095       0.81981474324360282       0.97696659847137701       0.95353207438846654       0.96933130896798858        1.0093076429781105       0.95841809590317173       0.95260100874924203     
  0.32585483225816531       0.71790168593000236       0.37978517647828341       0.35941402085588808       0.33630021027501539       0.37028234828739887       0.29929856248304049       0.31571737955853102       0.79133555174562953       0.33165382348914080       0.45977902284238187       0.44228785558814993       0.36556150210736432     
   1.0476629933336497       0.90457669559463783        1.0562459291605490       0.97979380230355195        1.0045062147759747       0.89653975582741008       0.97989368237412999       0.90212709129245761       0.85938611631454898       0.87207670992564701        1.0556523960157338        1.0782622925898588       0.93156372162548573     
  0.36098527854249374       0.73821378126908632       0.41188985068402806       0.39290870257992300       0.37312897110211607       0.40468454666144049       0.33370971362656299       0.34527021890123744       0.80670363412493329       0.34536350239506891       0.48850170297277729       0.47260454745322855       0.39648858662130737     
  0.85440719638286355       0.93900216154135840       0.92855955629782083        1.0359423950622186       0.92214529859918104       0.94053570770554429       0.90081583755403261        1.0972564569867347       0.86358485779839222       0.86257961999979271       0.87409385515723559       0.86454551799224999       0.97935631496511732     
  0.39518606905185721       0.75209366513803400       0.44006714229955174       0.42348079284475515       0.40831826555622036       0.43614999019534723       0.37472251985380189       0.37525704245933988       0.81918847173145748       0.36161496562915529       0.51553923937270163       0.49986405628260550       0.42523894456008710     
  0.98078162739687635       0.97190526553379486       0.99844575671828528       0.89355686022028502       0.93385274459691980       0.89149196682808718       0.95856834621476761        1.1016667636229069       0.81244642196666927       0.82158882887753926       0.91206318772011807       0.90479081833945862       0.89915519773628116     
  0.42187683783280122       0.76844168619545028       0.46513752496112848       0.45166231524466799       0.44392769265770787       0.46677349149448427       0.41675330189486764       0.40538199181761941       0.83136585485412773       0.37684420849826628       0.54208786185823210       0.52755448362281543       0.45194052775963706     
  0.86547979584771118       0.93961700112982360       0.94471907401784228       0.83819844716821190       0.74976416058016215       0.85231845212197732       0.94632786695911131        1.0536847047032440       0.95310790531137768       0.85800441400082617       0.86352130901637170       0.99963072275031706       0.83502406922336259     
  0.44725785448473515       0.78459356620486231       0.48895087547742988       0.48053700446689851       0.48033574563073655       0.49641385614647854       0.45769586494444076       0.43556251628988840       0.84333719914232042       0.39194529757865804       0.56941228743013239       0.55600063624786433       0.47797611046617172     
  0.84166081025911221       0.88288830586439648       0.84166218746837140       0.91546447616364246       0.88590540792766426       0.85526058738753785       0.98287054454585132       0.92699650081865481       0.87560810141761025       0.92923152072633786       0.86997447311317111       0.91836533441184631       0.91851058806984520     
  0.47278877064193942       0.80086999479543375       0.51539837894112350       0.50509785141587160       0.51752070941849793       0.52410257827095219       0.49899763320149421       0.46707013037867617       0.85485981381153375       0.40878718861288083       0.59925425655617948       0.58234915193110204       0.50528855054050359     
  0.91982775272758921       0.80951149851642212       0.85252201865974386       0.90145651648072311       0.89492201843042007       0.85565645147990854       0.96847133469894242        1.1230873273356474       0.92229489022767230       0.91710313129414667       0.80230931272618078       0.98352019807118041       0.87475159046708084     
  0.50067461780020139       0.81602948058432567       0.54381782575637161       0.53169826581534907       0.55114751562187558       0.55010807559207830       0.53892584903252228       0.50124772541202278       0.86473697867436483       0.42445079051054707       0.62909395310217697       0.60603387178615487       0.53389278406221841     
  0.85916610612111588       0.81859834006511079       0.77432377874153657       0.81698040110831005       0.91135630303869652       0.87217731379118313        1.0528876321396126       0.90273455096046995       0.98238865550608234        1.0162297721484785       0.93821234082418148       0.94442316482141009       0.97642023699900349     
  0.53339069364284308       0.83027273215466135       0.57353882524647837       0.55987655837969474       0.58351397894845236       0.57490226981139203       0.57930106179486807       0.53790854179539560       0.87356768175970168       0.44124568816936227       0.66148432567172255       0.63120924591455874       0.55996077449623571     
   1.0422304462169929       0.95078607248842573       0.81493753098962030        1.0690400324793479       0.92643057835168774       0.91018435464745673       0.94227788957158032        1.1067560299518395       0.91952767261243706       0.87364045252035094       0.86875005936391048        1.0181604515328992       0.91642204022017826     
  0.56658285606776526       0.84375481765981375       0.60306632183025233       0.59121696139837243       0.61645042674266382       0.60348319519166060       0.61833756165436404       0.57393212203377653       0.88193353088364757       0.45703983229723388       0.69517704669077696       0.66017826520002243       0.58317011465133795     
   1.1112165686198390       0.81436406068724665       0.86129431078389718       0.92252558201036949       0.92606014494866284       0.99920785548227420       0.89125557954287538        1.0378374481373180       0.71352302268241641       0.80898487363492477       0.91006848885017988       0.95209330425105998       0.83098951658774667     
  0.60013011241841940       0.85613186821132181       0.63178898046138943       0.62413148764539850       0.65259141602890869       0.63360391594053023       0.65688615830729791       0.60897396559673111       0.89006580077286745       0.47384453921427372       0.72590336449898984       0.68770305559036726       0.60692932028879965     
  0.89970359562480595       0.88805801293357289       0.86591766177783935       0.96157432241244545       0.91542933789067793        1.0011535093475992       0.98907315832161102       0.88612331884159135       0.83381516527233501       0.83413349196283648       0.95490535030853918       0.97370482909981493       0.77866225503924236     
  0.63282744526191059       0.86873235880255717       0.66069481188112944       0.65412455489614896       0.69023295201618973       0.66509518843432414       0.69316954784365348       0.64320445783296543       0.89808523069887836       0.48973629710340366       0.75489056573711977       0.71397254377911357       0.63541009816718164     
  0.91263424463673803       0.92417005835657184       0.97887200637358673        1.0546286892216623        1.0333475637944074       0.92702751867601996       0.88470056912244799        1.0382251782040310       0.85421013521472300       0.86358073384445588       0.81743547898411018       0.96134281553992906       0.72927346288777561     
  0.66627882379373560       0.88122183090605977       0.68770084978236057       0.68429701719108715       0.72782135701818507       0.69525426527549350       0.72970839459433312       0.68001483257564466       0.90659645820285084       0.50541590140168302       0.78308538347331580       0.74021353703122339       0.66907387967292875     
  0.93785176273333581       0.82312116056199591       0.90328673706115892       0.86581392330498863       0.82617734927053565       0.89908477032654932       0.91970086993690525        1.0809356949227305       0.77266650459711805       0.87163783210504309       0.83864561598587206       0.81458831466174297       0.86685953484195188     
  0.70010248230322181       0.89342809480039886       0.71293029454197809       0.71573243728022540       0.76474862366928098       0.72594115108764090       0.76519221123890735       0.71436074011094841       0.91545997389259226       0.52151495453009578       0.80783709398591408       0.76873227808224609       0.70581483827293123     
   1.0142732573784425       0.85546170857821058       0.80981666604369507       0.90050850564649876       0.96106249737149085        1.0271498032429447        1.0472175236743537       0.85967076947323307       0.90052768351981272       0.88236117911047984       0.76852719707295647       0.86388968455620974       0.92294177428215984     
  0.73639059196732215       0.90388311616965078       0.73852805765440799       0.74995772995444177       0.80075849959399292       0.75598042495102147       0.79554295932290575       0.74867760318385335       0.92482265743879144       0.53920181290265967       0.83424415515296735       0.79820493709338380       0.74216912508576816     
  0.92201162158620664       0.85854426179241450       0.81013402818136371       0.83041290692272429       0.91137006649348740       0.82197107744971876       0.90459854318740851       0.85565553570034580       0.89267308917191113       0.95171958431386472       0.96214665886922235       0.91562257668402447       0.83205999175839762     
  0.77155951335590656       0.91376130922101118       0.76647137158665291       0.78235930357587125       0.83543030700729792       0.78347874566783482       0.82296550171819383       0.78313834182117614       0.93342981657642032       0.56082445369278522       0.86074241709547039       0.82422499375888469       0.77825905891420910     
  0.96785877398784792       0.87462323406448628       0.92048071517677177       0.87927853884192642       0.85431920435192710       0.81605541662424719       0.76694568331851520       0.85359065220818831       0.85636203237081243        1.0510533824280146       0.94021239329309458       0.92850508071637938       0.87540801935178458     
  0.80446665912327642       0.92407587344106079       0.80059868366248921       0.81276038739950129       0.86837995377206600       0.81143487307171180       0.85166178268797454       0.81663917694633303       0.94149098479922522       0.58326616498862593       0.88772851039633405       0.85044509680928360       0.81130874175448053     
  0.96134410707880735       0.88707601589683049       0.92681298500773257       0.81518334206688492        1.0651284790271180        1.0535946361898154        1.0341964889423665       0.88152113895205286       0.83500202540146251       0.92203627556499013        1.1006212975826724       0.84818532205221941       0.89181836193265285     
  0.83660418537369063       0.93450002968844104       0.83607684377806690       0.84203156213257335       0.89536790133007493       0.84231911103008172       0.87842678964884557       0.84951647601822311       0.94955090755908711       0.60593565601203259       0.91387931452596960       0.87184815553241890       0.84333945704682611     
   1.0311650788681379       0.97250748019772737       0.97766368954221283        1.0776525296972757       0.93631336389053721       0.90413912982645028       0.79489992878999749       0.88698089234608368       0.88415667902041184       0.85419618136239506       0.91118634423815537       0.73957019300931826       0.96027871133932086     
  0.86884187202140162       0.94573530844041287       0.87193780165292578       0.87259647726866485       0.91835631104267135       0.87215615589880946       0.90452387044792937       0.88005120252098912       0.95680034883729403       0.63290608694011863       0.93760174358948756       0.89523774165106274       0.87488517731030335     
  0.94386353443545790       0.89203677783810120        1.1457908249211426       0.82859563642523237       0.81906570779311438        1.0070583406850486       0.83899482950267379        1.0442590182867211       0.83331230253183652       0.97840661822912856        1.0475749977737638        1.0663994428540575       0.93804561795287567     
  0.90153295291966673       0.95677413240141818       0.90430128287349620       0.90598461396333507       0.93991355944282751       0.90265961690261953       0.92854210867184384       0.90858834583277004       0.96455635152673358       0.65634960182849122       0.95547212719966523       0.91768894062671524       0.90437227400656472     
  0.94986882048260224        1.0211740740523021       0.81388991362498853        1.1188529560737468       0.87797115114926438       0.89312170579213279       0.76934680309701875       0.93200188198153378       0.88586356150880541       0.89992386467559704       0.96510329813175111       0.90270538502922804        1.0297017650442382     
  0.93448104683053645       0.96742436613619176       0.93595945585082740       0.93879733785095587       0.96068390063186404       0.93164216985616388       0.95208697339789305       0.93746602909639032       0.97272323509705638       0.70278433725828138       0.97158692375474942       0.94304812414377814       0.93625653991514579     
  0.91248509309813297       0.90037635866713661       0.87256521905006679       0.93819287155935871       0.88432248049577977       0.85031851135358949       0.92911727636421859       0.87339991734607270       0.94754383144713838       0.90533155766737961       0.82910947809482616        1.0123668327954769       0.97403469108449647     
  0.96777844428199744       0.98278665078134275       0.96667449612254808       0.96950238807021649       0.98072448666407297       0.96520054999134741       0.97657128264639448       0.96683277478000118       0.98356548695615320       0.78017546550309980       0.98627074232719303       0.97030793842348584       0.96817564788430843     
  0.92155062835295887        1.1981598951705537       0.88696956403591198       0.89667928251600770       0.85838492013156187       0.96509283684074954       0.98236815345667261       0.88994717625559483        1.2135504975091944        1.1618780522672443        1.0701069545896715       0.84341741001271986       0.90108808266330165     
   1.0000000000000000        1.0000000000000000        1.0000000000000000        1.0000000000000000        1.0000000000000000        1.0000000000000000        1.0000000000000000        1.0000000000000000        1.0000000000000000        1.0000000000000000        1.0000000000000000        1.0000000000000000        1.0000000000000000     
  0.86809089669379857        1.1209269525626357       0.98243426682224344        1.0276440335031267        1.0422906293596290       0.97239820462807003        1.2427829623221394       0.81675521558562070        1.1342801807993430       0.96397488868435455        1.2203123112619139       0.99773317874475065       0.97517844693454558     
  -3.2461895129802665       -12.365459248072469        3.7432361737835542        2.2984551496557115        3.8502592445243717       -1.3076925698345663      -0.68903640509975450        1.5460880316638952        10.338948119592777        9.2842834711830164        5.1784472095716669        7.5711571872939203        1.2668955852356163     
  -2.1199762016778876       -13.071752509997243        1.5792725011923248        3.7007041898450419        7.9489970208609178        2.2047607383117325        3.7514912817588626        4.8872853115031756        18.338103774345466        10.630382691146860        4.9782788641243343      -0.32420786664377665        8.0080823793293234     
  0.57153033770754158      -0.63786729809496068        2.3394610208642241        3.6790497841956036        3.8787950457976970      -0.92838407262063316        1.9740255179196744        5.2566865654776613        18.921129119304226        3.8620690405173734        5.2927837495509999       0.57036413886285509       0.44095743055120995     
   5.9419571868463583       -1.5700480708364364        3.0746572441107554        4.7997186192149064        1.9978857060098429       0.44808932243459093        1.1054071832716232        5.8935696009158560        17.351144946520591        1.2980208759457306        4.3986076076059550       0.66756763401211061      -0.65456887058566871     
   5.5723845293667766        1.5956117434812396        4.9191719617595657        2.6556941416046818        2.5754152781018274        10.467879544851279        1.7741423901991389       -1.2191523742007102        8.8075063719788282        1.5189832372987577        5.1783769409867304        1.9072859316238813        1.2399649113413678     
   5.3121049062799308        6.5782984003775198        4.1559831345009979        4.3582767920594057        2.3767715266459226        5.1983639812993321        4.7179194259296739       -3.8007346492650385        4.2181515206295499        3.5415008711018587       -1.1305322096891242        6.1565820308006618        5.2572528292766583     
   4.2417910992174148        3.9308702625476517        5.5509762606611224        2.4369428097785164       -2.8017497019369388        4.1523302784272138        2.2790440224802828        3.3092966582473973        4.3858115108056532        5.7232914757559170        2.0137233716911860        4.6249078710669975        3.7917596735239920     
   3.0978119818598899        1.6026993670464698        1.6931000214278478       0.53743032217472597        4.3280896811067340        4.1431762339208724        11.381377595328821        5.0226118030133682        1.7227292630049851E-002   3.7721399119442491        3.2216215702931565        3.4308219045736790        5.6658950481693191     
   1.5541685729864701E-002
           1           1           1           1           1           1           1           1           1           1           1           1           1
   1.2196910792358344E-002   7.9523062067057664E-003  -1.0735483709624267E-005   2.6275983492426369        4.3611134785539210E-004   1.1935304870705515E-006
   1.4310547395690688E-004   1.2023983253234539E-004   3.2238741772477967E-005  0.39245219645245127        3.2189875080118759E-005   7.5635030676863424E-008
   1.8026669479312824E-002   2.3939562431192836     
