   0.0000000000000000        0.0000000000000000        0.0000000000000000        0.0000000000000000        0.0000000000000000        0.0000000000000000        0.0000000000000000        0.0000000000000000        0.0000000000000000        0.0000000000000000        0.0000000000000000        0.0000000000000000        0.0000000000000000     
   8.8818572782616609E-002   7.0341423577818224E-002  0.21017387707152224        1.9644958956930390E-002   2.2453592560884212E-002   3.4767610113497896E-002   8.8495769394867484E-003   5.7885564521422767E-002  0.53865279328716720       0.19240932005081904       0.10777721880836069        1.8350052221189277E-002   3.0460218821364529E-002
  0.85181694888852488        1.5111442904526520       0.94341923896358371        1.1111100667573970       0.91276817484206885        1.3138999250625587        1.1630406254085717        1.1722090080505692       0.96284428703739122       0.98226333674244792        1.3586739478242111        1.1890678226338287        1.2179640407191581     
  0.14035223971816840       0.19723239705920098       0.39711691610262628        4.0219734869941959E-002   5.1060261076498456E-002   6.9351829880741248E-002   1.7396876623882413E-002  0.11701749448746197       0.73322185615228486       0.29378767013996421       0.15634937732872986        3.1300978066576647E-002   5.9054593241600797E-002
   1.7458973031490996        1.1465731321290191        1.1398606556634432        1.2440375975632607        1.1245139985041237        1.2600466072603564        1.2961520261082187        1.2590018104728675        1.7542578202685404        1.2267759081382597        1.1628527838395779        1.2947856153674533        1.2351424841178809     
  0.16958616753732203       0.47426580617004699       0.53036378262358141        5.9787861736593409E-002   8.4069292238635115E-002  0.10006939512600965        2.6338320262606019E-002  0.15037332342298770       0.79291204514994418       0.34102297699416939       0.19589619055099272        5.1080520046809200E-002   8.9133819617629409E-002
   1.3089568336191251        1.1151192995088244        1.3727132787499474        1.2037807130491354        1.2380934930929444        1.3534828981308951        1.3172541459553118       0.98777555523192939        1.3116279086441158        1.3447410698146509        1.2183889830490087        1.6720990875282851        1.2243250520588467     
  0.19327900574055634       0.64713032667872383       0.61960578451142045        8.2477977031509025E-002  0.11135992245699577       0.12890343371201116        3.5878067872350136E-002  0.19456866912656615       0.82686388868508764       0.37074803512325238       0.22601707969960427        7.8782198943571358E-002  0.12351557969778586     
   1.1023137864668888        1.1550367021462224        1.2646389835345553        1.2356168247313501        1.2834430767319467        1.1478853591711018        1.3186262695696935        1.1881249984981466        1.1191979975291380        1.1649370472162188        1.2248985182240641        1.3274387395444782        1.3905920531445894     
  0.21470796496919145       0.78301366036064823       0.69161410378434762       0.10712568851235735       0.14189471846334636       0.15693063037993848        4.5789523777991656E-002  0.23072604104607627       0.85200276586143575       0.39876795592107434       0.25288929122068277       0.10684629636525350       0.15768723139077589     
   1.0940952232299954        1.2707459204954830        1.3875250472771039        1.2181454151742916        1.0840447471156998        1.0367725002982451        1.2149056682070158        1.2914800273091174        1.1773047377814507        1.3245097018999656        1.1793377421355531        1.4306462161211964        1.2500681739446486     
  0.23891107356220848       0.85863929235322023       0.73498662302285012       0.13057930013247482       0.17651722917313503       0.18398691704075551        5.6304607030283865E-002  0.25670995518768663       0.87027782642054508       0.42021687101750171       0.27898893481472031       0.13406121357131395       0.19170022296900271     
   1.2888203179553439        1.2564548414092658        1.0440304794986304        1.3051522232688713        1.2399262038278633        1.1275836771832575        1.2981790667066784        1.3696067885440180        1.0186661070361005        1.1010380642975610        1.2432089873377254        1.6897974075459652        1.1670104748140822     
  0.26178373349964162       0.90487634799352179       0.77087852393853973       0.15501702816864901       0.21005307611187063       0.21296089924591713        6.6360815080672098E-002  0.28231667635267915       0.88516137354278035       0.44276923741902252       0.30402145054578150       0.16130532240824161       0.22600003508058447     
   1.1004426410630608        1.0950542646095778        1.1242881127146374        1.0820713391231687        1.1515469382480121        1.2846378951285340        1.2104160858917636        1.1843789802324722        1.2414886615197824        1.3268640749256277        1.1077770794266504        1.0900977177535509        1.0817332767632943     
  0.28036681563798826       0.93146347531041396       0.81103362381409250       0.17825928276716577       0.24002643323933326       0.24555466923244618        7.6400454307635410E-002  0.30591743001270855       0.89874700142904240       0.46165074384489363       0.32892213406563248       0.19093821977373526       0.25739235763403728     
   1.1233232542162228        1.1357050176457824        1.1467839312790167        1.1584295488254870        1.1116461444895034        1.0749454300402432        1.0754796937980196        1.3286374119815196        1.2614374515381055        1.2523630669903658        1.1457876925443640        1.0465540089169185        1.0941096484245083     
  0.30961389206522905       0.94883021498308928       0.84053425432800299       0.20021792705872710       0.27118777708549058       0.27763506806422017        8.6886544375414931E-002  0.32973503417604044       0.90958935175335465       0.48128458739008423       0.36294940740198645       0.21907209911946504       0.28821391140301733     
   1.2569488097458661        1.1197431571720866        1.2415633441628129        1.3487116735676223        1.3040862376700302        1.2776367421825159        1.2783035713149997        1.1537786123046045        1.1442603329835432        1.1184136984915278        1.5326938021362229        1.0746053812841310        1.1632371378056767     
  0.33939183246821802       0.96068367960700851       0.86442453462104318       0.22525246150024658       0.29985336649573602       0.31281817245795379        9.8771610000040838E-002  0.35341623893894414       0.91661378458556131       0.50648411418663064       0.38860256925826170       0.25055685878258638       0.32314445627342520     
   1.1910355445735823        1.0985877191419231        1.0121393592345829        1.1796849253919302        1.0527982581263400        1.1925496348364999        1.2400192101961549        1.3499861019541122       0.97885142934081171        1.2291478419171311        1.2490247320014667        1.1744241202104311        1.3282014041991044     
  0.36536010638228644       0.96897373834030964       0.88519704374461194       0.25162151270412819       0.32892464874921606       0.34248547963336667       0.11111827063224758       0.37368611303693045       0.92506993392162529       0.52373474594966862       0.42464562389106991       0.28831569119023792       0.35389295165409757     
   1.1654076703586003        1.1022064573911357        1.0793046566249713        1.0472820641414671        1.2702089021069940        1.1815753769423707        1.2479798210067938        1.1861663231420414        1.2849835540215642        1.1989756567949623        1.2150222594069384        1.3396883394752443        1.0287265127458030     
  0.39479061719284708       0.97435082353619862       0.90252036938211944       0.27754194960701228       0.35951102672020691       0.36848276555765197       0.12398458782397950       0.39520162105846052       0.93298963021528925       0.53719411166083797       0.45489996808118194       0.32592509237237594       0.38112692013572880     
   1.2370246669861273        1.0551209729456770        1.0903510381235886        1.3804473863593645        1.1296740434100354       0.98523758392014760        1.0678247207775629       0.97478510864131240        1.1522060174739008        1.1632643485230012        1.0905229769013425        1.2241561495606057        1.2575619071906090     
  0.41861165136720641       0.97881064326802891       0.91729526289996766       0.30582214690601173       0.39162212984284767       0.39835348850981933       0.13886067544436376       0.41993950044023981       0.93816099831525279       0.54960091663151789       0.48605902274372520       0.36336635128971345       0.40578672263214222     
   1.0594980847758293        1.0209015229140994        1.1843911458931469        1.1088327449745656        1.2305279594665963        1.0726379857812542        1.1424424319905588        1.2811371391743931       0.90091747303115022       0.97898388797180391        1.1288639369026665       0.99864728468354713        1.0691381107184397     
  0.44217531321005771       0.98264762079673207       0.93115804206897268       0.33473012629374238       0.42414088628746871       0.42595148688177953       0.15428906197409076       0.44677173640980272       0.94571495781113257       0.56483962082134409       0.51671562036107554       0.40042611420640040       0.44089895085428948     
   1.1129369159800166        1.2192496438801304        1.5700025460364326        1.2419571224570696        1.4395393278806166        1.1413946225716558       0.99298548569028799        1.0794530173296473        1.3353046158553927       0.96849482733231396        1.1185067396019523        1.0268202068776404        1.0545610682813598     
  0.46132590631552189       0.98570067505611869       0.94238383455165675       0.36337170771973498       0.45862581630615140       0.45331656179905649       0.17117018569076534       0.47914530131364946       0.95173507386129941       0.58207675605236298       0.54904192803021690       0.43764416449066640       0.47456324652891346     
   1.0116115465952877        1.0660762663624428        1.2415729235439326        1.0778074124156041        1.2549933500922057        1.1411138330825066        1.0038348549506717        1.4350368578657122        1.1762483765679916        1.5070699307020994       0.96921791600424434        1.2018742444355786        1.3944125281033430     
  0.48398665338024183       0.98830875875712332       0.95105227212891830       0.39345073330097791       0.48730615409574179       0.48896947573703775       0.19338935231435014       0.52034302260103737       0.95700226502609309       0.59863323794327861       0.58092149245953739       0.47689111831995556       0.50756219134712854     
   1.1433489187851056        1.0692018536506904        1.1715875783787775        1.0543162279079976        1.0047919661376792        1.1862989673553406        1.2360606889246408        1.1126604186068296        1.0387164289262711        1.3049469572316481        1.5051438636031240        1.2618290163479216        1.2901638963809348     
  0.50638816344193038       0.99046682778462891       0.95840841354082484       0.42590668649955066       0.51843331883507349       0.52164338789219433       0.21181347973230918       0.56043516884150257       0.96179670532280270       0.61318146464976431       0.60913474019049751       0.50815558438025665       0.54293060023340967     
   1.1330040600712967        1.1402345305344639        1.2668171072522956        1.1563550632214479        1.0773471339161829        1.1387325090222769        1.2902461818073583        1.1681693966990381        1.1372600466572977        1.1894959660188307        1.2090359553322381        1.1684332215292483        1.2718883470547666     
  0.52949621358286925       0.99224181562045177       0.96473098503344035       0.45792640071531332       0.55097134437410322       0.55578955090576843       0.23502729824867924       0.58996635448477508       0.96615206418962529       0.62844455595035609       0.63275291942907874       0.54493330714906885       0.57516774234311274     
   1.2544453561899933        1.1673361538565212        1.0761927292735514       0.99209134666096810        1.1795134927081878        1.3409630367663008        1.0939187060179476        1.4237477188695027        1.0416350831566379        1.1103973969829777        1.0052374882026207        1.2616453124780658        1.1675724135243071     
  0.55207017962718319       0.99371802522644748       0.97019581497782259       0.48833236020415277       0.58352727817395478       0.58949546576380252       0.26097152870472973       0.61264406034355590       0.97015335053545848       0.64160623497843738       0.65496803207814447       0.58316448364490014       0.60420910396751548     
   1.0177957864012861        1.0424608131828559        1.2012022085162775        1.1828651151663192        1.2528426439835079        1.1345317476131385        1.2458472907054037        1.5240624492339339        1.0966424031792184        1.3181643021384428        1.2215831428138793        1.0192262239650780        1.0856806482184116     
  0.57498289455060259       0.99493163874780122       0.97483085431706995       0.52114718859226761       0.61852983197810352       0.62159526240913898       0.29025457451987852       0.62967787177795176       0.97389982914132689       0.65472124612578475       0.67706552964736844       0.61585260774896056       0.63329957162371442     
   1.2308842757844927        1.2535562443828008        1.0423303736050256        1.1532397325421735        1.0921895899195102        1.1880329079362888        1.1348673752268370        1.0537411983873868        1.2695477034569032        1.0797964220868874        1.1900506484698044        1.0109007531507990        1.1080267213566928     
  0.60032113619887650       0.99591104798837682       0.97930161108865110       0.55703351730796768       0.65872004644884374       0.65413040135281031       0.32217754626214890       0.64678150483947405       0.97707946720588745       0.66847957589181761       0.70045627622898787       0.64838728444584681       0.66066486854589446     
   1.1961549614932847        1.0333062357399034        1.1305081047670502        1.2401302858329151        1.2428002556290976        1.0549116337195499        1.1274241486354084        1.0884241767975213        1.4607596171869532        1.1836041508080182       0.99121184901108594        1.1336576876953448        1.0165688564771478     
  0.62835141520566840       0.99674015668801197       0.98293954051925991       0.59366642014042681       0.69006959008009072       0.68756338460802902       0.35438209149522426       0.66831593938652278       0.97975544824537952       0.68231094348908605       0.72513436171887169       0.68243875706996437       0.69331230829357759     
   1.1758830238431450        1.2596200670475393        1.0415143445299750        1.3127530763348991        1.2484625282520252        1.2785610722384044        1.2995762846338179       0.99298865163472660        1.3993267639489921        1.2181211204209861        1.1424232757305492        1.2181185382905164        1.3326422587527220     
  0.65553435177087338       0.99743912432334880       0.98579884646002180       0.63079302237465129       0.71718348860727243       0.72037855206123680       0.38609130376983808       0.68823348567394393       0.98218472370848098       0.69734617805637034       0.75095695933816897       0.71541736500614794       0.72926567137501197     
   1.1489314008519267        1.0096016801844465        1.1461438537695889        1.2119632585281301        1.1726498230809761        1.3167156361269663        1.0194457700267852        1.1495507140432588        1.0774581659474498        1.2163751961614855        1.2502265090446898        1.2350830735171301        1.2774662423715291     
  0.67810610517205294       0.99801592299348685       0.98842186423925216       0.66867369939390708       0.73955952354213395       0.75329999583130969       0.42707282824702381       0.70654526116565086       0.98444207067015854       0.71316228319842145       0.77709355182440099       0.74698835431916999       0.77066685413342362     
  0.99960396187172995        1.2587647892859801        1.1207379835794418        1.0680792178310985       0.97907733481769832        1.3529867016306674        1.3293558839137223       0.93927608895826897        1.1253854732657862        1.1425589475166862        1.2704301286542232        1.0712123594875964        1.1528830477189418     
  0.70340953602590162       0.99852789486351101       0.99050195451226786       0.71094375424880873       0.76420700929515628       0.78654402415271552       0.46504842547616793       0.72884635835586820       0.98660515006125127       0.72966921004464291       0.80344666042826574       0.77925867902205859       0.80199999518760490     
   1.2883448327853000        1.4927107267398658        1.1869204998427150        1.1091572454714458        1.3825263745245799        1.0590021745610334        1.0313949529023378        1.1726969977255757        1.0886659754973158        1.2008822819017149        1.0260265101488506        1.0749064250499809        1.3128373485935700     
  0.73375441768357630       0.99891126021347965       0.99241046292567359       0.76171497484101036       0.79361512401030920       0.82027371673636917       0.50839250211837295       0.75175215406915041       0.98870324142341126       0.74947811176290513       0.83067264857920631       0.81442153863954914       0.83626924225938226     
   1.2598524375843418        1.1290229006640775        1.0254947190243922        1.1202332335506568        1.1042498138524579        1.0378547564732845        1.1125659191317980        1.1299352003721770        1.2647095542696605        1.3225526595365735        1.2928477800088758        1.0398321284546896        1.1311242368277830     
  0.76213911314786154       0.99918257493957585       0.99423033216782630       0.81109853408923682       0.83366892851285745       0.85396563934908420       0.55798955991187082       0.77560267261324256       0.99075842977510553       0.76582625628744316       0.86021541303201710       0.84942682380733803       0.86304351203435170     
   1.2431283954236634        1.3185341167128815        1.1891951305858159        1.3024470726290640        1.1705832013141448        1.2403727576752788        1.0628489734879105       0.96543794661336024        1.0620629568265880        1.1534160013136512        1.1638923434056598        1.3256225994205566        1.1598585339567353     
  0.79419612368417136       0.99938803561755474       0.99585555539647941       0.84500185757090140       0.86865664643380014       0.89283548566848125       0.61606998936095425       0.80522416861669255       0.99273254222473073       0.78827446984400706       0.88953571650334307       0.88579235171294679       0.88618699696548042     
   1.0847268426415280       0.98120615784952270        1.2726793165630250        1.2989327395851618        1.1695957000634316        1.2555908891592353        1.2794008177439287        1.0444089259115994        1.0679492882544190       0.98956005743513076        1.2761344488195432        1.2493636266563892        1.1297104268060059     
  0.82920741161282174       0.99955745161011555       0.99721122568471599       0.88989321805561361       0.90441436826628074       0.92450190525404907       0.68845427224984301       0.84138757406259235       0.99481706343641185       0.81028782075322570       0.91862750458396281       0.91603474925245776       0.91157550529649489     
   1.1654715496935484        1.2017479645340694        1.4073847513555044        1.0162161986039149        1.3606977924466004        1.1700978378963585        1.1678857212241631        1.3427815495732478        1.5308798063904938        1.2311989890428550        1.0991095113416567       0.99997801676301445        1.0635027472182774     
  0.87004064634742728       0.99972466497128298       0.99803874605046694       0.92518792093111879       0.93742221750019006       0.95287303069370122       0.75214037543102630       0.88499307385537707       0.99621678889346132       0.83573185042015063       0.94725929947369236       0.94672484456490602       0.94048727352332995     
   1.4117863150425765        1.1893119118122113        1.1813980229308265        1.0624796160808518       0.98606658531453195        1.0840744265712108        1.0370540975912155        1.2318505270774571        1.5105622895837580        1.0209789873819042        1.0501014171275116        1.1044789008784055       0.99643531077870706     
  0.92281876062733625       0.99987344153898428       0.99897189367104944       0.94978302594902742       0.96889406106458287       0.97877183472485618       0.83474940363945582       0.93727719862596215       0.99792997310872467       0.88867775239456737       0.97412048071288437       0.97483202048454598       0.97160177103057865     
   1.3112799691474624        1.6316278966049163        1.2252615438691186        1.2408341533505531        1.3126176810299655        1.2017312176304937        1.1191415227017427        1.1673472626834596        1.0782417266371151        1.3400712772636243        1.1191446640761149        1.0913258422167920        1.0601364005714029     
   1.0000000000000000        1.0000000000000000        1.0000000000000000        1.0000000000000000        1.0000000000000000        1.0000000000000000        1.0000000000000000        1.0000000000000000        1.0000000000000000        1.0000000000000000        1.0000000000000000        1.0000000000000000        1.0000000000000000     
   1.2109085199812233        1.3762128278763128        1.3400667203175924        1.3219243476914666        1.2859319500042909        1.1496091447829504        1.3517430233582122        1.1745627746401242        1.0022568940739880       0.96255135396153024        1.0921548372409395       0.96408038327144463        1.2963538109968959     
   24.173210257572798        35.854040838185384       -7.9819833616624347        41.720915867364930        61.824260973797429        74.317522295725979        49.217895062115289        43.700155364324040        35.573140179233874        21.725493252510162        61.176870912350708        71.823809439440893        67.524401030920984     
   48.052883821722119       -19.726390057931940       -3.2334747808749627        74.258897044631809        37.549297957788006        49.812146601974412        69.610129726531270        51.871033225763021        31.673107612339599        47.595565289109118        39.191227419431691        62.315902223418782        40.673471764467038     
   65.691390890417438       -14.993902152940914       0.68135795436821667        48.922691867139207        70.053689688553007        38.969441068489324        30.612567488082398        23.651773117371114        19.586223927866357        39.905504609591254        72.943758292563516        62.918491803952563        53.127809315719162     
   63.547774493377993       -14.395404345178795        10.109895163701273        61.355295839383622        50.004492719899964        38.468374078782503        23.888861265325268        14.345843852271194        20.507007998204301        47.158358157480222        50.413946074701506        67.088847892326783        33.938697941352395     
   67.737926512126478        4.6218102119264586       -559.96230606854169        59.973748604849625        49.601227374503139        33.798424342258890        31.427991240390845        78.161563046347098        6.4640171512508022        58.601519517518888        32.922837807934627        38.058573677732696        40.121811006877245     
   51.523371543051312        19.706433692577320        12.957965488997495        53.258768648128004        35.203799174568275        62.813001763098768        65.428882931431474        54.282345883928393        25.069718149167834        48.869412952889377        49.440536309013986        29.592257009510448        19.407388543486018     
   24.290516118919285        17.584386972286225        15.747450983424857        34.871687449682426        46.848726023548238        45.762289377880904        26.662275848382723        82.505086248666004        37.591411244728604        51.296123149889802        64.056276829876083        57.698873890535758        63.368448216873965     
   33.042618109071633        72.053662318241990        78.887125444163814        28.368244690017207        49.931623477381436        46.439369221117737       -1.1107436138655480        58.352325010148128        67.277526528661625        72.884504605247585        68.060211435690917        26.917850344862778        55.025999746211916     
  0.59667311736574136     
           1           1           1           1           1           1           1           1           1           1           1           1           1
  0.11308716323114119        1.3053257981229371E-002   1.3691345053860251E-003   43.116394303190347        8.7190153003641642E-003   6.7430763380508239E-006
   3.4245715472329937E-003   3.3330652723013504E-003   1.1889145934952028E-003  0.79851198431353221        1.1882095892399296E-003   7.6451208420218734E-007
   1.1725122735769571E-002   54.888153830616496     
