   0.0000000000000000        0.0000000000000000        0.0000000000000000        0.0000000000000000        0.0000000000000000        0.0000000000000000        0.0000000000000000        0.0000000000000000        0.0000000000000000        0.0000000000000000        0.0000000000000000        0.0000000000000000        0.0000000000000000     
  0.12843026939500701       0.22615439632428713        9.2417525887367527E-002   1.5250524033281870E-002   3.5760983164718138E-002   2.7514091907400815E-002   7.6436166937225589E-002   2.1057399707410378E-002  0.39400744034813007       0.11311168720817910       0.13067706879580029        1.5142813457197125E-002   2.8572970894897170E-002
   1.3208936841348722        1.5505323947925822        1.1654187115744450        1.4085198371551704        1.2448703478827705        1.1217516606607922        1.5396827055274671        1.1607727548936622        1.4465084797624190       0.96500050551759187        1.2669289676745286        1.4409319734158159        1.1607778480674149     
  0.15981839156885011       0.35381447615475325       0.19085844345286301        3.1800909372831559E-002   6.8005548662446097E-002   5.4896940224282931E-002  0.11255001598679476        4.1422593373723698E-002  0.49764877225728293       0.20810504850094036       0.19989741851003423        2.7245679325088101E-002   6.2259330215960078E-002
   1.1593946375203183        1.2949598597260339        1.2438179696274108        1.1007441354401317        1.2150433853772631        1.3788730826972535        1.4558647959389659        1.2836479204460798        1.3926309587680525        1.2360666797468292        1.2680546020371737        1.3366979160552761        1.2630022838184696     
  0.18747273164134204       0.44514729477569609       0.29116614173621047        5.0717468819422420E-002  0.10132301920237395        8.5456362527431093E-002  0.14086040746350306        6.2958814389776394E-002  0.55430814618458046       0.25105993758574069       0.23874302649695081        4.2475382807387774E-002   9.3117427480050294E-002
   1.0095437262211389        1.1477424741706086        1.2920415099334934        1.6842743360587082        1.2839353797978175        1.1514164390198356        1.2761496430977901        1.2905297236927995        1.2272798446042466        1.2501539231021359        1.1228830467268756        1.3816158204186562        1.2701618593065962     
  0.21946441197084721       0.51889176736748066       0.38649867311540714        7.1387521529777259E-002  0.13267202514479259       0.12105779777465744       0.16620648787885758        8.4295323289747023E-002  0.60316982294965427       0.26896062216861744       0.25878255876667194        5.8119515428668382E-002  0.12427186646850208     
   1.1977223960192782        1.1799994505087927        1.1199209431772765        1.1702445135595749        1.3356381695650217        1.4405658989319639        1.4583783351317741        1.3655002422202305        1.3927794765137640        1.3513542523424094        1.2221815913040655        1.2932564528481387        1.3545582230842910     
  0.24963701024065946       0.57428782098437514       0.45856627415637663        9.1290789008856649E-002  0.16536717670540474       0.15726941358296653       0.19140112332478679       0.10363436638688148       0.64097103272299638       0.29029842914635329       0.28543410231376865        7.6763069937077585E-002  0.15397062373440296     
   1.1415233808625698        1.1735974991419511        1.0815552365556871        1.1821092359409591        1.1313296173192664        1.2758658512808749        1.2754951703159099        1.2117448530293642        1.3521567893768605        1.2768245780034224        1.2277307685720147        1.6630817506775644        1.3089925171532215     
  0.27709921660180153       0.62655382441306950       0.53000230367487156       0.11362848678100432       0.19761640196128094       0.19213690175090986       0.21863131832080984       0.12696233427915632       0.67565551570319871       0.30873108803467225       0.30871337281584960        9.7288930937149104E-002  0.18365477465876728     
   1.3522100477079948        1.0890485763154965        1.2111593762431156        1.3243905990120075        1.2623951230365431        1.4165254357130199        1.2869860865642642        1.2955140319147160        1.1706182200827742        1.2874073977110534        1.2979606564712636        1.3548199099490692        1.2743945314401859     
  0.31018691100689633       0.67105886941385906       0.58172505534596797       0.13477245582158962       0.22464229610775782       0.22491252601958137       0.24464154084856546       0.14921862123128488       0.70396053328037245       0.32703925727157013       0.33480094095859658       0.11817641336084821       0.22260137458651880     
   1.2841923120262941        1.2416963831418173        1.1279960550562074        1.3166483062508956        1.2708304296286421        1.2247760906823997        1.3341734186150624        1.1898218116642492        1.3894514051816462        1.2422784306286765        1.7753422373365599        1.5955486392559730        1.1986215192529710     
  0.34134790441383189       0.71378969570829376       0.62163718723778305       0.15544780709991360       0.25468409994674446       0.25375571202142794       0.26822557986416057       0.17417830692551753       0.72845864607377031       0.34423031358869915       0.35945899189762670       0.13956085614110847       0.25591333356428642     
   1.5038189155110426        1.2557241101176240        1.1812341686741481        1.1548857374823023        1.1723062325654701        1.1971031427892773        1.2964504310008473        1.2734807152190817        1.2086587944012683        1.1141605464130695        1.5732381345555975        1.3782185963216163        1.1811582439604151     
  0.37239847199300058       0.74750901419296167       0.65881604768516822       0.17883523901511511       0.28466752857126620       0.28697757729925860       0.28979859687216575       0.19999984135815344       0.75006451448354639       0.36148124865367476       0.38436016156501907       0.16181722575040633       0.28943871095941670     
   1.1974367794369425        1.2070111311780658        1.2265710180667846        1.3763711272150920        1.1636923405161088        1.1076331320561081        1.3452563904299222        1.2565704064272838        1.2832694894430641        1.5458111109662671        1.1837192497887867        1.3067506907168840        1.2906230396021319     
  0.40207027034104925       0.77847188725937622       0.69334230847635048       0.20263830210165901       0.31061024351783201       0.31485539747232705       0.30955125292768221       0.22178187154279383       0.76828485214388176       0.37559763972712840       0.41214337981525745       0.18679675389690023       0.32436219713348952     
   1.3769004371837623        1.2961712701171040        1.3103932755472965        1.5845587651384467        1.2613925781719650        1.2331745363296958        1.1602702546365218        1.1674393858657561        1.3567666383674362        1.4229141317228124        1.5043644696836824        1.2956194902557507        1.3691388395879744     
  0.42987718344334336       0.80667677947661864       0.72787366150452082       0.22671104870644418       0.34207930428365663       0.34274682089439240       0.32991996082603681       0.24451822085228306       0.78274443632398538       0.38838834364389907       0.44069009688140620       0.21774292843993390       0.35523899772500800     
   1.2568757281056939        1.0802840166000520        1.5267320529644992        1.0675693583980925        1.5492248037103642        1.2982928588255824        1.4139908870436630        1.1946821047223264        1.3214097084792431        1.3271320765075676        1.1274592537326058        1.2792263244105389        1.1973182487450080     
  0.45584366332564663       0.83351852614987620       0.75601161164803443       0.25550069262053260       0.37323079405835913       0.37170173301047138       0.35192805071178851       0.27143633216847751       0.79689053465219239       0.40155099381151615       0.47033884024332312       0.25145280195072139       0.38452245599625678     
   1.2488738227875771        1.2532509673385013        1.2183846363374269        1.2117478897235305        1.2465326840027671        1.3921913781791193        1.4049007748084077        1.1015921479669046        1.1581577350174483        1.1507788359021256        1.3494759231457825        1.2627224795094962        1.3628104115681434     
  0.48067138637094892       0.85796458920753560       0.77980947300976633       0.28733998426614038       0.40779676578888008       0.40187305344708618       0.37437600304970214       0.30106116783666542       0.81121967991375710       0.41644901973311066       0.50058985354054386       0.28583132191359317       0.41062978561152985     
   1.2628358472402663        1.3252200229162825        1.2840528377927201        1.3991249291854457        1.1788793920986125        1.0553553094314949        1.2449641419304451        1.4338578407259894        1.2761997177314919        1.1364951241002528        1.1905959943656228        1.2454295878091228        1.2375714611602149     
  0.51004302589058537       0.87652572388502670       0.80107517770805303       0.31296515818679743       0.44200854044127569       0.43611700085103328       0.39462915199934800       0.33635317906315870       0.82511307210357632       0.43053277890202180       0.53004109368401731       0.31757896487022513       0.44049455422330891     
   1.4795315235089985        1.3639084090828726        1.5074657533227924        1.3952623154218731        1.6068659934638871        1.3189580678934185        1.0857453060407198        1.2419604855166035        1.2612949935069060        1.1576795147557128        1.2282936483484412        1.1197588914407777        1.3111500664080624     
  0.53996000740648220       0.89224597779212644       0.82055746773747962       0.34223241999306581       0.47755966536981315       0.47278165064298977       0.41393236939926653       0.38200166025285742       0.83800335171363305       0.44479042859395423       0.55831774111516363       0.35382603353631825       0.47152024660629832     
   1.1318580281975885        1.3547639503899829        1.1852428476599988        1.2238640827752802        1.3947864913974393        1.2298932747060791        1.2846970431790978        1.2043611580635840        1.0552127544362180        1.3171341660803051        1.3599396582788985        1.6685537125308243        1.2912548247959497     
  0.56877724004879671       0.90629627475706109       0.83788871745085336       0.37256390885377177       0.51258713122600630       0.50233566230469662       0.43427920437556194       0.44054774397291174       0.84954036107306308       0.45897664568292512       0.58856690679246515       0.38948008186281646       0.49737682997903071     
   1.2466107111903304        1.3156035476184735        1.2253342149077453        1.1430407716029691        1.1246432064285932        1.0148621162047382        1.2653153503116188        1.1955775787244773        1.2707256153143938        1.4023688243724715        1.1023904194116987        1.0978491442739544        1.4019327978439333     
  0.59681211616983298       0.91897821100835286       0.85432297119094791       0.40533480100540359       0.54410697079430292       0.53125691541770426       0.45799414940483163       0.53046656337691800       0.86073480153162696       0.47404712744149485       0.62114617891550716       0.42122982410875448       0.52452737096943081     
   1.2436621745836842        1.1272529205957422        1.2665803079042472        1.2480156126412678        1.1799643320901632        1.1713317052716006        1.0836138947195424        1.3550664527458101        1.2566335345836512        1.4242963150194679        1.4042544726748953        1.2522086759831472        1.2197525722413221     
  0.62318887289997693       0.92960788767586200       0.87159972702925459       0.44531515289578094       0.57388986576599010       0.55709523359793700       0.48009802803690083       0.60743682122888676       0.87178297459760867       0.48913884274486369       0.65511630994216385       0.45171327245266890       0.55311897074961736     
   1.2061306219523518        1.3566786751002289        1.2758440118981942        1.2501217235694331        1.3902994643245943        1.2617960009775488        1.3097983884874898        1.4298821872540075        1.2786155934278793        1.2511034340163063        1.1411356750998034        1.2574409592051303        1.2186232739156391     
  0.64965575271741116       0.93997551691545944       0.88750315778932887       0.48416675266173914       0.60500371213955761       0.59093914415924542       0.50186445417523629       0.66117099065084295       0.88223240704074768       0.50514293535904420       0.68593205231946586       0.48281235433004482       0.58298845954102507     
   1.1990570034629524        1.0962068942170173        1.4873671394475561        1.2631977955494000        1.2044307467029096        1.4843313115425976        1.3292319353803730        1.3085538564585235        1.1612554526798264        1.2563935363658392        1.1321823165030076        1.2605257603253639        1.1434311815149409     
  0.67662322826588706       0.94797564185507410       0.90129338521218072       0.52399775922563441       0.63935004204308599       0.62534757450120793       0.52344966439451202       0.70471516011258228       0.89241257850250610       0.52107792898311878       0.71311527962988086       0.51546923205141604       0.61456109599871644     
   1.3348631935081934        1.1961278404135345        1.1708961622625413        1.0409039628915180        1.4711020542321525        1.2629478456259606        1.2761881255623031        1.3523608741118418        1.3206770288450111        1.3427586950186738        1.2448165111456484        1.1486542517968852        1.2866929972677299     
  0.70487798552351422       0.95546889014889647       0.91590925194241601       0.56268863852490114       0.67262210331144623       0.65926158972344751       0.54643839982625553       0.73090513232209098       0.90121807583043800       0.53782053487532955       0.73874234182691423       0.55124593366990793       0.64687197814396280     
   1.4106247434024966        1.3861643222110749        1.4208271456859509        1.2718036494058986        1.3277803295281805        1.1843050572885463        1.2028071051629219        1.4001958073448497        1.1989216145642239        1.4685904603559659        1.2378542341867496        1.4795473221000139        1.4026825552898756     
  0.73193600824115435       0.96218282695280799       0.92751142145070564       0.60011702486416696       0.70391530622888987       0.68713015915132625       0.57304757199489220       0.75860396823415133       0.90981333242441131       0.55471571509600415       0.76400773337380579       0.58289859187945581       0.67902706849231287     
   1.4441322520493525        1.1876469505304343        1.3001194786978560        1.2652809843758890        1.2156647191296917        1.5545478772888717        1.2657118755290537        1.1433767859135722        1.0269333781933898        1.3688674961087919        1.0878697093852976        1.0812844404689088        1.2590436192748660     
  0.76050707178699339       0.96867096927461005       0.93802838253915921       0.63903542099983512       0.73373317460241594       0.71422750900178000       0.59866032260780799       0.78493611673853625       0.91790077417034710       0.57016437462154901       0.79110593791390793       0.61656447053152652       0.71417154837376584     
   1.3797211350058214        1.3137234318559918        1.1774538124688270        1.1368124473167702        1.1889667003192574        1.2576855627692340        1.3181102901423905        1.2880293811506538        1.2475581696648703        1.0706185549667591        1.5748397876890068        1.1862833701909874        1.3429251514502154     
  0.78663582402147370       0.97423774009979536       0.94903375240889187       0.67966651756121854       0.76284111339180061       0.74311633146880340       0.62365503358815699       0.80863960941035751       0.92546743237224738       0.58733495141143743       0.81932386118518319       0.65206341318194905       0.75100872547235276     
   1.3081162189739957        1.3169716800318803        1.2596131698974842        1.4306709144292378        1.2120656295413446        1.3927909195157513        1.4068543667727114        1.3178259358821622        1.2767561659050581        1.3271583548520904        1.3843487436464652        1.2265164182077710        1.2442820898797915     
  0.81316903754020287       0.97889066387575863       0.95962969344610616       0.71914634559818658       0.79109965476769739       0.77416622724885042       0.64796217680702750       0.83422706936739355       0.93418143628423256       0.60452242635602849       0.84616721340835144       0.68276825035987609       0.78885768387111788     
   1.2606218124867221        1.2141720880694613        1.3657452002046373        1.2520573665423198        1.2102560377567761        1.1305659162492687        1.1532043820391338        1.1165756375501592        1.3610579568736638        1.4697267652170547        1.3520840992069598        1.3701299892683965        1.4791496256385248     
  0.83748258899136563       0.98284225805455050       0.96876577243843487       0.75769706324608121       0.81770360196363356       0.80821142186500450       0.67377595907464793       0.85876529530607948       0.94234008337561337       0.62408248612318751       0.87159730570812399       0.71671699553300761       0.82217277687730572     
   1.0752815434491063        1.2331740581172497        1.3917052607995368        1.3004363411181099        1.1853188201931912        1.1787579526725329        1.4204313572747616        1.2809274958508263        1.2912551741966094        1.2404159911950068        1.0840920481750680        1.0530556248388019        1.1961476315363704     
  0.86294877963576688       0.98627103205526490       0.97624601961364865       0.79612281763610204       0.84964479782758240       0.84005131425789692       0.70251862300497581       0.88344618269690300       0.94977641488015929       0.64566823659197814       0.89833699265814726       0.75928772264190469       0.85678233159603956     
   1.7057886698649756        1.2225266816362046        1.3564131319313000        1.2399025682301121        1.3885149644262469        1.5592156793840914        1.0526340280043094        1.4430995504705653        1.1919360824332244        1.4497011208029800        1.4366035301818734        1.1700959768880250        1.2257009990642778     
  0.88476016963862647       0.98950077622316601       0.98277177007179983       0.83652411809627625       0.88088490913694795       0.86925889647548960       0.73138166879391564       0.90770602311927562       0.95681746135953938       0.66846328458574578       0.92569974526127097       0.80989029028288606       0.88749155370434452     
   1.1872703253760337        1.4025456940113386        1.3470783753523372        1.2874839615668250        1.2924370362062778        1.2815369080334480        1.3027379307452622        1.2119407090737306        1.2350987929538348        1.1227218177231801        1.3060933148781211        1.1477154861898593        1.2579368337229697     
  0.90742634142089962       0.99208961373408389       0.98825722238493419       0.88096652298984679       0.91111511921989885       0.90163444279057214       0.76212658840508973       0.92926771396478980       0.96355791418089243       0.69501323809098536       0.94745462125458579       0.85767647248611745       0.91756420811810924     
   1.1263779715249573        1.2605482142098150        1.2792257883776845        1.4064204800699449        1.1004703602167925        1.2978271579565677        1.1088521061376355        1.2194648202595320        1.1298436788046591        1.2817132432795622        1.1223743152230214        1.2777540049654914        1.2797544545916355     
  0.93227495899418478       0.99458396954640271       0.99277544329596690       0.92592162981298787       0.94097910666065265       0.93412184186123526       0.79769794295458551       0.95197863209192957       0.97162691037849591       0.72496362152823624       0.96628518983394196       0.90376817045565416       0.94679102054715014     
   1.0607901504146964        1.4520930509082703        1.3064142032972239        1.2860674313998539        1.2981447584266903        1.2241780123850088        1.0546315417512389        1.1432382701232795        1.3970264517117181        1.1434265687895588        1.3702268640374873        1.0690689470986263        1.2181882552410905     
  0.96502412397762727       0.99714633517900741       0.99662472690967552       0.96311924385699121       0.97058927082879753       0.96514869389212399       0.88095906865079088       0.97443683322229835       0.98257832933331912       0.83783964582535309       0.98152243183573906       0.95110711788051916       0.97405209953147243     
   1.4494197131596853        1.3320251464085548        1.3337900488609209        1.3199827297340079        1.5616671581127484        1.2899567678513522        1.5548903355579191        1.4665604148354945        1.5612648703450973        1.7576961871408692        1.0763348035142817        1.1802197108092298        1.1828066770574470     
   1.0000000000000000        1.0000000000000000        1.0000000000000000        1.0000000000000000        1.0000000000000000        1.0000000000000000        1.0000000000000000        1.0000000000000000        1.0000000000000000        1.0000000000000000        1.0000000000000000        1.0000000000000000        1.0000000000000000     
   1.4705613531878425        1.7581218374697671        1.2655442950236317        1.2446194246768862        1.2875320153152838        1.6345241914380637        1.0374093403383171        1.5775046086215569        1.4330181760584826       0.94614440776767339        1.3210352979308664        1.1769351728297097        1.4190907073380585     
   9.3980491427102759        2.6371733035466862       -1.4414157156366909        18.608543924361847        15.489192270531227        17.451727308878198        2.2376220971304082        10.683833147273617        9.4015940495546531        11.231550194234517        8.4140958015488003        13.302413421100136        15.480901168794317     
   15.413839653733577        6.0236398338837169       0.19301361729969035        18.322042966291960        14.020086084501767        16.727705414627284        5.9710285155451448        10.218336205521524        11.959785738752823        8.5843857554757292        5.5737708770119418        17.326773424894178        10.153421326944200     
   14.702364651499483        14.370190332894449       -1.9704619214855856        15.941142549183807        4.7496073804387926        11.433018685807131        11.132884381539554        13.647953345892590        8.3179805721453874        12.970574909295447        10.505236834774859        6.0604321700524197        13.112866781113272     
   14.584552731530207        10.518447795298615        1.5525205982691532       -5.6584248214113497        8.6851452586505467        12.295595379524698        8.4010078012695892        23.645424635587272        7.6985916978134634        14.587553703149593        8.3166523827677530E-002   12.677405330178033        17.457320672730784     
   10.331136651511324        15.156067868018440        5.3517903137987952        6.4926498610050567        11.180022406658978        6.8526876748732199        18.990858489593030        10.548695058624833        8.7606257551443800        4.8447109412661380        10.829912343502796        13.425528413549175        6.6778640025161273     
   18.681550014831043        10.092416704964277        7.9553906271458077       0.81839292648201756        3.4396565702696895        6.2314990627664457        15.203585295440536        2.7665390559953380        9.5705028584116132        17.015612123848751        13.228897314307446        11.237863652748642        14.205746171282087     
   5.9442528941486525        8.3791942744126633        12.338833504042540        5.2169989502749843        16.538876936065591        12.433900908008599        20.251201360687524        11.906977042717271        13.131924039195933        12.780133407597333        2.7257313827962566        15.249422889752335       -3.1568726002782987E-002
   7.0467377876254647        8.5382228013930330        16.445935407847994        17.306158442331938        16.805201963598993        14.289024381517152        5.3912571603970045        9.6398770717913607        10.684638651355376        14.207958217080613        19.108901122427479        12.128955983379468        8.3814515100785840     
  0.26751538918273843     
           1           1           1           1           1           1           1           1           1           1           1           1           1
  0.33726640250900142        8.9584068210798090E-002   5.4469297633866886E-003   13.797883291858424        9.6387831082452319E-003   7.5613168913815387E-006
   7.1612812889712638E-003   5.7233038617085100E-003   1.6951348068823412E-003  0.70762513925441695        1.6948998804995953E-003   1.2991698950786738E-006
   5.0000000000000001E-003   11.063003767310219     
