 scale variations:
          -1           3           3
   872.82173448962635        869.41492324747344        876.97175223114345        884.20020642540055        888.43793526846639        878.86181768201561        841.58850061588407        831.61538923777903        853.88981915968395     
 pdf variations:
 NNPDF31_nnlo_hessian_pdfas         103
   872.82173448962635        872.50759089453231        871.08332844802806        871.25599535827621        878.32702554789319        873.18627979291614        871.27171956693462        873.30463702756629        872.51659168928802        876.75180978453716        870.43165045879869        872.63130765326605        876.02485343367471        873.22860849559697        877.39494758502985        872.17514869255649        874.42212526909123        871.56558710374009        872.30492885489195        875.93474592388702        874.44909444531322        876.31124914637769        873.83046081570956        871.69424132726658        871.28140202397117        874.84676975278751        868.48831230581357        872.00948435512464        873.43630222186789        869.04114613343052        871.53145130950361        873.19954218152282        872.32974941703958        872.53320522948866        873.19896732332381        871.23611835056261        872.57797472900904        873.12881917073003        872.73204543077634        873.06807137981457        872.05306965099794        873.33470456249540        872.60489307801447        873.54365575292161        872.36107598883723        872.86481698802402        873.65205024578177        873.83632222804272        873.06593931080715        872.65472526119220        872.23626225424152        873.47299192752064        873.07800121185483        872.97984488845361        873.17260304777210        872.98835269585629        872.58157274546124        872.48663480548601        872.70664404245781        872.50223772825643        872.67575107287269        873.12489847202301        873.51722864565113        873.62399842669629        872.59058732288622        872.63881590160611        873.03593770671569        873.28520475678908        872.97722365724155        873.48535218459108        872.66654552912769        873.38822996296608        872.69324839482806        872.68432936367026        873.09361063978974        872.56960388328980        872.62940581916735        873.07761448629651        873.40240926535546        872.42981101071689        872.82854469838162        872.67850283366954        872.46969423892256        873.19194134418899        873.16108358336726        872.85506019913214        872.96320648704716        873.20480604134957        872.47336089443036        872.74077024148767        872.90185872366828        872.43104933697759        872.85957218314525        872.61997417700877        873.02449579948063        872.80324511816627        872.92719520664730        872.31929759557147        873.34756218747066        872.73366437648122        872.62554178669200        858.61826280639798        887.29417983201461     
 NNPDF31_nnlo_as_0108                                                                                           1
   811.49596392448257     
 NNPDF31_nnlo_as_0110                                                                                           1
   820.77942113065978     
 NNPDF31_nnlo_as_0112                                                                                           1
   832.99423801178557     
 NNPDF31_nnlo_as_0114                                                                                           1
   848.45187986381313     
 NNPDF31_nnlo_as_0117                                                                                           1
   867.13475871611661     
 NNPDF31_nnlo_as_0119                                                                                           1
   881.27184112578016     
 NNPDF31_nnlo_as_0122                                                                                           1
   900.03149668037372     
 NNPDF31_nnlo_as_0124                                                                                           1
   914.49125286799347     
 NNPDF31_nlo_hessian_pdfas         103
   852.34323735688110        849.96384690647426        855.91808698819523        850.18616933338467        857.44792236731530        851.32653782647174        850.24367060723762        851.34072772477657        848.48917565320221        852.29773282679184        847.82196463379785        851.91336142367277        854.63773327125887        851.82246080431707        855.18819761107454        848.55218904906008        851.00050302110037        852.93700228761600        854.78200837585416        853.03919326051982        849.87881544958577        853.92455328281187        853.80883892669942        854.70278463768932        851.52040925428855        848.95482795256726        851.37572576245964        854.70936945212543        852.23222154259861        855.45056673798558        849.48273655246123        850.97760255700734        851.62779024663030        853.99657871338025        853.71498464053889        852.75000763037770        853.19567830772348        851.20535777462021        853.25362043099960        852.12394528331777        852.45884097097166        852.59190864212019        853.19046822097698        850.89072358647036        852.57779867415672        852.31286011825637        852.12298918586077        851.93690448707184        852.49908030837446        852.77370681182742        851.62276303281340        852.33193310137835        853.21725518390451        851.67075859379611        852.30808059220385        852.01741969181785        852.63164999736341        852.77514480560637        851.84537547559546        852.93093066081872        852.59702201835034        852.05126720869907        851.72803510031508        851.26821187020312        851.73782051551336        852.85330471571501        852.84513015236371        852.98302444770093        852.87413312049648        852.32748299807315        852.12123639738854        852.35734408644430        852.21627538150824        852.17770859693837        852.33376428876147        852.18208872184039        852.45220591167413        851.82952334683080        852.38713843268226        852.35115981400190        852.51357356913161        852.91930317140941        852.84519599719579        852.24828152142572        852.10298072269575        852.41870295673777        852.59108201199024        852.12374550702918        852.76659631760390        852.11833470141698        852.29825411641605        852.22379128858302        852.34593953774004        852.21796024412333        851.94827531070905        852.05160452907887        852.32128429843533        852.07088158445845        852.69487343847629        851.79380071700689        852.20011326014321        840.27348622706381        867.68129531741965     
 CT14nnlo          57
   898.71019320801804        894.79678666555719        887.78130435287960        905.23198176595997        901.98498461538838        904.40101856060880        905.98191901614314        900.45901048948951        886.97795773259713        902.00024085228893        898.51704024673199        900.85060644714645        887.65511431719892        884.35738819504456        896.22186383224596        901.05323309779862        886.86286761900908        897.11549350470568        901.01351901323937        897.60819679197596        901.29154153079696        895.66606563993548        900.37258076783996        898.08442536298071        898.92816332294547        899.71670049074453        897.08808314692851        900.24219566645263        895.60350969151887        884.96542272889701        907.00550374157899        899.96048516791825        896.09911055852854        903.42665231474427        894.03027052553887        899.15846477827154        899.92309664940228        914.99296166311660        880.58002452788332        919.19206981118566        878.34656820870111        899.39116315636738        901.09288120695271        898.19935195114488        888.32502871283577        896.88815416269347        912.57943213197893        880.46488329306715        923.84836054675020        904.28201702854665        896.61561985678372        906.20340846200736        897.38821186010978        902.93390593008439        892.86699434251329        869.66990795463300        923.96840154028621     
 CT14nnlo_as_0116                                                                                               1
   883.90045693009563     
 CT14nnlo_as_0120                                                                                               1
   913.43911291198071     
 CT14nlo          57
   859.06986639610750        860.26534184957814        867.10007673190250        864.75419437131552        869.11307693604306        859.58472702264874        861.64007258833249        857.61282738314503        880.23348439661015        844.20984192000526        876.43992008173802        864.84166172246307        857.69818960501993        839.27900130179023        865.80126087193116        872.59721992029051        841.41520262091638        873.04176732300061        842.98827304551082        866.75452444085840        850.26032070758970        861.09190210772272        854.29550293631485        860.66538625142584        856.37328146968468        851.56953002561420        867.11318329010305        856.98419966604786        861.16302046174690        851.27071708404799        861.68887754053696        857.03321618886082        861.65921882276029        860.76973607672392        854.88689513565782        854.76185013670545        864.11563076020843        860.63220151364828        852.30710694013533        848.50982099253542        861.77624567397231        869.29136710075272        848.93448554696658        860.45851149041118        855.57596172038745        857.06338186824814        858.63352727433107        856.73600240496921        859.76950585563202        861.88099027768612        859.23799941983805        850.19382249304351        856.00591573591169        862.31999606644865        848.31661539141805        834.36645035499305        878.09849309509627     
 CT14nlo_as_0116                                                                                                1
   844.09955226883540     
 CT14nlo_as_0120                                                                                                1
   873.29716224923243     
 CT14lo                                                                                                         1
   712.49191254661889     
 MMHT2014nlo68clas118          51
   821.13212600358258        823.37962284197772        818.71909117160681        818.09906751478650        823.19265148264003        816.97491222645840        824.95271747578249        821.23363223912952        820.99844924595220        821.81094548817509        820.45546438561576        822.02024916875189        819.18080133865999        819.32805230064571        824.35422484765854        821.21769542428854        821.05210453617951        823.22011231016654        818.75305570242494        824.50165306960548        818.17674360642400        822.39211000692433        819.59192946219503        825.63794164831609        818.34772717680789        821.62299400432414        816.86600845939950        825.19384947958645        820.65726259503924        824.79165894107120        816.51201087137258        825.67474912021532        815.29309350895824        818.40403036790588        823.67432995198749        819.48239984122847        826.43952273621971        819.70273718591159        823.61491813758653        821.18253265663225        820.82016939269522        806.17464359870041        830.55404686080021        831.28100553875311        813.82893114648368        817.41386642435282        829.93544016024043        823.40522874093324        818.26439611636806        820.81749251531414        821.40541370840992     
 MMHT2014nnlo68cl          51
   874.47143077515307        876.61604296796168        871.69241576663569        874.77861795634976        874.13948881830993        869.49513211741066        876.48122660380955        870.95657968125306        877.96128957664735        874.03247813365010        874.86743858461523        871.63679797133341        875.67209780877397        873.92864032065825        875.12483401318025        871.57203046885797        877.59384066710470        874.78071668503014        874.15008949974083        872.67479841018030        876.84850625669424        876.56014339009403        872.94403731029138        869.29932279409968        878.33968620488179        872.26864020350399        879.99551571044435        878.11926085907930        875.02983182393075        871.13141905654425        880.96484698092740        876.40021561661240        870.54518460943757        873.08186032537139        877.98519768494566        882.57945937800071        871.40743307305581        874.85501572338637        875.88043801096183        874.90682767081978        873.80894479488666        882.35171826465250        856.91799652608984        875.90471033781307        865.70375849672041        868.91734396320669        881.67577557908783        882.60421971622850        871.34484977857039        877.36093397589195        875.10493221098136     
 MMHT2014lo68cl                                                                                                 1
   716.50322496707702     
 ABMP16als118_5_nnlo          30
   902.45511067980192        902.29061678536482        900.84850579815418        903.79409025911195        902.45096092094377        901.87001760554097        899.83730371539707        902.98104659915714        899.04985083074348        902.24127202925604        902.20443139802910        900.34681327330384        902.12854403180256        903.02103349377592        898.81864147489728        902.73580796452848        902.08302854369231        902.01082068574692        900.19504705853024        902.15316834970906        899.31002898842814        899.07340877827392        901.14863569397107        901.08177254131920        903.79523143749884        902.53612349587058        900.20346136782291        900.10042956267966        903.31682615444288        898.09485271015114     
 PDF4LHC15_nlo_100_pdfas         103
   836.77666119109188        834.67056437100655        827.53961894485963        850.00130998253155        833.93094547945441        840.46597841067410        827.96298948264678        844.50906322503090        839.97069076194668        831.52707813726295        835.07011174479510        830.45390608336970        832.83201284502331        845.03385387055380        833.86215247348616        835.12716861866193        833.59510076591619        834.56046383814078        844.48871293099933        832.06380181456734        836.92581451371291        835.50424930093550        832.96818283436062        838.85858252552384        837.48465550458741        840.27871440539241        836.40611649377854        836.37868556396927        837.64902675050007        836.30259718630805        836.89250062989254        837.03345135300003        834.66956950125086        835.27776159529151        838.89040598779991        838.38240692581599        835.75129614665752        836.29896261464398        837.15935735019468        838.27022718436535        837.17450360653345        837.76928017775981        836.97728598031131        836.11877533838845        837.55229610046285        837.69353821949255        837.07299505585809        835.88857220697389        836.35423643176307        836.93005719491339        836.48211043130334        836.60580302012079        837.11267150898402        836.25443163945295        836.48191225197797        837.13605047502608        836.74675244873470        836.65169822243297        837.12729876618573        836.50535572586728        836.30901399419633        837.33715339589662        836.39335454246930        836.38293619660976        836.86633021804755        836.80629628628083        836.84386936806857        837.02734535601155        837.00726434292767        836.91061624611552        836.44894274760293        836.63920294032062        836.75108762082732        836.65372858038666        836.44426640466406        836.67700996169026        836.86272519789213        836.28988094192209        836.68911584232558        837.07376081513371        836.82437044338599        836.82756978943041        836.81383807017858        836.63542910766614        836.92874630387769        836.82450722048236        837.15682687107619        836.90820880958904        836.70191091737024        836.98324973591991        836.80969165115675        836.62598479896042        836.82419044254266        836.79988215299545        836.59174340755919        836.58543269958386        836.74285823892399        836.89646258494975        836.83433785838974        836.74425933450800        836.80110793116057        825.11551776453393        848.44567121557725     
 PDF4LHC15_nnlo_100_pdfas         103
   878.91819620114632        882.12281148866714        871.89973989994940        887.77554231610247        888.89255692481299        886.34721168915905        886.84082651762435        882.62923756231532        880.81719310937854        882.24917753039540        880.42483985332285        885.50968494736867        875.33186843285353        881.78599170242774        871.78679350522316        876.07118430694959        878.19208142177399        879.98250754254366        881.19397750743303        868.49955090578976        882.20628657439840        880.93951436142345        876.87432856605426        880.42235255571757        881.72327380193246        879.72090916614115        877.08707435271390        879.30566287740498        880.61431218671783        880.22051321993717        879.84114706480489        881.14292549206527        880.56011596040116        881.17312262644373        880.48410349815481        878.76884478103932        881.07261450435146        878.42836001231512        878.55329075745124        879.44650663181960        877.41794720668895        878.67434465284362        878.93763426645694        878.12948257285791        878.77651020967392        878.41495310028938        877.75796856957743        877.51304353703040        879.31519466867485        878.46434937491426        879.08190328167291        878.86748498512975        878.92721454094544        879.32986745755761        878.37800373114226        879.13958558255752        879.70646661465821        878.61387007261385        878.43877799791892        878.70836513788981        878.95911400298996        879.07694583319517        878.83813386070642        878.98340927278991        878.57567065777039        879.26045706356479        878.78423567772654        879.09216841302145        879.20810498217406        879.30217552594877        878.92603054069036        879.25724163267557        879.30736988583135        878.72839197866381        878.99465065442848        878.81737874758244        878.83910706773383        879.07533951883534        878.91949083972679        878.67860942628420        879.24949336339398        878.98975272414634        879.02595935459249        878.84838073255332        878.93062118660418        878.72039067478283        879.07603278699025        878.57098910285754        878.89744697802303        878.75597187956487        879.03335143172421        878.74832541175340        878.83366657354338        878.81886583118342        878.75004885593899        879.08392641471778        878.78429773278924        879.07286843465340        879.01456833563623        878.91006387526443        879.02550165494290        868.34508606463305        889.22267801644045     
 PDF4LHC15_nlo_30_pdfas          33
   836.77751630623402        830.70880111455574        825.25749979906107        836.48004552917246        853.27359056993703        840.64777511895034        833.23658149757091        836.92588181613337        838.69810409154945        841.75227319827081        836.47427699437605        829.44525501214662        840.30711046411170        836.33036283726642        834.13430839715011        838.89543693372923        838.47268006103127        827.98221131174205        837.55624491997469        838.45004180600472        842.58234693277473        834.45900290683437        834.72592618942258        837.58596008350901        833.89774260242541        837.59952748829858        836.83215689060887        836.47332485871050        836.71548591353439        832.08736307570348        837.71424153339046        825.11551776453393        848.44567121557725     
 PDF4LHC15_nnlo_30_pdfas          33
   878.92149829543098        878.83998116680232        881.02725018895296        879.01774041139197        855.28750264863197        872.97727321982097        879.06067115183816        878.72657688421759        877.25910873615726        875.18202544477401        882.39304396366526        881.29326995998633        879.02573375786130        878.77795334896075        878.03028018286511        878.30161873108773        877.70877255092489        877.39325066318600        878.73256106483325        879.77380350092699        874.70895697501498        878.83869730368372        882.25337733180424        879.05145835810049        879.15832767690915        879.70902600362342        877.98586817417288        880.39990718798072        880.36095076151560        878.11269009941418        883.07589263053592        868.34508606463305        889.22267801644045     
 HERAPDF20_NLO_EIG          29
   927.09435501695202        928.70635078619273        925.49451384524707        927.52484842096146        926.66143541835493        927.19443898009683        926.99050703233081        924.26844046712392        929.81187389465640        931.46172421156461        922.72885246737371        928.17852397564457        925.34521827423907        926.00264059682252        928.11205009369689        926.38346742944805        929.64855997073505        925.46179880033253        927.00176467444896        925.56494808635182        929.25438031023702        930.95427177254601        922.28885723896553        920.71071185337996        929.72286548338366        928.15905522446792        926.88280288824637        921.94967669375592        931.30884726306226     
 HERAPDF20_NLO_VAR          14
   927.09435501695202        937.17707897621460        914.43826132136030        938.58668883798680        918.43211572342386        932.62241738166438        922.01985656499323        925.06351348754117        929.20581974737456        921.54481762516059        933.04837251955155        926.34172066113490        933.59468130949915        936.08236631971931     
 HERAPDF20_NNLO_EIG          29
   958.34085199487026        960.28672224802153        956.72938151996595        958.91638810597374        958.08644422273403        958.82617044814117        958.17757138553202        954.69329786238143        962.12067179842404        961.65615630107993        955.20633267908556        960.13217890414467        956.85285240944597        956.25169202037216        960.84134745355152        958.89672719890882        960.91264295872247        958.51764963686469        958.26076210177200        958.97501268324515        957.91238845715600        950.66661786147199        965.20117532466588        956.71366545830551        959.94651005761193        954.72739092792608        959.58026883665275        955.18357618057507        960.92059567046738     
 HERAPDF20_NNLO_VAR          14
   958.34085199487026        970.02391022672873        942.80233206788148        971.77760878011622        948.48823018212272        955.87282570211539        952.90532264218234        956.39093885126920        962.34957527475547        945.04310464547643        960.03681554921172        947.31407102328967        973.13165048043470        955.26695986580501     
 CT14qed_inc_proton          31
   849.39497565563204        849.13503974770163        848.87542195652236        848.61631325970552        848.35762015445391        848.09775570123736        847.83864273140000        847.57980836184151        847.31971409566802        847.06276041929084        846.80187808744927        846.54339398073330        846.28503073075638        846.02641059020596        845.76765545566843        845.50706609000758        845.24966688589166        844.99017574730658        844.73338255722865        844.47362574136434        844.21506123677864        843.95566635123441        843.69667832456116        843.43900078449701        843.18006500611466        842.92259634282755        842.66267688237951        842.40423849166018        842.14662718149111        841.88767084554718        841.63028316936845     
 LUXqed17_plus_PDF4LHC15_nnlo_100         108
   873.92054022008574        876.86564746004274        866.86839809164667        882.75514214040027        883.79709454524061        881.31021414148620        881.98825253041684        877.78266481390870        875.82061177977880        877.26148365722247        875.37850261872438        880.72190885721113        870.48037109406005        876.89054129058457        866.79387819358465        870.73566444878895        873.44638040203824        874.88102022979956        876.12747004171047        863.69424681931798        877.37841135301676        875.83302844426703        871.84538421537229        875.50434142784582        876.61401613636656        874.53198184579435        871.91667253423634        874.51075247212827        875.69195143507352        875.12373087375715        874.75264179327110        876.35283193283226        875.48096250882963        876.09375520304582        875.47066693038994        873.71614900601605        876.08084342858967        873.43629896684376        873.52975840959516        874.36494875330163        872.43089003875104        873.63286508941394        873.90984483287309        873.24492181398216        873.75579273639732        873.39980154759712        872.82217012165916        872.48449466097645        874.34968470247077        873.44983568521866        874.10165286011431        873.85204034471190        873.92220187545513        874.33300372179599        873.41167431743759        874.16716364293291        874.63765161404001        873.62143969405054        873.50615052502280        873.74399830514506        873.99519964898354        874.09150275975298        873.82914972345179        873.95468228022446        873.60608623212602        874.25486903211254        873.77565935963378        874.06089941141840        874.21319556180299        874.26691436451813        873.91878883292054        874.27334289370469        874.28963092021604        873.71222851032178        873.99695855699474        873.82685243759215        873.88638758373327        874.08161452430807        873.94550257606795        873.68434482403836        874.21248697505700        874.03127782528315        874.04109923324017        873.85085028156016        873.91683719485309        873.73373632024993        874.11868401265258        873.55701997698577        873.88065105329190        873.73897654270661        874.02505760316160        873.72484353296295        873.81572951900239        873.83269785541574        873.72007665552997        874.08716646608866        873.80523150339582        874.07755501275642        874.00337469052329        873.92392076991348        874.03668913370257        873.91775777095677        873.90394851148233        873.92297457895324        873.92364694863431        873.92817243611717        873.92158570262461        873.91027927696950     
 NNPDF30_nlo_nf_5_pdfas         103
   831.36223224755429        780.29133261907430        829.32477354631533        859.39306883969698        842.97168011707879        801.63386119144104        840.17564162030123        830.36988647113890        813.05954245857561        830.05127823484986        830.41080829895827        771.39525099467312        847.43058234990644        860.16634066619451        836.95474957811496        826.47957161238071        811.84050476218954        822.08584380050820        799.84706701468372        836.49669289011672        828.67271773075640        859.65224115135334        806.78580194049505        863.46117012411230        863.73367249838509        832.83878174292272        836.18363131467891        815.82963229936286        845.28990104607749        833.37816232563137        836.73710805819121        862.01191410662705        802.50575696811711        843.05505793124507        854.16945852165099        851.00587496171045        835.00225395673658        825.85903470956134        787.14899840154737        824.82662782539580        838.32647958924701        842.61479408170794        837.16595959754284        837.04241717724028        825.22529772942733        849.32768008512278        840.84993861982900        813.57213076960295        829.46105635185563        845.46176026942283        847.88239871803933        843.73137240400092        829.70734022371437        847.67566304841762        835.21853802113242        838.13975362654185        823.60320720295681        845.19509726982562        843.91056523421980        846.23673827140738        831.09610066560197        829.68718637310349        831.39117400390569        858.69437097596983        781.89138837085898        845.95927033296391        838.77389175033136        821.45010066589748        845.48677295599157        822.90509781037338        824.29166722986042        830.99099470285773        817.50408624371880        774.70146086325951        868.12194580166988        828.74621521492611        803.22775168025396        826.04663281275202        828.29678733682761        811.59149666870269        832.72487903663762        846.51553531218030        856.30677574780475        815.86787004323185        836.98090255686327        828.30374159158828        821.55400802123199        839.52700171600850        836.86150234995910        812.30069711711405        847.01311744781594        832.21362015166255        821.12197891032054        820.75127370853511        828.64324273900581        818.19762112053604        829.56754140243697        839.04041543429150        860.87159063158924        837.86863003026758        818.58346024493005        824.79543759010301        837.43873473218650     
 NNPDF30_nnlo_nf_5_pdfas                                                                                        1
   865.64476036800465     
 NNPDF31_lo_as_0118                                                                                             1
   824.86037152086624     
 NNPDF31_lo_as_0130                                                                                             1
   838.34540483121646     
 NNPDF30_lo_as_0118                                                                                             1
   714.01878822810966     
 NNPDF30_lo_as_0130                                                                                             1
   800.40918702228066     
