   0.0000000000000000        0.0000000000000000        0.0000000000000000        0.0000000000000000        0.0000000000000000        0.0000000000000000        0.0000000000000000        0.0000000000000000        0.0000000000000000        0.0000000000000000     
   8.8594110284171773E-002   5.5042607573962822E-002   2.9500587989763450E-002   2.4152043530525372E-002   3.1393627636813706E-002  0.20526671595775592       0.14952302285645286       0.11996817972746640        5.0566754615781917E-002   2.7301295568670537E-002
  0.97770235307647380        1.2812595492211107        1.3343422051135478        1.6338286326546749        1.2729203557129016        1.2439993314521371        1.0478754362866538        1.2531076849791978        1.8484626688685268        1.2947077048464832     
  0.13163607099199101       0.10703519473791907        5.9364332168471812E-002   4.6629056242997867E-002   6.3314517745349908E-002  0.40029972342679870       0.26703573739184183       0.20148078513178064       0.10202569032003360        5.4704453492816683E-002
   1.8114529615439567        1.5494878396445064        1.3657851899688864        1.5052499858084387        1.2034513159684812        2.4713763621042037        2.0556247737191056        1.5388183838024270        2.5927458509237100        1.1238373610435159     
  0.15793534719209917       0.15596687086640779        9.0834382175235304E-002   6.7130996212517155E-002   9.3791703769071907E-002  0.44507265508613691       0.29261372084341519       0.24416069318443581       0.14417957569163245        8.1948018103909739E-002
   1.3965933699987543        1.4648671957700989        1.3849333069208360        1.1954809509260755        1.1952187604286943        1.3331027518248926        1.0681748362336838        1.3104668240157871        1.8615504828466167        1.1793981410876948     
  0.18348781475251039       0.20069945988119284       0.12094131491988490        8.7102645565122400E-002  0.12554837407685421       0.48881955689499790       0.32194698919787285       0.28164167328848910       0.18949108006396848       0.10968752599715285     
   1.4455587969141190        1.1518720965524056        1.2211555180574385        1.5035025696133744        1.4255143195990490        1.5236544525002345        1.3341605798342944        1.4110105022738815        2.0707105705117570        1.1441678660276318     
  0.20443378283336577       0.24063576987357638       0.15046623405899434       0.10870700386426489       0.15594392624347142       0.52515330789692904       0.34670072828655413       0.30522646159936867       0.22661373569944512       0.13765582631613799     
   1.2259721295175547        1.4877124884748707        1.3731143964005363        1.3879530027494267        1.2104429877884046        1.2523514765788435        1.1272927565649440        1.1492031595249530        1.7071219645857623        1.2121588018651317     
  0.22672809493476462       0.27957868289180005       0.17933366191766756       0.13154129148209487       0.18617697707249514       0.55753279451648363       0.37196287062032662       0.33186930015934252       0.26339889122509974       0.16608943598775439     
   1.3019630867611052        1.1349828110954729        1.3672805046603169        1.4218487229409806        1.1652338714331212        1.5953515573219161        1.6491363156619439        1.3668147482469983        1.3752020774550460        1.5298571318934393     
  0.24865138365817743       0.31804264300730783       0.20825445460815276       0.15500236861206518       0.21896766779476440       0.59215238952524496       0.39024092116865344       0.35518395230302524       0.29780356571019595       0.19691159346533074     
   1.1515054099126827        1.2548629640927229        1.2766604257163841        1.1356170874295872        1.2659885110193012        1.4169189193686644        1.2416539209031843        1.1886590172554752        1.2662727804171534        1.4849892056983609     
  0.27128430700216322       0.35460980432052047       0.23841795194915422       0.17896746247542020       0.25162602285210989       0.61338746418290502       0.40918986077896929       0.38204766550174168       0.33030814871933833       0.22955469282016411     
   1.3234404341192914        1.2389699862245183        1.1866279956689960        1.2160641045952978        1.2615975151053254        1.0661017366093235        1.2775380436972326        1.2724648473462110        1.3542762296975965        1.2467142044411845     
  0.29323096767385443       0.38617187919974594       0.26872203338066908       0.20466748956948733       0.28358011020936563       0.63415527600452903       0.42627177268042243       0.40518910238413353       0.36085467423561240       0.26489292752563487     
   1.2556151217794111        1.4073789361739277        1.2111376554952544        1.3735191502935904        1.2744254708547320        1.1559627407409152        1.2703179091660657        1.3776264860743759        1.2369695839664572        1.2821149969487942     
  0.31712152518304088       0.41865455361610338       0.29961502845829352       0.23216730400452731       0.31135602059029982       0.65761411445576556       0.44342383133634422       0.42800345396357609       0.39261736338605113       0.29917201171273272     
   1.2315729430236371        1.1727457955252374        1.0830475284149081        1.2057257066764597        1.1667293516048924        1.2196633977330427        1.1942205214502726        1.0621035857279142        1.2637860390509807        1.2213796394936549     
  0.34242752444122188       0.45003244877641357       0.33128852835492983       0.26098482046862936       0.33996720957942594       0.68126813585993373       0.45973626147011665       0.45147135606494582       0.42400733389405942       0.33418928572624629     
   1.1966777710695977        1.2567047127148840        1.5271755613763864        1.4697538821462319        1.3764664815152179        1.2363751118963862        1.2619059912410828        1.1718673792279639        1.2477797126089964        1.4020258418737883     
  0.36872015113702666       0.47972260688228657       0.36420927407829784       0.29079697577454250       0.36913967955754906       0.70071181192995780       0.47660835070138918       0.47399871036425012       0.45436556275570267       0.36950711398332231     
   1.3233752307128133        1.2671451223749588        1.3355917654657417        1.2851289164868562        1.2677244135383834        1.1970915016743982        1.2801345633481620        1.3225309597567716        1.2287253478374822        1.4825587679287424     
  0.39527243549522462       0.50709603858405683       0.39789836782553495       0.32121771406773103       0.39946718057026254       0.71893321669446464       0.49078092554238151       0.49805837445216639       0.48434207919000577       0.40289054193680790     
   1.2562427143296784        1.3463964732089719        1.2298246270827273        1.2365517298532089        1.2209087212032810        1.2297650922190506        1.1902232402553570        1.1601292778812893        1.1752094656171221        1.3513731179272581     
  0.42101626375700968       0.53316257026845082       0.43205654382330572       0.35310835351884040       0.43005696360932588       0.73673270576939065       0.50401332610602034       0.52228008113494728       0.51287406261321422       0.43561557392593164     
   1.4293865251300679        1.2530079787050175        1.4053444345271753        1.1966999866749661        1.2505569089089841        1.2399183749394873        1.1902979568852297        1.4352904665715982        1.3961063263858857        1.1639386951334596     
  0.44651379384399437       0.55957102594684482       0.46789547240040430       0.38705580795145439       0.46140297627480692       0.75471555960976644       0.51717814837633980       0.54959365519095171       0.54045483374056025       0.46553793623714557     
   1.2683076736458516        1.3704477980351510        1.3817482755607222        1.2175734155900666        1.3871631371145214        1.1844987411637353        1.0270199716142290        1.2931063670073890        1.0549053807541111        1.2670512925775166     
  0.47153995500442814       0.58459907592782645       0.50289405166442080       0.42119046146567640       0.49310364453673983       0.77038773141293926       0.53064012578617448       0.57694987935693565       0.56653559104884788       0.49591348924635853     
   1.2438972677288620        1.1136879088874898        1.1270576560827117        1.2622499883250582        1.5068936795183023        1.0043601723408673        1.0789762021661564        1.2402661691587682        1.3544045982369286        1.2174577752172029     
  0.49715173601716645       0.60951493143025037       0.53794857102365989       0.45541219541234212       0.52375035206976273       0.78504667876264955       0.54483761667105868       0.60458997549990490       0.59221003244998904       0.52641290830553422     
   1.2345315225539977        1.2077767334417360        1.5426929313499254        1.4145685068437326        1.2301801983360605        1.1731223128342370        1.2261618594754580        1.1904638314441944        1.1218703546851982        1.4510969555321964     
  0.52249258774495932       0.63575054827465383       0.57396543671757083       0.48936670345706840       0.55471790644792240       0.79955539076615534       0.55816169304691265       0.63219866767447508       0.61754082164415225       0.55782652710987812     
   1.3188911826932628        1.3054162024886995        1.4412382827394135        1.1602111012355227        1.4394943996396654        1.1730389105918146        1.2007921941565551        1.1059870544736192        1.2105649002168339        1.3159373784307167     
  0.54883950200234166       0.66284559989150282       0.60810587569511110       0.52478159446278350       0.58653127796099780       0.81404407947796298       0.57229307722135059       0.65985109404629438       0.64244314723151197       0.59003455930932136     
   1.1184558196495709        1.0536113695506666        1.5999711794275804        1.5038200498841090        1.3181907474615409        1.2556379464235812        1.4385956221721476        1.0178812825073560        1.3493727872224295        1.3152962160668697     
  0.57511499763166096       0.68966289917180856       0.63967554141975658       0.56184554698673084       0.61835365269205778       0.82795335888012034       0.58600310995848937       0.68750391906980080       0.66678937545158767       0.62325674262146991     
   1.1857038101758985        1.2906889856471455        1.1891635775876905        1.0934772395442283        1.3698543926437363        1.2805856764548962        1.1445651421092715        1.3088437466306788        1.1557018136375059        1.2597241895894553     
  0.60252281610946568       0.71612585183003985       0.66981359811762342       0.59841375054287593       0.65021290893936634       0.84142096275345357       0.60154633427949844       0.71637704707109284       0.69115998356081143       0.65634998907936526     
   1.2079797819520754        1.5319340301579840        1.2731583248037708        1.3053672631388553        1.3104814912562879        1.2470251656892879        1.1944247481723091        1.1239291958923852        1.1737397040050732        1.3637597668915857     
  0.63022135206259111       0.74205566830918235       0.69990738079025561       0.63455550318290144       0.68049481058959838       0.85439676511287721       0.61632634094098826       0.74614852480461447       0.71712864931637732       0.68727385063711743     
   1.1797632067876378        1.3934062883246483        1.2129721090738246        1.1881478491910926        1.2881615113820288        1.2306526838932401        1.6284548153562177        1.1328765341092990        1.2027140617180698        1.1199965969998835     
  0.65743393585943577       0.76856513250636582       0.73104274575714634       0.67057811980162163       0.71325689828810934       0.86692359682388853       0.63199018669045859       0.77899984532057898       0.74554076547941828       0.71762237258034445     
   1.2877387629002159        1.5137983403278958        1.2448649162136582        1.2184248697978859        1.3157712569913567        1.1854427146265885        1.1955957105773360        1.2752693033893290        1.1816379842134381        1.2553611952153627     
  0.68339423250153808       0.79421823633802346       0.76278492495474282       0.70455505404327268       0.74601862871142466       0.87918601960424558       0.64785310913732186       0.81226611196919030       0.77510969853122968       0.74871293282884810     
   1.1675087131166411        1.2371230752518336        1.2544582130372577        1.3490745298753857        1.2959884090246412        1.1483149972425899        1.4858291754729325        1.1232478038724170        1.0345912551281411        1.5422106377503619     
  0.71333757143315057       0.82074005969299269       0.79423254113298380       0.74188196538778040       0.77888935089080003       0.89083386782932183       0.66557536148703667       0.84384363110515748       0.80574506348655728       0.78033358070640368     
   1.3635455922309252        1.3674061257573977        1.3692528792644751        1.1489006602797551        1.4227325847022283        1.1626728823645029        1.5929601275894911        1.4427429071167095        1.1989192696326956        1.2211054427611310     
  0.74310639473847317       0.84701696374241908       0.82565198332098000       0.77988519502208775       0.81107795946456385       0.90235614580419754       0.68307598285358218       0.87238921360184685       0.83594683574052631       0.81251779549937941     
   1.4159384860979332        1.5311535435809371        1.2927925304628600        1.2628620895800362        1.3597068136437886        1.1674741058766345        1.4633417870312668        1.3963303345322504        1.2068609672930850        1.1120024108237272     
  0.77368513665072514       0.87185194328674764       0.85594543889122476       0.81864852362080875       0.84365455148518931       0.91396358808316902       0.70286567144767897       0.89786215956117710       0.86599667929083435       0.84426604475662448     
   1.1156774206132296        1.2265637846176176        1.4331582731269532        1.1869195515206068        1.2439913548554302        1.1822962026241040        1.2065090802518637        1.1943972362291959        1.1951310706920331        1.3769793485586919     
  0.80279732230203948       0.89661292439204521       0.88571140826206340       0.85914122420230732       0.87552834786762146       0.92661561710276841       0.72193774271176503       0.91986086346784213       0.89499615904777763       0.87602816541116590     
   1.3285982590850576        1.1905613235112249        1.2764438000702099        1.2738909420130526        1.1737548914695661        1.5178193024240398        1.3788485670850923        1.3367858702073634        1.0603907070626422        1.2864322417700165     
  0.83965810221921988       0.92193178051675673       0.91395140613354897       0.89665655350999263       0.90904793236950587       0.94045736653655643       0.74764980795811720       0.93918631551026432       0.92323763483281551       0.90683786326361826     
   1.5344170067331702        1.2224567970356677        1.1074578060630029        1.2402872753514096        1.4166577903383959        1.4203503598787903        1.4038400212816915        1.5091955889553728        1.0646026893013514        1.2516478849258981     
  0.88090928013372694       0.94807664786672430       0.94186571604579428       0.93390486880254453       0.94162711472632810       0.95606105831339760       0.77742503550909492       0.95836805481572562       0.95110944131655162       0.93742628378080572     
   1.3640110350065651        1.4007038882169456        1.1262727842842704        1.3439035177390206        1.4337931047738217        1.7014331049181983        1.4878963632696831        1.3522612140028565        1.0723557035104923        1.3023443193553281     
  0.93131570158997257       0.97387085645342297       0.97037987565607742       0.96758394034313111       0.97087630863887842       0.97415398337500125       0.84271335846828488       0.97788089637725362       0.97630662143813096       0.96843257706519437     
   1.7622600638030408        1.1023243306788206        1.2125014392393481        1.2552965028728997        1.2493278164868091        1.3359301438356590        1.5131734211714924        1.6979806008817644        1.1832205106447879        1.3083518729320338     
   1.0000000000000000        1.0000000000000000        1.0000000000000000        1.0000000000000000        1.0000000000000000        1.0000000000000000        1.0000000000000000        1.0000000000000000        1.0000000000000000        1.0000000000000000     
   1.4555124016759207        1.4569215188686173        1.3598466748832363        1.5845875423809854        1.3350780165259659        1.6537808902213809        1.1993750028247130        2.3444672657793788        1.1336328772240456        1.6784640710162646     
   4.7897962035015240       0.21307654654921659        5.9280128769877427        10.044476481496552        4.8820894297930977        6.8236751724435916        5.7677925168580444        6.3206037479207087        4.5011386776142981        4.6389440074488002     
   4.2340804059872994        3.2639931558072424        4.3832237898064381        9.2148242471348016        5.2529023179187497        9.6204390376362454        6.5736029458825875        5.6066825291460232        4.8120683071865820        4.7904400734069190     
   4.6923242620115007        4.5519053387189894        4.6782225707337419        7.9329589348885019        4.5272368844494659        4.7928532464077414        5.3970603141296136        5.1131178586716448        2.5082964424348484        5.1833101202614387     
   5.7698741814435435        7.1438793585812483        5.7418656660881053        7.4469675637703610        4.1950784551627240        7.4054493979602842        4.9451355509981632        5.7555412459565787        4.8288090850499685        6.9732856990385930     
   5.2760206827042291        7.5111618484607430        4.6758063549425852        6.6614097377318409        5.6419201533877645        6.3366367688672236        5.0016237386601929        5.0820456258567148        4.7169235324977725        5.1649997004362014     
   5.5418396129731953        8.0177112695319224        5.7353143891570868        4.8688657123184065        5.1169943847567483        5.2292343279318692        3.9408434088257280        5.9312633804347330        4.0946127828589285        4.4068242952218739     
   6.4465830873721686        5.7499108688651441        4.9679457259869260      -0.60476815180690391        5.7756293217332306        4.6654503908318041        6.9758318801003778        4.6082239269508500        5.6722952850579196        5.0128978027681406     
   4.2631559724712140        1.5709720139498882        4.3099653235650992       -6.0216377662770917        4.4590288428533338        3.7939492915104371        5.1158797740820026        4.8205285540611946        6.1306526828567716        5.4183663390143835     
  0.28325750919111264     
           1           1           1           1           1           1           1           1           1           1
  0.80336779890872934       0.38655466585313397       -5.5803153582422327E-004   4.9139840944161248        2.1532694603214161E-002   3.1158251365101120E-005
   7.6668527642174671E-003   5.6915631831230551E-003   2.6068174311312635E-003  0.31064835126997881        2.6049819434020593E-003   3.2174056079874160E-006
   5.2568844254767344E-003   5.8881177658810078     
