   0.0000000000000000        0.0000000000000000        0.0000000000000000        0.0000000000000000        0.0000000000000000        0.0000000000000000        0.0000000000000000        0.0000000000000000        0.0000000000000000        0.0000000000000000        0.0000000000000000        0.0000000000000000        0.0000000000000000     
  0.11903059783658344       0.22585411525054691       0.11874888398497452        1.7810086936401449E-002   2.6484067567272274E-002   3.6221170452670093E-002   6.8522239621875300E-002   1.5762297626085813E-002  0.40315447061684101       0.18695396535274064       0.15939505662569586        1.3464135815361345E-002   3.2175933480250316E-002
   1.2188262976394260        1.3030851489091371        1.3469206858569345        1.2638927620633928        1.1960457780883520        1.3298443168346483        1.2727274815626670        1.2220012419171389        1.3510259426875191        1.1454582858871718        1.3966866157993858        1.5275077374951935        1.4418137248865843     
  0.17504080208406222       0.38445548533644103       0.23750294377177802        3.7558956393738817E-002   5.1492020151016622E-002   6.8865852491254181E-002   9.5074992915651996E-002   3.1778910125228155E-002  0.51249170527620636       0.23605666713757403       0.22800014455184828        2.9625670740677186E-002   6.5362023120358007E-002
   1.3899636957748811        1.2818952064988249        1.0926456500387243        1.3040986776514416        1.2088616893737270        1.4180476403920617        1.1368051350683790        1.0574067386882635        1.6079812943647844        1.3517334839663979        1.2096109824950179        1.5550090722863150        1.1963096709384802     
  0.20457888176509872       0.48479961177703818       0.35640340408979065        5.5226437531468747E-002   7.8546234232142714E-002  0.10525549770816374       0.12285688108221755        5.0495436263607807E-002  0.56109631192107878       0.26853403003807519       0.26264820901598868        4.6384746756378450E-002   9.4836130980249539E-002
   1.1941906198128145        1.3110156363635683        1.3673401033334471        1.3100656806445909        1.3622860709639610        1.4594180187036676        1.1847199020276420       0.97941051667802892        1.1181088170985634        1.3869103631303503        1.1871960314767780        1.5051399943010826        1.1177729462786787     
  0.24072711762450177       0.56881774565501653       0.44582928830505325        7.1025760491921566E-002  0.10863804267757299       0.13657083802919406       0.14822632813705655        7.2512787994696029E-002  0.60110054098890953       0.29336322962351424       0.29210243590584234        6.3526391610164420E-002  0.12203527391710399     
   1.2908156783813256        1.4250074624460587        1.1642768066473277        1.0900096455023323        1.0967392472603037        1.1640990040129613        1.2884167077944044        1.3795846075616600        1.3689043121312654        1.1368668387389207        1.1522021511052238        1.1628140736045625        1.1618319415538405     
  0.27182363336565590       0.63099049839067689       0.51510040582299288        8.5396262631913827E-002  0.13879175478037856       0.16312120605519423       0.16947805291926027        9.5743808961487681E-002  0.63917415396659083       0.30961077404927367       0.31542204489952902        8.4528519560037305E-002  0.14934533885775170     
   1.2771038923478244        1.1162436847713679        1.3539583832333897       0.96470365885838394        1.0785083689299553        1.1908947220780861        1.2590411345651036        1.0664413852409562        1.2143204059454307        1.1943791275891968        1.2880159605133836        1.2595581376825888        1.2558107611242904     
  0.30197971208370539       0.68375865490016585       0.57179176728444936       0.10142200688192815       0.17281368434871727       0.19268163949644282       0.19647190042311774       0.12005423422890381       0.66674987769191219       0.32871477067620392       0.33449714500007915       0.10649980315614672       0.17704076091860529     
   1.2562816380565407        1.1360547018105889        1.0325484441842687        1.1304504886170255        1.2170621917740603        1.3195510155109893        1.2244802955831784        1.2041133610334662        1.0501920821198918        1.3232723993387987        1.4135091101367105        1.4487389176667209        1.1177044941274910     
  0.33361321493723839       0.72235490425042737       0.61840198824778003       0.11903812283180293       0.20694313711839177       0.22152835318660444       0.22042425112431815       0.14459925307541727       0.68739441994234585       0.34260478492791679       0.35512533573940774       0.13226606738178476       0.20752090327901668     
   1.4280798436795943        1.5549341756739010        1.1023420780123712        1.3747769521397137        1.1844822048683012        1.0961485007880583        1.1807542458397846        1.3466616813082215        1.1427412710758138       0.97108424406632443        1.1049382481942587        1.1730278719886433        1.2176810177148254     
  0.36715535109532732       0.75665468634297872       0.65569427064690344       0.13713083969500087       0.23849680464649961       0.25234078338645710       0.23991386093786968       0.16902451158817350       0.71123840624198575       0.36041738767297776       0.37745349311803927       0.15853837319097838       0.24072515326804800     
   1.1706294218167457        1.1481693941977853        1.1758315399585861        1.3035367137669018        1.1147503159099892        1.1599346985836765       0.99512458710235863        1.2001845768762072        1.1658817599431706        1.1102747635444761        1.2518502310619584        1.4039563805028354        1.2859033818721328     
  0.39945646105191418       0.78382909667349687       0.68343968392858911       0.15920286027266908       0.27253181235105534       0.28516371076114572       0.26098411844523939       0.19361516860721045       0.73249483573783469       0.37154334508701881       0.40306329010651992       0.18566567595506389       0.27954141364002333     
   1.5094714776496463        1.1185438872039573        1.0803671754206077        1.3114845914899813        1.2695880871686822        1.4182057581777090        1.1577008002414257        1.3066059628852393        1.3925404824536216        1.4225606868063865        1.2740504082538049        1.0846429150754817        1.2518756022708739     
  0.43344769404624539       0.80882155749823581       0.70974001932292263       0.18238647300412472       0.30498373064007372       0.31623681091523337       0.28794678211353075       0.21892512360026772       0.75399568011694562       0.38013345806597232       0.43109653348769811       0.21712871993814553       0.32010945397748997     
   1.3262018758291252       0.99220600671750159        1.2709583522190089        1.1425435375304624        1.4155105749368893        1.1700001990590607        1.4035091664932193        1.2942758647932184        1.1956689464269723       0.98723213151835232        1.1122811460382527        1.1873566490937093        1.4360658165175766     
  0.46161578015636445       0.83485205412812857       0.73437613156593473       0.20567100315882508       0.33019994790965901       0.34653877878011191       0.31026343498523312       0.24311720531229669       0.77442586802707136       0.39731921485980287       0.45897885247448422       0.25146076258207811       0.35307584397182645     
   1.2077813849599821        1.0565502650157430        1.1524803799037133        1.2125377664099766        1.1062773868233158        1.1224238000029345        1.5041541040125441        1.3112414172363736        1.2794468780146706        1.2260691119511180        1.5803964692467756        1.3225992427581421        1.2044310857072524     
  0.49114783278846819       0.85830504242927197       0.75599523284615733       0.23079734357412168       0.36113023440375797       0.37477776660273115       0.33402447795525897       0.26899822798763462       0.79225587021764365       0.41233212150075221       0.48419487301694752       0.28672363894704433       0.38521757887875979     
   1.1514875858523117        1.2229588765479535       0.97828600581008018        1.1618646835417019        1.0760811505182870        1.3137938492975252        1.2378579634101035        1.0926577745643904        1.2651294031912712        1.3650200565123241        1.0797872196984521        1.5242703372848432        1.1218154864384497     
  0.52040094388474412       0.87327589806039341       0.77762130408416308       0.25975954545291596       0.38573019732695457       0.40124654045857300       0.35892978024072103       0.29721825023621162       0.80874905451627710       0.42537700049632732       0.50570785529083817       0.32146609855024788       0.41540148294177237     
   1.2295329328078977        1.1529308858556682        1.3149683356676292        1.2061333294106560        1.1216271258557453        1.0136418899494490        1.2083939496179177        1.2104001897388836        1.2190095448724427        1.2040392210637243       0.99729646034531272        1.1774444579746199        1.3645047647913722     
  0.54964225213599305       0.88804462157634190       0.79859412259842011       0.29066134709025537       0.42341761897279628       0.42770498866537754       0.38228033584220650       0.32958661981734555       0.82326964089617161       0.43897491420515983       0.52706392578781647       0.35198488460266181       0.44344808504355093     
   1.1874535863766564        1.1725596442209496        1.2785665170412597        1.0845538318313124        1.0852001194730696        1.1587001483635466        1.2883051332334154        1.2347256781909726        1.2698014481263016        1.1933158406233031        1.3005075596861173       0.96739653774219792        1.2863345806876234     
  0.57881119623377486       0.90205978787605157       0.81702476655516898       0.32740805160563935       0.45967129920931832       0.45667210844477035       0.40281846328775095       0.38859905677384338       0.83550140958079022       0.45297554759158698       0.54873584809661236       0.38627117640408631       0.47286391348103451     
   1.1780920012488276        1.0754377860568312        1.1024529958170188        1.4001395166814026        1.1360309212957764        1.1936137596327596        1.4647500615576290        1.5065500791030586        1.0808948538754308        1.4259344030372378        1.0197511524325549        1.1216358385118192        1.1345466873404519     
  0.60292764941292576       0.91487698711747212       0.83525127366726037       0.36431121956135548       0.49492146967087575       0.49110331574778393       0.42513756872962372       0.45394730258430388       0.84817956877762957       0.46679471739302719       0.57229546942773879       0.41952164028907823       0.49771126354057899     
   1.0260650235895659        1.4575132241795219        1.1116495099623265        1.2044149689220456        1.4076469447925533        1.3221069642267755        1.1632569996805306        1.3168019081754279        1.0937631068460183        1.2301267954967374        1.1314770599763457        1.2183433125211305        1.1995416837714066     
  0.62528005782686935       0.92633837804364572       0.85294246319893141       0.40095628609902850       0.52881125648043925       0.52740215714893490       0.44579923779752273       0.54912766365809784       0.85954873149558519       0.47939286682338894       0.59819659087927390       0.45901851966034724       0.52916609613488363     
   1.1164169258139005        1.2128439211676549        1.4596335973945287        1.1945991289496984        1.2294731867850490        1.3616269623135486        1.1667713570603255        1.1825896297774239        1.2155587557468914        1.1314770599763455        1.0484671861122035        1.1557147950160211        1.4455365056801908     
  0.64649167377690586       0.93672525678253382       0.86915844181411261       0.43827609658509270       0.56200497618759604       0.55863691035894236       0.46713791666343379       0.60625405808107846       0.87063987245661978       0.49065305748820603       0.62974671291625617       0.49583130698376898       0.55490184396325315     
   1.1976691954756251        1.1223604153775526        1.3585480709935329        1.1207484847856783        1.3285854380070790        1.2589122530472838        1.3492066488294141        1.2268960851443411        1.1542507277544336        1.1092203320644438        1.2517553922050988        1.2784649132635868        1.2135336647731492     
  0.66653057961120488       0.94464551769189198       0.88684174897729706       0.47836008400549751       0.59486205872090070       0.58753363892917188       0.48927847975663163       0.66194078541428436       0.88071354252318712       0.50374149323627471       0.66499090377664127       0.53158260779868960       0.58334417339752820     
   1.1006196960432129        1.0008004377607416        1.2362893862756199        1.0060548110727345        1.2760221506899885        1.2650697794427095        1.0718533579630798        1.1789349930442654       0.98108553239054075        1.1822889048545118        1.2848677888520030        1.2889510937367352        1.2248934500369435     
  0.68796201296473491       0.95291888247730039       0.90273507916072804       0.51880867133738340       0.62525269257397453       0.61361465477690347       0.51168251837312229       0.71228802994433771       0.88976957954898872       0.51795668518358851       0.70116114115747308       0.56340528738860618       0.60744610354825201     
   1.1307529299933508        1.0894059659503923        1.3108578296927407        1.3275061152887795        1.3346279702415316        1.2610023704713480        1.1379074473495909        1.3634323182561925        1.1377668813438331        1.3811502574875674        1.1463601471354157        1.3673215138218986        1.1245727491758279     
  0.71000472883060317       0.96005595921870235       0.91771899440249483       0.55702731717833354       0.65200286811873664       0.63751571194012191       0.53465384755236733       0.74116728852179126       0.89875280961717940       0.53273683190088061       0.73730030166158889       0.59204976000241105       0.62869294587495395     
   1.0611365875613947        1.1000443131873807        1.3145902395058380        1.4094835951016949        1.3358889987357745        1.1956862312838321        1.1715955962141256        1.0704765084026426        1.2722409705912945        1.4464761390643059        1.3482461780994399        1.1121061374023071        1.0939841875799043     
  0.73227635406668190       0.96656382077796121       0.93153605012944707       0.59935878113234320       0.67663129684189616       0.66625485873804247       0.55938828603339963       0.76726907417245493       0.90683832101950379       0.54931005282882917       0.76916649392675496       0.62059364577164888       0.65924416457912682     
   1.1191681107014166        1.2602848555701986        1.1214580511104038        1.1136610307022738        1.0195077609905316        1.1729842135259663        1.0916613747809969        1.1541524149254994        1.3287244243276404        1.2086233685080887        1.0686870890935798        1.1810690467993992        1.2075063554548233     
  0.75790545219482397       0.97224264959257534       0.94412827972805535       0.64256328429227560       0.70312422245073458       0.69773001916559196       0.58558489784507139       0.79223040495336849       0.91462816445712081       0.56706007685820636       0.79629866793085557       0.65111938892300125       0.69135816351178747     
   1.2824308134268645        1.2411831438033678        1.4678224769903838        1.1329729705589506        1.2060343307668422        1.3281888010872624        1.0382755291557595        1.2328789115146210        1.2346951351102504        1.0941918760029181        1.2383910034616670        1.2036941498546756        1.3700646523859019     
  0.78533064470504266       0.97711093257342374       0.95669560355178951       0.68386763474151213       0.73195703531736778       0.72951232379066389       0.60631687070705520       0.81707408023728290       0.92234391309617025       0.58424673288692863       0.82411144304000983       0.67960519375923167       0.72938722028269576     
   1.1612305437128305        1.0787152591944442        1.5796855786249966        1.3246440497272896        1.4288663286206584        1.1644417778421370        1.0235425707256420        1.2136444299372315        1.3693329989650465        1.0764073391834290        1.4772043998792543        1.2355989230463646        1.3204570008155396     
  0.81370016222186103       0.98123048305592653       0.96508648625079096       0.72342947193676244       0.76404065357744511       0.76731572452792041       0.63026997491723169       0.84322039935852111       0.93033298120663355       0.60153232082959451       0.85061660334326872       0.71208177065150968       0.76745560060095597     
   1.3277779957389948        1.2118283853047811        1.2799464533800335        1.3169204823342018        1.1798697419730442        1.2276741277689367        1.2158433325735696        1.2004140665506426        1.1173349936814589        1.1334918203892432        1.0533574901931715        1.1756495966813161        1.4400106129240280     
  0.83468296325940983       0.98474384903736834       0.97153786700069800       0.76865711215848409       0.79719966026702993       0.80331526637684558       0.65501325114462949       0.86675274953399861       0.93835461571548606       0.62011287584159802       0.87412650713291662       0.75732645850065194       0.80309364204243827     
   1.0894059333046078        1.2470867997899358        1.2446340017377038        1.3932344288052536        1.1542837230238159        1.1702970663380874        1.2669785270037652        1.1461762068074446        1.1965386020886213        1.0570457475231032        1.2246249873550947        1.3149789541955668       0.94637508391316649     
  0.85656866938243337       0.98793640083743661       0.97815164816583600       0.80694845870564125       0.83054382190578901       0.84019679733546426       0.68156765716937107       0.88851844162026439       0.94669314198650245       0.64090621074850773       0.89845598841231589       0.79703276866976369       0.84071439662119452     
   1.1192274626361685        1.0753609219770131        1.1152671948125039        1.3300595483844231        1.3396696764079583        1.4042260784618310        1.2336320348066132        1.5080094838113796        1.1930678712434430        1.3451201725134925        1.3607895376684918        1.0951686525488622        1.4775440726713414     
  0.88157612417911280       0.99085606725116848       0.98334811161203506       0.85663711653964836       0.86287695207894044       0.87146609850621459       0.71597873619535601       0.91151542740473923       0.95605816198737947       0.66569839849503265       0.92125768656258678       0.83494528514461097       0.87679064508932170     
   1.2205930945184267        1.2283225297925984        1.0657943376523056        1.2201131357496251        1.0249415557004591        1.0213518238015153        1.1390055562236650        1.3482459581086284        1.2837126423094893        1.4982986798594000        1.2180833118977654        1.2726860202749004        1.1558522002473213     
  0.90247864927860533       0.99334245265579357       0.98950806137225777       0.88771015315174295       0.89655143322635233       0.90129702033016112       0.75561487321618381       0.93485363932622578       0.96571972933721628       0.69334097838034814       0.94441494849536090       0.87670507918260243       0.91090161561166993     
   1.1662730917786361        1.6650299559593995        1.0219044911777915        1.0989296404445110        1.2600032384472444        1.1579230678483332        1.4359287678852715        1.1528467805209242        1.4329285442834012        1.2740212226403160        1.5084617751988243        1.0993021062539712        1.0366317555488573     
  0.93087473378764951       0.99541891242557778       0.99375674419251225       0.92881086922450007       0.93167848341146786       0.93337070183546100       0.80106243439517011       0.95552572050810003       0.97433998908441422       0.72718544176026612       0.96760833607186458       0.91407333262462498       0.94224513556681544     
   1.1308983726986255        1.5270732633686654        1.2661629666442547        1.3822787609601850        1.3288893256527643       0.98229886720385551        1.4744306843982053        1.0502271727023815        1.1758311710088096        1.3463098330063976        1.3406811621310430        1.0668130390095087        1.1043921999223241     
  0.96393478260298970       0.99733229853632388       0.99698126852255453       0.97008437168137773       0.96295276906919292       0.96728806510275855       0.87417775858943003       0.97629992096613094       0.98494770557713562       0.79723762827886924       0.98355352256495376       0.95142668464090940       0.97103915413815389     
   1.5461713668290049        1.4339766499198487        1.1643865637319410        1.1254423143948886        1.3018967901745098        1.1890162341399173        1.5390541587130024        1.1146267171308528        1.0926560579958511        1.3457099636487899        1.1263205872744499       0.93362416526584946        1.1134644589872653     
   1.0000000000000000        1.0000000000000000        1.0000000000000000        1.0000000000000000        1.0000000000000000        1.0000000000000000        1.0000000000000000        1.0000000000000000        1.0000000000000000        1.0000000000000000        1.0000000000000000        1.0000000000000000        1.0000000000000000     
   1.4624904315035907        1.3867034846295685        1.4064763950850814        1.2996843206948290        1.4386070136568714        1.2439269478375976        1.0101921478450897        1.4089340680528828        1.2696682622887734        1.0298775826560820        1.1420848646775197       0.98512390045721521        1.2196936759717001     
   25.347192353327845        24.023652285026614       -7.7599649790636276        14.663460017026594        8.0690739404949809        5.0079054986860188        3.1699648661557385        5.9883067251049624        15.594914243334193        9.8838400149562879        14.424553396434995        10.340437863707518        21.710742377500630     
   22.481164242766710       -1.6739267979196635       -4.7891168222034617        17.698215123699462        9.3164649887580673        8.8557223822462614        5.7218003556129160        13.216633499226335        11.977558696830949        8.6522982396505039        14.923380411535817        13.399820040557366        8.7056741111658340     
   14.557912941869191        8.1188016625361090       -7.2137659829780905        4.7270898909942005        14.680015728886033        9.7759887449355993        9.3473453489309186        6.8157308490905386        8.9729007318328957        10.784127794972839        17.038191106344946        17.248694615782075        7.4219685992467959     
   11.463267388768898        9.3721814895314370        2.4353121643008446        1.2537017809055686        5.6070478551071403        11.196580725926065        15.930951140189064        4.5150770532413693        10.590083692015554        9.8671976807429349        15.909272520074788        7.0548015995650806        13.484182212129015     
   12.743798383535289        14.560170492454567        1.1771598223954221        1.6652499059953856        16.123787888326373        17.168289494016747        13.474429262451570        5.7690923652313320E-002   6.3494963093675638E-002   12.665447858475563        1.1025334683899528        14.169889528412922        13.715338912739721     
   11.090168401379323        7.7989923988857317       -14.643113777999520        9.9907429332644142        15.650515228917664        10.647480089382698        16.253358810625866        21.341415281082639        6.2392616018902274        13.234924404347932        11.917499351963125        10.289612720884778        10.712983123810805     
   19.366891857614583        7.2326915322270917        6.6499060941154449        15.334971288945754        16.033057109564947        16.789962835974379        14.366276535242184        19.252004739223111        15.861372211862280        8.1108633097526557        16.663517064578514        13.853219001198806        16.463873410749638     
  -11.654659166241787        17.313734007104312        28.296244447307863        25.012349042834455        12.544194406749229        3.7316734508393807       -25.390659729397047        18.859088436569493        16.729822097971194      -0.99900554887878101        10.604463038377125        14.830090063495739        10.416734201081985     
  0.24034502514870310     
           1           1           1           1           1           1           1           1           1           1           1           1           1
  0.17148170866815554        4.1172235539174803E-002  -9.5268734099281940E-004   13.009312578161213        3.5192349017404189E-003   3.0757120423716470E-006
   3.7652160407785754E-003   3.0882146292744738E-003   5.2484478478538610E-004  0.69539449278716647        5.2473656262889805E-004   4.1936241892722865E-007
   5.6981712066600278E-003   13.408345133303312     
