     
 Soft #          18
 ME*wgt:
   1.0061580631780924        3.3719540273810938E-017   3.3513164092034415E-017
  0.99998281122823962        3.3512588041905870E-017   3.3513164092034415E-017
  0.99998471764924923        3.3512651932105991E-017   3.3513164092034415E-017
  0.99999825203950166        3.3513105512347405E-017   3.3513164092034415E-017
  0.99999952371140699        3.3513148130096641E-017   3.3513164092034415E-017
  0.99999712837503063        3.3513067854795607E-017   3.3513164092034415E-017
  0.99998703634413177        3.3512729638908069E-017   3.3513164092034415E-017
  0.99995918247478943        3.3511796167614200E-017   3.3513164092034415E-017
   1.0000000005000083        3.3513164108791275E-017   3.3513164092034415E-017
   1.0000000000500007        3.3513164093710097E-017   3.3513164092034415E-017
 wgt:
   1.1111111111111109        1.9173273726862149E-004   1.7255946354175936E-004
   1.0101010101010102        1.7430248842601956E-004   1.7255946354175936E-004
   1.0010010010010011        1.7273219573749686E-004   1.7255946354175936E-004
   1.0001000100010000        1.7257672121388074E-004   1.7255946354175936E-004
   1.0000100001000012        1.7256118915365094E-004   1.7255946354175936E-004
   1.0000010000010002        1.7255963610139549E-004   1.7255946354175936E-004
   1.0000001000000101        1.7255948079770745E-004   1.7255946354175936E-004
   1.0000000100000004        1.7255946526735405E-004   1.7255946354175936E-004
   1.0000000009999999        1.7255946371431881E-004   1.7255946354175936E-004
   1.0000000001000000        1.7255946355901531E-004   1.7255946354175936E-004
     
 Collinear #          15
 ME*wgt:
   2460739.6209858488        3.2947429650658512E-015   1.3389238491416961E-021
   210612.87322887627        2.8199459890239908E-016   1.3389238491416961E-021
   20411.956451732320        2.7330055300866115E-017   1.3389238491416961E-021
   2025.6091766639227        2.7121364356756011E-018   1.3389238491416961E-021
   203.06060776422649        2.7188269055673032E-019   1.3389238491416961E-021
   21.220575216168296        2.8412734249432935E-020   1.3389238491416961E-021
   3.0309249496468116        4.0581777000407104E-021   1.3389238491416961E-021
   1.2061819983544722        1.6149858440021928E-021   1.3389238491416961E-021
   1.0000000004602347        1.3389238497579154E-021   1.3389238491416961E-021
   1.0000000000443601        1.3389238492010909E-021   1.3389238491416961E-021
 wgt:
   1.0000009706206223        2.3143585434795919E-005   2.3143562971176426E-005
   1.0000000930338659        2.3143565124311562E-005   2.3143562971176426E-005
   1.0000000092649217        2.3143563185599723E-005   2.3143562971176426E-005
   1.0000000009261094        2.3143562992609897E-005   2.3143562971176426E-005
   1.0000000000926075        2.3143562973319694E-005   2.3143562971176426E-005
   1.0000000000092608        2.3143562971390756E-005   2.3143562971176426E-005
   1.0000000000009264        2.3143562971197866E-005   2.3143562971176426E-005
   1.0000000000000926        2.3143562971178571E-005   2.3143562971176426E-005
   1.0000000000000098        2.3143562971176650E-005   2.3143562971176426E-005
   1.0000000000000009        2.3143562971176447E-005   2.3143562971176426E-005
     
 Collinear #          69
 ME*wgt:
   21.238837260480825        3.7942325681038003E-023   1.7864596453986403E-024
   5.0148655688675206        8.9588549658809219E-024   1.7864596453986403E-024
   1.6549843897975931        2.9565628261380934E-024   1.7864596453986403E-024
   1.1185894216764094        1.9983148615947086E-024   1.7864596453986403E-024
   1.0274404868632472        1.8354809678299231E-024   1.7864596453986403E-024
   1.0069289102275183        1.7988378639066916E-024   1.7864596453986403E-024
   1.0006436306468596        1.7876094655757968E-024   1.7864596453986403E-024
   1.0533592900160014        1.8817838637193493E-024   1.7864596453986403E-024
   1.0000000005536505        1.7864596463877145E-024   1.7864596453986403E-024
   1.0000000000000000        1.7864596453986403E-024   1.7864596453986403E-024
 wgt:
   1.0000000194412313        5.2127313281768397E-005   5.2127312268349265E-005
   1.0000000018634414        5.2127312365485451E-005   5.2127312268349265E-005
   1.0000000001855738        5.2127312278022726E-005   5.2127312268349265E-005
   1.0000000000185501        5.2127312269316224E-005   5.2127312268349265E-005
   1.0000000000018550        5.2127312268445962E-005   5.2127312268349265E-005
   1.0000000000001856        5.2127312268358941E-005   5.2127312268349265E-005
   1.0000000000000184        5.2127312268350220E-005   5.2127312268349265E-005
   1.0000000000000018        5.2127312268349359E-005   5.2127312268349265E-005
   1.0000000000000002        5.2127312268349278E-005   5.2127312268349265E-005
   1.0000000000000000        5.2127312268349265E-005   5.2127312268349265E-005
     
 Collinear #          33
 ME*wgt:
   1.0593414112239592        2.7706228571832149E-017   2.6154201354047390E-017
   1.0043711192223996        2.6268524486332578E-017   2.6154201354047390E-017
   1.0000303755082565        2.6154995801206564E-017   2.6154201354047390E-017
  0.99987487361383376        2.6150928773348896E-017   2.6154201354047390E-017
  0.99994684682833834        2.6152811175293146E-017   2.6154201354047390E-017
  0.99998859825512609        2.6153903150516171E-017   2.6154201354047390E-017
   1.0000144530053761        2.6154579360860169E-017   2.6154201354047390E-017
   1.0007041818130786        2.6172618666976508E-017   2.6154201354047390E-017
   1.0000000004621712        2.6154201366135109E-017   2.6154201354047390E-017
   1.0000000000462175        2.6154201355256169E-017   2.6154201354047390E-017
 wgt:
   1.0000025622708995        7.5950780522996597        7.5950585917020499     
   1.0000002455929937        7.5950604569952267        7.5950585917020499     
   1.0000000244577549        7.5950587774601317        7.5950585917020499     
   1.0000000024447651        7.5950586102701836        7.5950585917020499     
   1.0000000002444664        7.5950585935587869        7.5950585917020499     
   1.0000000000244467        7.5950585918877245        7.5950585917020499     
   1.0000000000024449        7.5950585917206190        7.5950585917020499     
   1.0000000000002447        7.5950585917039080        7.5950585917020499     
   1.0000000000000246        7.5950585917022373        7.5950585917020499     
   1.0000000000000029        7.5950585917020712        7.5950585917020499     
     
 Collinear #           8
 ME*wgt:
   1.2509361027477766        2.2512874704716088E-020   1.7996822263954843E-020
   1.0228687167943307        1.8408386495507132E-020   1.7996822263954843E-020
   1.0018856740960276        1.8030758405508794E-020   1.7996822263954843E-020
   1.0000572914302361        1.7997853327642049E-020   1.7996822263954843E-020
  0.99996385326526604        1.7996171737594413E-020   1.7996822263954843E-020
  0.99998245561804877        1.7996506520831136E-020   1.7996822263954843E-020
   1.0000096278494375        1.7996995534649952E-020   1.7996822263954843E-020
  0.99990237418436367        1.7995065309502462E-020   1.7996822263954843E-020
   1.0000000004624416        1.7996822272277322E-020   1.7996822263954843E-020
   1.0000000000461575        1.7996822264785533E-020   1.7996822263954843E-020
 wgt:
   1.0000124759065256        4.7067526672379669E-003   4.7066939469642402E-003
   1.0000011958016490        4.7066995752366239E-003   4.7066939469642402E-003
   1.0000001190856378        4.7066945074638912E-003   4.7066939469642402E-003
   1.0000000119036407        4.7066940029910336E-003   4.7066939469642402E-003
   1.0000000011903143        4.7066939525666858E-003   4.7066939469642402E-003
   1.0000000001190310        4.7066939475244830E-003   4.7066939469642402E-003
   1.0000000000119029        4.7066939470202631E-003   4.7066939469642402E-003
   1.0000000000011902        4.7066939469698416E-003   4.7066939469642402E-003
   1.0000000000001190        4.7066939469648005E-003   4.7066939469642402E-003
   1.0000000000000118        4.7066939469642957E-003   4.7066939469642402E-003
