   0.0000000000000000        0.0000000000000000        0.0000000000000000        0.0000000000000000        0.0000000000000000        0.0000000000000000        0.0000000000000000        0.0000000000000000        0.0000000000000000        0.0000000000000000        0.0000000000000000        0.0000000000000000        0.0000000000000000     
   2.8961243853766385E-002  0.13638216325394870       0.29054723743876298        2.2762823661998367E-002   2.9518315127527742E-002   3.0110227055062600E-002   5.5918393348852154E-003   6.3127145310370766E-002  0.47906616458285317       0.13866139264341298       0.11954310731052480        2.4800241539772123E-002   2.1945200529902727E-002
   1.7362935248217546        1.8800419325861093        1.5957057259282925        1.7723060041291527        1.3863996101699860        1.5918318552724902        1.5022113648519393        2.1503970947264319        1.7337153656495590        1.3986716096648428        1.8496084323392672        2.0342494511695861        1.4193617637660396     
   5.8521122786727144E-002  0.34626059648319163       0.42993871886452933        4.6151811298504590E-002   5.9224431111698200E-002   6.3749721515694163E-002   1.1466343862583939E-002  0.12343124800003771       0.59726350393116323       0.18469422782689687       0.17737824557876020        4.5492255904912751E-002   4.7040715308169903E-002
   1.5466997142313195        1.4613782566169189        1.3996964745571414        1.5768443260454790        1.6126717109991815        1.6034416721421110        2.0111986977726382        1.5446981521221572        1.8014704348649790        1.8268391820796415        1.5316686616437361        1.7381674581090609        1.7412423874467331     
   8.7668946097150605E-002  0.59132356784620044       0.52162184672521861        6.7193706850279200E-002   8.8509509553782867E-002   9.6115607364384875E-002   1.8333186236897687E-002  0.16761419023282004       0.67563298007965711       0.20660335022587556       0.20673656132690846        6.6564465013981472E-002   7.4290258636389592E-002
   1.5059950189137399        1.7477889227615016        1.2425675528949724        1.3816173217253833        1.5096669377160146        1.5279544548006154        1.6768606553449183        1.4797538421013670        2.1888916385047192        1.5954412947842822        1.6073813134454349        1.7427828237878904        1.7553025170498520     
  0.12045932806671859       0.75376374780390454       0.59262492599468475        8.9606807304437291E-002  0.11842968396588902       0.12596058683282219        2.5873169554341647E-002  0.20333671399126471       0.71564895635974846       0.22688884627038874       0.23582110993255792        8.9027120247994168E-002  0.10295799725141129     
   1.7474905292617884        1.8434163028548991        1.3221113020626989        1.7852461429666158        1.8513258829729387        1.7146649685649273        1.9044005358179754        2.0319683260272154        1.5049530990697095        1.4191355497541680        1.5411838294922342        1.7083674794992549        1.5080412375670782     
  0.15235601725020373       0.83804535223517251       0.65376582688251905       0.11401724410685329       0.14874857587617057       0.15432031758153952        3.3243618096209480E-002  0.23226064833566823       0.75335793293540465       0.24847071145209418       0.26503314342868056       0.11503882126798161       0.13534551518666926     
   1.6938947625934553        1.5693150896843042        1.5646627095097407        1.6660857971043015        1.6123298619090749        1.3722399768247551        1.6188536528899276        1.4384768527264380        1.6921627843956892        1.7819936168328834        1.6139939425143397        2.2535122081873009        1.6381233830192332     
  0.18066054032946252       0.89143266002881549       0.70598075438382479       0.14153676985225086       0.17916108301164985       0.18108512443737002        4.2028098752851892E-002  0.25761488596132953       0.78184634895731131       0.26681801015474571       0.28613800579055315       0.14214984033479547       0.16627926521431002     
   1.8651018803241299        1.5389279513871876        1.5999178184038549        1.5373823795705959        1.4492434929631148        1.3871345222251945        1.7915978415059184        1.4053885068588647        1.3560646615400760        1.3292294255993884        1.3927135760617952        1.5688116476383724        1.7989437254972986     
  0.21384087497088169       0.92438771513870255       0.74949773458370306       0.17145759207140940       0.21147656161214437       0.20642617427257889        5.1746935832297392E-002  0.28089434271705638       0.80553431498370387       0.28182028791170105       0.30971841408378281       0.16780337550280158       0.19535977294696549     
   1.6333731419100093        1.6650894800785225        1.6057292593856438        1.7350458940762044        1.6689546417706107        1.2296524148136283        1.5572056772276219        1.3653609059637208        1.5835508902442148        1.7725033456574268        1.4441891632355572        1.6987547083930929        1.3791647935015376     
  0.24835731887486873       0.94267815187016835       0.79322416336702062       0.20018643334701725       0.24542496129040270       0.23515481690922876        6.1502010280532822E-002  0.30122696360826529       0.82601315585782431       0.29624304905206350       0.33734664278643128       0.19606332398794943       0.22514175889635143     
   1.5513468200538534        1.4424356088670971        1.3737581897989484        1.7975864488979083        1.8531550428378953        1.6955218274015738        1.5462582918165397        1.7401395224391396        1.5247655400198015        1.5518354571629798        1.6676386503911076        1.5472287147812704        1.7897501198389010     
  0.28003372593074161       0.95563536844332153       0.82611260952970833       0.22952159344024625       0.27932476505576226       0.26869153375091537        7.0895820531805376E-002  0.32099044703397556       0.84313852071001383       0.31006710377131014       0.36260027777308496       0.22521436173468334       0.25726726545799883     
   1.8565619507562057        1.5726656176547442        1.4941226449725324        1.6966079095651474        1.6335617579571304        1.5303089527280218        1.4779817659532675        1.7258528087484886        1.4495493237014552        1.3131892850427485        1.7807645635259419        1.5766844343231201        1.6128384177617354     
  0.30950405618505766       0.96546418105171761       0.85348849447021757       0.26002859544162682       0.31407295053144335       0.29900314668659239        8.2526205451895387E-002  0.34086517619624657       0.85793673377151536       0.32413176007077116       0.39094204012321121       0.25663924305784763       0.29325939048692634     
   1.5513772845217131        1.3635460411168971        1.5525268789391835        1.4418306709882038        1.8659262826043679        1.5913998264769142        1.4047265632493333        1.6631275487760155        1.4906323236488304        1.6983226179242530        1.6744014007196502        1.5190209367166765        1.8046499197610124     
  0.33934992845606082       0.97239406717566168       0.87629458544293792       0.29022823939913350       0.35165183525359611       0.33240463943398357        9.6489248419339993E-002  0.36156822997886251       0.87192620834473089       0.33814074481494877       0.41833517576136886       0.28810918472787345       0.32719008683285422     
   1.4718958328584371        1.5952432301293005        1.2530866768978313        1.5355236738378286        1.3819313823648804        1.3998107651066853        1.4719507434358343        1.5615582709494755        1.4135933726920147        1.5903594271497474        1.3268108811146759        1.4351168398364602        1.4483661243295076     
  0.36822366477367724       0.97793934657605819       0.89629250422090390       0.31978476219568902       0.38170683164452640       0.35951140808095289       0.11059342337851046       0.38319541382014682       0.88408306175881002       0.35396160839831303       0.44911323426083338       0.31982911909029360       0.35923395952973175     
   1.5648575410064880        1.7905508775207495        1.6813317008808111        1.3488169172583575        1.4629678611259407        1.4667961449350977        1.5329428873475235        1.5325262126791130        1.4343447442527264        1.6129074848879730        1.5378299064104692        1.4085418431083239        1.6807567706462980     
  0.39637317099726938       0.98212774777543177       0.91260338808649333       0.34966321248923621       0.41324112555801296       0.39072916659956830       0.12513577366718184       0.40476121469745729       0.89654435892512430       0.36874218139404580       0.47434022583706248       0.35271382042641181       0.39382427528148023     
   1.4394073826401828        1.5222819879443543        1.4477540567060190        1.3874749221741018        1.4524855034842774        1.5907999125614642        1.5099310835171436        1.6135266980728866        1.6149038109056431        1.5836078042438504        1.4703825965701656        1.4432642007680003        1.5435330740355433     
  0.42564052072305458       0.98547673455204232       0.92578894764670983       0.38706689283543211       0.44607257736466249       0.42175144002763443       0.14156374361687502       0.42762454204964712       0.90648964318596592       0.38491664535435016       0.50323484067843882       0.38815280024510868       0.42699242493589834     
   1.4715003639517550        1.4149182122633106        1.4572410739910966        1.6356963586925464        1.4842669885627398        1.4690277511804011        1.4714653647903493        1.6239093050618862        1.3069771928719098        1.5689467763557658        1.6178822352297255        1.8551102882256880        1.6740218359669772     
  0.45699833487321662       0.98803174619755074       0.93749557706268061       0.42188752825830472       0.47673886666972082       0.45418803434434379       0.15991295134462208       0.45227264440704018       0.91588621680488969       0.40104234723962046       0.52678184536373351       0.42481038291525863       0.45717742893592000     
   1.5404020185377238        1.4899476514794632        1.7045762410326009        2.0532631900496088        1.6169112272788386        1.5782313551648068        1.4844855284724581        1.4019000097584002        1.5803148837462311        1.3886377889633068        1.5381266660185882        1.3892381000515011        1.5128781469386205     
  0.49130148350134467       0.99041756320920238       0.94764414701430211       0.45620585751956783       0.50582366978189464       0.48781837521450977       0.18226583993431539       0.48136872051883628       0.92411933255568601       0.41735346175536259       0.55510981494873535       0.45955158805389451       0.48980434977123610     
   1.7722221994304332        1.4927163252282403        1.7193397799613406        1.5482367402016821        1.5164918494512394        1.6595022399989658        1.5706650636328596        1.5466125560868493        1.3848067207037709        1.8468043779194110        1.5190021590030234        1.4446514706368643        1.9814848583690134     
  0.52483594231106412       0.99211625397995462       0.95653451686011115       0.49098664184116259       0.53518801499038637       0.51991644772179679       0.20139834616861635       0.51751529019116427       0.93138237507125277       0.43386190528141216       0.58350488651813914       0.49305684546301159       0.51952355855463506     
   1.5929560901099107        1.4074388716309187        1.4934066171136926        1.7982628464691743        1.5676405713976371        1.7399422817014989        1.5434354551212166        1.8588998707381406        1.2899599896865817        1.6352021728287001        1.4774437028705518        1.6840529168815741        1.4829042334321885     
  0.55621091226492059       0.99359950807432207       0.96354949743400253       0.52402840898469305       0.56567931214777512       0.55225708475246393       0.22633483922317821       0.55336464283336739       0.93829706976529270       0.44881504970832664       0.61566749107363516       0.52962826635654781       0.54661220014646805     
   1.5830349642539905        1.5545386510686490        1.8562044765956123        1.4018302062299091        1.6513618090247939        1.5883600217255671        1.5103566546026828        1.3520866900633988        1.6634860879104796        1.5385360649399069        1.6342435191993490        1.4534205201283066        1.5237112017493104     
  0.58627139861490807       0.99482974139487101       0.96927843613157416       0.55736539404232588       0.60260183499787234       0.58165467322486253       0.25050029078813946       0.58207891017901303       0.94515813221700529       0.46528843307174944       0.64427863783818662       0.56396465871417256       0.57465925236180759     
   1.5653552202013348        1.6936137693854398        1.4070169848770919        1.5685985989791282        1.4792147218279175        1.6608972554376591        1.5026684547145990        1.5975323575843061        1.4266864932834689        1.6336097756522785        1.4869507034715321        1.8455817411987256        1.3241193808798841     
  0.61888437047009648       0.99578762242142638       0.97467778982312647       0.59527131959850110       0.63486296132489073       0.61055755559826574       0.28010485762571913       0.60332210435005462       0.95175074836500428       0.48186051669416480       0.66752533144025983       0.59807506533145061       0.60261709696037646     
   1.8033929859438547        1.5875253426926950        1.5105501377412471        1.4554732450229089        1.4295209322221816        1.5755771654599080        1.2130153193637445        1.4521130029215048        1.6383146060883778        1.5807945409243398        1.5192154117283154        1.2946873592563899        1.4517609825612448     
  0.65053890075771448       0.99667406191838326       0.97935461878572705       0.63174249837923391       0.66580205989359409       0.63891183856639433       0.30838325114670168       0.62404676322579677       0.95736293160075936       0.49559907778480877       0.69321033073205374       0.63063783935752082       0.63508994045657696     
   1.6116221996052114        1.3931251987161009        1.8808199134375090        1.4956684873702506        1.6836824986888437        1.7294660938203330        1.4733115308721030        1.3651483734077792        1.5722197078975986        1.4013625862503518        1.6040162893453369        1.5498737423451578        1.4604441572553433     
  0.68272255063557563       0.99731817314939586       0.98283304679164185       0.66965374207873574       0.70047744568969572       0.66836213102016895       0.34053145696826137       0.64469582746028320       0.96197654966195689       0.51351734288909978       0.71890800837930835       0.65796780766725083       0.67016312640901254     
   1.3646833354645576        1.5141309637963170        1.6824785659311852        1.6044750594833177        1.7053631622378906        1.6169693728610848        1.6684048387917878        1.3557693604158478        1.6252507366253399        1.6201705319127033        1.4808453781031985        1.4717583028225463        1.4733821715536768     
  0.71305818674881516       0.99787097708483929       0.98599532268964507       0.70840935930890514       0.73470595477757417       0.70430325204798461       0.37501938651665356       0.66699483186346331       0.96628360001018154       0.53148045022312640       0.74691152596983357       0.68964924530928706       0.70776504715474453     
   1.4215736562699948        1.3468201568903826        1.5708084670054336        1.3439917086446604        1.6976876482687595        1.4840661676470823        1.4216705623937629        1.3304987749782322        1.3178749031112909        1.5278670175977851        1.6893586656075084        1.5916865997590588        1.5383981504888822     
  0.74594781030239377       0.99830225068184764       0.98890685311624205       0.73861867309971008       0.76532820702231308       0.73463868183433312       0.41489531311581884       0.68963369224576021       0.97073533707019977       0.54985587336975228       0.77765322853475116       0.72395993186801444       0.74385436429491225     
   1.5984301180915144        1.4100667891108869        1.4696125063175427        1.4038011894770883        1.5978125017684328        1.5142876838013704        1.2758752394925423        1.4520803199844703        1.7251471718315383        1.4904427913347986        1.6346598477643457        1.4193927863735902        1.5340928844013428     
  0.77449204052988274       0.99871035580766543       0.99136092613103433       0.77191616236224481       0.79709604950074653       0.76755286775380904       0.45536694972245595       0.71451206098507680       0.97446051896151609       0.56908563775962806       0.80683807274265618       0.75707267395111333       0.78255815303442300     
   1.3530367301406963        1.3841486155473279        1.9264902054300195        1.2990968233240698        1.5087990899806327        1.5332757204377134        1.3130655651509384        1.6501039102906168        1.4318740948445559        1.6195717443745585        1.5750272837064758        1.5277965585463220        1.8141952703923636     
  0.80684290264777103       0.99902428946694533       0.99360876435350509       0.80507266179975367       0.83014967013412588       0.80467197798930346       0.50273762343866690       0.74015615588451356       0.97855349516312762       0.59058399527612115       0.83477165402053144       0.79787132323249155       0.81683909331331317     
   1.4759385628986392        1.5032781430448861        1.5933602288682867        1.4443185234209861        1.3505556731579997        1.8003793287374146        1.9575387435119802        1.7039860360311085        1.4549722158780567        1.5690658008251184        1.6567604094320680        1.6559543424056382        1.5558356338578387     
  0.83607817914538107       0.99933349089879919       0.99527042764603968       0.83985831234229125       0.85647160114221121       0.84014196930111706       0.55674346988987600       0.76806884341544646       0.98265254227545806       0.61496336922213346       0.86283433184962188       0.83256283361514494       0.85081546140617414     
   1.3786766988463086        1.5875659324835882        1.6297855344952563        1.9594503923110118        1.5154173664024237        1.7630052876737170        1.5015370402741968        1.6666853470433451        1.8283300924413048        1.6887644579267367        1.5883111389133573        1.2404295049615350        1.5805412691151990     
  0.86850485230911811       0.99954105281851358       0.99650622214045648       0.87347140304884796       0.88758022635745459       0.87519716547111182       0.61135556907297972       0.79953376716258462       0.98593517901539363       0.63864860472804830       0.89104970622727209       0.86975148066074859       0.88191004196120337     
   1.6972650476785602        1.7644614945882202        1.4717451945998563        1.3248162423293062        1.6430837541870775        1.9693187123311129        1.7756394017367856        1.6996811673087591        1.4940441006815650        1.5332344429433018        1.5939259596090503        1.6472882513620251        1.3148780233388835     
  0.90007860442397480       0.99970084971476481       0.99752578864064723       0.90666493831188211       0.91552521601638026       0.90785177520365967       0.67725226783266057       0.83290380228490635       0.98863842033347071       0.66545214224126870       0.91838157736696691       0.90791487894557676       0.91021655016126479     
   1.5430693157091386        1.6219780743027639        1.5780429558631208        1.7331902861591546        1.6589133835243859        1.4753756838815679        1.6466552919714517        1.6380130127591874        1.7118299279914391        1.2843676408872542        1.5273172309851448        1.4384791834192532        1.3686179508157139     
  0.93148759547380289       0.99981403690139414       0.99841125409867770       0.93844205880605203       0.94415322537766433       0.93829006202261067       0.76681571018540484       0.87111820084657088       0.99188526985863512       0.70245375092058537       0.94640795965280189       0.93982124241344089       0.93915923681466162     
   1.4412717875165963        1.6832501856665252        1.6412404613784735        1.6688093326555860        1.6636307412626368        1.5037031529657969        2.1740118069916874        1.3842309007766014        1.5980757547209905        1.8570564117501827        1.3859559859434356        1.5383158425377963        1.4777073379669379     
  0.96485969415838291       0.99991069789440534       0.99923843967462123       0.97036757809515395       0.97248210888584063       0.96897673376245097       0.86640700490351952       0.92475067579415560       0.99549785483319841       0.76598928460803239       0.97359423240476739       0.97025652779397753       0.96848499665538557     
   1.4189584057964582        1.5445357367704877        1.8155639778720694        1.5806220366772201        1.5989112075939145        1.4859654969044247        1.4741878248170792        1.5916165853716393        1.7168958470605526        1.8022346738670825        1.8116262215931398        1.4804009372905271        1.6846123044557904     
   1.0000000000000000        1.0000000000000000        1.0000000000000000        1.0000000000000000        1.0000000000000000        1.0000000000000000        1.0000000000000000        1.0000000000000000        1.0000000000000000        1.0000000000000000        1.0000000000000000        1.0000000000000000        1.0000000000000000     
   1.6061384724224530        2.0957015517391158        2.0045089530056130        1.5658009058391700        1.3022436199884604        1.5679076814269959        1.6322461869600409        1.6299715655022722        2.0355513937959473        1.4009357445056190        1.5704587167736035        1.4079142530962312        1.5883932345546996     
   33.403837397517748        8.9445129316696406       -15.455703743645202        35.584989121599669        40.967755574020138        63.081098624198312        62.041803979935999        54.240764778819738        10.560087812807655        37.640692627009315        50.372182347935514        25.285390399524506        41.375970946365612     
   40.418338591259605       -2.0165486329699220       -1.1974264352724218        49.293351054591476        51.338848000739404        62.168796641268159        60.314637473846808        41.483472915302400        7.7342908571637716        46.535497659680118        48.667853845412189        22.812106692427314        46.121915008373527     
   44.176420821147779       -17.091281909868464       0.94280779841208862        59.460723263479274        56.757502343579496        54.191655659401405        53.242180996899201        56.925822394975889        3.3624312035723634        49.271159017718773        39.293110170302235        32.242143154792224        37.790854184291554     
   60.854521359487116       -18.049587026118544        5.2072475784154140        49.750548962264219        76.467367250996972        36.026325954814219        60.131068187673684        58.718584697156373        5.7960545512575044        71.389945615236243        41.511015092366506        28.725029187734716        37.278452258664650     
   55.220342591154818       -14.599163242290139        13.513681366651761        62.665058823012089        61.587954486760815        33.972712065776797        41.304750435523061        44.734533092589686        10.227497519742961        46.199600531704370        54.415446869902809        57.518586373769828        36.196132937338078     
   45.083006592316181       -6.5962754582054988        10.128570285991874        81.181779888042342        35.179406230719451        63.328502282552229        18.231942830961849        43.512433293727590        21.306324201654231        36.806102912077463        75.340373628958091        74.273026624061245        48.914433014764526     
   39.757905519515887        18.485420601932649        42.599138721642504        45.673297760454112        37.886380133129627        39.029999889935851        28.678139159305925        39.526599885323606        42.400808282728633        43.002056463571463        58.589923049448501        53.032540294254126        61.720808707764085     
   46.789296654464408        82.162191536791866        83.272587885534534        18.485045963511606        33.735601254268936        58.469654580021249        12.446069237736271        49.120546106559438        88.114034700368222        36.336380279963855        37.957545692019167        38.712567594486423        66.177825976213938     
   81.662691735846778     
           1           1           1           1           1           1           1           1           1           1           1           1           1
   5.1033473316781404       0.59149685132750129       -4.5136474617037584E-002   44.278366907870364       0.43700979281378460        1.3427722923503383E-003
  0.11704781280952140       0.11108780970921420        3.9098263057645639E-002  0.42020411705260313        3.9051137500118523E-002   1.0403748338388241E-004
   4.6866966229030985E-002   47.350722974123080     
