   0.0000000000000000        0.0000000000000000        0.0000000000000000        0.0000000000000000        0.0000000000000000        0.0000000000000000        0.0000000000000000        0.0000000000000000        0.0000000000000000        0.0000000000000000        0.0000000000000000        0.0000000000000000        0.0000000000000000     
  0.10533947053453185       0.33112103161512674        2.9884086617720844E-002   3.4052817667820055E-002   1.1858920845887931E-002   3.7104943398461418E-002   7.3721059858654778E-002   3.9356721979241109E-002  0.50476400714283498       0.22159093201589111       0.14707150364617491        2.7449128944367473E-002   3.4661203288751163E-002
  0.64100564882643885       0.62092533210781065       0.76375508731323727       0.66741641783184180       0.64445016831478252       0.81167495384736799       0.71220470756850784       0.62927826261747999       0.90757304115149340       0.59289342123603195        1.0546311320291983       0.80299191323109231       0.69871511114619089     
  0.13215088117630344       0.42774443833690606        5.7818576247093391E-002   6.9320371676779569E-002   2.5034724232773906E-002   7.2032869782698794E-002  0.12697262743898396        7.5314356069663191E-002  0.59584806246280309       0.27965404480235223       0.18343080610501875        5.4962312038557865E-002   6.9257406392747994E-002
   1.0348484110993967       0.71619209909059245       0.81490245715677156       0.69548243252892594       0.55213370834000230       0.66874026338908565       0.66632430941320475       0.82907314581053337       0.69890707323298140       0.68064405198629985       0.54442937350246501       0.66962716691564705       0.60543064129250224     
  0.15476732693773812       0.52012114659928410        8.1837047280116898E-002  0.10517144366825826        3.9210551124520696E-002  0.10596486512522013       0.17132420092012188       0.10556131291668591       0.67597167022524673       0.32383670758744854       0.21939695986875082        8.8513218562750295E-002  0.10308813771167982     
  0.67179484961329183       0.85189724092135122       0.59582488972067948       0.63667396297554790       0.55350854626741397       0.67055644897954980       0.70117872990243502       0.71476919779760184       0.78721737782343904       0.75442693373927938       0.60073271218565771       0.74943911802083696       0.69631061373182068     
  0.17047672607089737       0.55921581721707914       0.10582809096160109       0.13922144384741983        5.5862176083523243E-002  0.13963367998778900       0.21402522474502572       0.13412795219936746       0.73661751015970889       0.35680425325824339       0.25353516425209743       0.13134500192416668       0.13668796926478433     
  0.57797970396979803       0.62180039351824612       0.69834838036302227       0.64983182409664031       0.68273418241297457       0.65320473903048892       0.70152029850634079       0.57786718793994185       0.88404052650605502       0.73469589767192989       0.68206091803923963       0.64276900807228676       0.69191727158110761     
  0.18541187479407839       0.58493824749445755       0.13187581898661863       0.17406596465893687        7.6341009241628982E-002  0.17266169607898399       0.25631249298580056       0.16381091607753245       0.75037480986698279       0.38173084626490056       0.28305508707319799       0.18858379428273095       0.17059247274980191     
  0.59809675884954328       0.66947612528077272       0.62660007340124801       0.68080973843778025       0.75206465834209146       0.64100606739850885       0.74341897653045963       0.79861141481821540       0.59559175498645367       0.61014441739438252       0.69213926973883455       0.64262019831549277       0.77066611986130418     
  0.20409828779859368       0.61513996387189396       0.16440555530395079       0.21374784591588147        9.6898435409484340E-002  0.20593348178460913       0.29661596013834929       0.19727057253696673       0.77275983991164354       0.40698826288779011       0.29538274976693557       0.23407082808647922       0.20470040455642879     
  0.78617480714947208       0.59816917824736326       0.67193657666153006       0.63063025439814202       0.67702049438872514       0.68121450466871725       0.67885891951428001       0.67052307043685644       0.62591859856256216       0.59815562507831288       0.58872514262295317       0.65725260024308851       0.68391796633438873     
  0.22203149713816139       0.64410103564185062       0.19311725080159781       0.23606990870634093       0.11961137687742372       0.22507976647163344       0.33642364713614820       0.23337430065861836       0.79350432684245087       0.42824968478688125       0.31057337149495046       0.26616662630483778       0.23842805444526466     
  0.67163861481568166       0.75113718307204158       0.69318064362147924       0.61748122587884535       0.63642923633361936       0.57453975349011033       0.58362543934639488       0.69279747217222221       0.62763688219975333       0.72716383192676082       0.57259059674469837       0.67275216559693451       0.71996767990796851     
  0.23915345186893633       0.67079203147619837       0.22055564985657741       0.25608673815433403       0.14131660932016230       0.24315482828651136       0.37736497038614975       0.26804643143498691       0.81441986163960012       0.44936603189922458       0.33797097189812264       0.29937760163228816       0.26649840597548469     
  0.73272785047055433       0.63115391450893699       0.74585291369964157       0.55274821447805333       0.67385482284825604       0.55574282732912317       0.68084405060137376       0.61835219742204517       0.72540735075326979       0.69959918354902662       0.60861772763545230       0.60742046998094945       0.75095799695500753     
  0.25667622717056232       0.69337453326962528       0.24536547999628186       0.27561037934201932       0.16542071285722626       0.26119069779351678       0.41854691099485186       0.30360996686656827       0.82758624061198827       0.46824429882530277       0.36326041813839655       0.33150226359221602       0.29353866048746730     
  0.61430272675488296       0.71115639326214974       0.64773540688787534       0.60625589343374442       0.64942175816616710       0.50640575886642480       0.65886874107602056       0.81202717772759891       0.59725620107059463       0.61474906790376649       0.68985292252803054       0.59810767752636562       0.68080830097190370     
  0.27598191302565356       0.71406854224585514       0.27174351269909358       0.29432469883336621       0.19010061058987546       0.27910105149008962       0.45892961717542108       0.33908116428463331       0.84242957590134482       0.48795044570318191       0.38536454594397224       0.37186058542606804       0.32129556500647627     
  0.58888159367855930       0.79723023622541023       0.58437061592497819       0.56705853051873767       0.58314064992002579       0.63227846316602510       0.59424725496094788       0.55328249562187004       0.62633743250329399       0.69121520983272189       0.65262324953349660       0.70142568723127585       0.63639900951055028     
  0.29695749191609677       0.73260070510840114       0.29789355001755818       0.31590388442530426       0.21776892765385883       0.29790395176920981       0.50034497124068189       0.37225603942571339       0.85792438982367003       0.50622741631306345       0.40678576022634255       0.40548338923842264       0.35436337470662210     
  0.68172854349642376       0.64502405283470055       0.65839316934639980       0.66361908808719627       0.64391446496421734       0.56783910193690190       0.78750883012634465       0.77599914041184714       0.72204560399839479       0.70876930412388328       0.68471295253418496       0.65046791630671097       0.59429700158556531     
  0.31927939721411508       0.75204711029343252       0.32227609491383158       0.34869239230468624       0.25009220314026159       0.33158398852023696       0.53526599732723601       0.40472049051446324       0.87094161309542750       0.52138178619199682       0.42909636494675685       0.44076295515338865       0.39115158743649814     
  0.68578201499253577       0.72122423202032415       0.64346130347146524       0.71908727238795445       0.72602114226502601       0.69061187830766202       0.63680295066863046       0.74968364088787287       0.64959847548006389       0.63887466306232499       0.71237166510878436       0.69248642697911278       0.65009434887179485     
  0.34252311365786720       0.76696359759470745       0.34703624799334631       0.38201350442363663       0.28507982086853390       0.36697630827092009       0.57251041249418644       0.44016379785868032       0.88186135812951216       0.53585211639550745       0.45607362217983788       0.47344515774166374       0.42471842552534322     
  0.68709299724876693       0.62708722787594706       0.58269436539737507       0.74931107271005981       0.70468609453721176       0.67609065008651115       0.54460693049410580       0.64393986516998347       0.67062648246643497       0.55508060146148330       0.66209775414209404       0.71089713728295434       0.69064596516255794     
  0.36688716433016744       0.77666092175421919       0.37370062671444587       0.41431297505218312       0.30881950053168516       0.40082891149744576       0.61088627418629471       0.47665643828455223       0.89251542901820435       0.55120954796689270       0.48947705973230149       0.50548996818286474       0.44387617617952230     
  0.67189539001353271       0.63994078810417021       0.65524449359933412       0.74394808572729265       0.58223031762639688       0.67068291606575547       0.75641011782001333       0.67016111922494326       0.61551564795622427       0.71292262282732999       0.76151689569401371       0.59864941609432709       0.60621152247838284     
  0.39395016866693355       0.78609773497554902       0.40361314050245622       0.44834186769345002       0.32601933501446445       0.43142756282277761       0.65033143994452081       0.51243362749308741       0.90296197868418304       0.56910835612993571       0.52433439559723494       0.53388838476729028       0.46295644452783991     
  0.78963759815606682       0.53381577301015226       0.74659494034386376       0.82500624310278003       0.59793851252979224       0.64268349571781747       0.81621879678545906       0.62938766874203800       0.71762016118878669       0.83279479823544922       0.70215729794432136       0.66636013716017217       0.53039732142402451     
  0.42119881324822583       0.79540950027929624       0.43378590629187491       0.48306786708994759       0.34468916856311449       0.46380255262311143       0.68741636108522874       0.54602333600613751       0.91058358249954729       0.59028349510264189       0.55621657177243089       0.56228998940714303       0.48192862925678881     
  0.83921920936106154       0.63668132516567399       0.76622293731901159       0.64556978515175245       0.64987967069411101       0.62397354581911990       0.82902629579609821       0.72105593407428692       0.60200513734947581       0.70059261345218571       0.59223735627191942       0.74148040801194548       0.63028486219263713     
  0.44356010634311865       0.80478796896579008       0.46498914809984049       0.51879323212909301       0.36330212652657101       0.49476204737249602       0.71993101590415587       0.57876165559416659       0.91849919705908156       0.61072721989540013       0.58760630920357171       0.58977670015069195       0.50140377015587034     
  0.55748256778103566       0.59087693834266108       0.67972108028212730       0.67300497949338189       0.58648708649436221       0.62802837893200159       0.69607148085962633       0.65240702150647967       0.58632643107297400       0.69196022840790705       0.76246517849687256       0.56234586459455826       0.55287507392346169     
  0.46734759696100187       0.81876698485425126       0.49792993279089393       0.55250445464335218       0.38186202789829138       0.52767948373664864       0.74812643080787367       0.61490798455459772       0.92647049371898837       0.63029680857559123       0.62141361827149466       0.61684911643789053       0.52321871261511910     
  0.63929892335048921       0.61458518631896064       0.83055262036058553       0.67106524378675836       0.52796898728677555       0.67103360013209712       0.72640794141680443       0.64268366163404522       0.67020058799961935       0.68418311535605181       0.77830220103877212       0.60672563657811318       0.62571665260141596     
  0.49115379648330643       0.83411794315249255       0.53297348142139644       0.58667992357249366       0.42172515443825354       0.56046198618908483       0.77471032517463034       0.65439303282550709       0.93396819727610014       0.64804047104992146       0.65290828374499699       0.64432876040481601       0.55892540378429278     
  0.60509622041797739       0.66694895789435482       0.68601732905234292       0.77246026865069206       0.69886170067967013       0.70060936113294270       0.72137792435924364       0.72572883051901749       0.69704188434966763       0.68877328212025080       0.69991106782534807       0.70940368422491562       0.69466837459927655     
  0.52188504515519374       0.84767985160531567       0.56615284693882206       0.62190526469943952       0.45996930346361153       0.59130772256669906       0.80091866142285562       0.69018024329159755       0.94059672004768269       0.66571964476975620       0.68411717155811147       0.67289806898992544       0.59562981517201408     
  0.89390553722464039       0.64655437344820876       0.61160451152546536       0.67670650337379423       0.62884016283319610       0.76421547108871601       0.65141832339830041       0.71700054122419676       0.65955864343978732       0.81003033645567546       0.67718002258112764       0.76704520360952833       0.71255689256861865     
  0.55426507561018878       0.86093030742244214       0.60322600339306653       0.65345121648587901       0.49685657211854733       0.62540644548791124       0.82766008127589774       0.70867320525254640       0.94529693917694801       0.68187319116929379       0.71590206163243253       0.70212141363745817       0.63284803779064391     
  0.73517359073508515       0.72779422089964974       0.76646519159113646       0.69131542653470046       0.78939247831688775       0.70888535514150064       0.63535575192334770       0.63916864287584008       0.53153305220558900       0.70248371745876126       0.67748173263902800       0.63842918568463636       0.78789525319482756     
  0.58569339485607175       0.87285751875124262       0.64202707120704239       0.68123315809195284       0.53583745372736757       0.65618315065863542       0.85276685518222839       0.72709262476598679       0.94880033088863269       0.69200842749901825       0.74530707930168216       0.73186546806187458       0.67142842915775292     
  0.69388876295802004       0.63533599113159933       0.69699662570271526       0.66255441951745842       0.72351376495680508       0.61562350701478485       0.67145782078933980       0.59907370310099817       0.62006335974329863       0.51328434484252417       0.64061419757827598       0.77952137955214729       0.70049597867958591     
  0.61736846132215972       0.88524741928516615       0.68351324542120151       0.70858003968733518       0.57836319102204792       0.68715915895657254       0.86987281143250994       0.74545190841338693       0.95237797916750377       0.70240600602213310       0.77285399964601542       0.76244524785676004       0.71178228552581835     
  0.72792734603311626       0.59129477093716087       0.69444015020745309       0.56246342695234530       0.78445510378531047       0.71325865635419683       0.67488364339865403       0.57289428502920225       0.55917993794288401       0.59139884060290937       0.63258623496336730       0.62127498369026768       0.71249369610459357     
  0.65003388086841429       0.89718533437524006       0.71347552295980665       0.73670420851731555       0.62093600476037281       0.71931430823967546       0.88124959815453441       0.76216126799979778       0.95593388078294950       0.71300254177350830       0.79994414394373914       0.79324002106336711       0.75015816943248881     
  0.67706224088570721       0.67089954615752934       0.61908371123094419       0.65875961437321273       0.66778481267400092       0.61703507912386524       0.50677361599675719       0.51885898120991614       0.60494646045089528       0.59205130727802147       0.68640909192899402       0.67732420060833121       0.66511213931150037     
  0.67753138914877853       0.90945671366793424       0.73677623626584721       0.76961209369798966       0.66596947936125095       0.75352187136033255       0.89206213941850998       0.77823914196370003       0.95934287964280240       0.72375659855991314       0.82722833632552673       0.82291901564158032       0.78581338554130420     
  0.58339303234370998       0.64100861825675970       0.54934218550581893       0.67137854945091469       0.70869894651408716       0.78997742493118517       0.56697877979776323       0.56638933307127415       0.60037618798445036       0.62789984062961302       0.64282895790986538       0.60601825355329131       0.74925600445981122     
  0.70174927478904259       0.92195159306058339       0.75911116370187848       0.80209651357010781       0.70915761271915168       0.78840252962694135       0.90285329474152476       0.80157397424489885       0.96432934199423459       0.74481296019142285       0.85299225964516479       0.84968319449229623       0.82027060421905729     
  0.53322346506583540       0.64307760591985264       0.59464157294636943       0.70713572552824722       0.74356629973369337       0.61389590393740223       0.59469654076109801       0.68021219180503889       0.57816258719159763       0.87080019354505123       0.55231343309654957       0.63365406921131828       0.65910835964172476     
  0.72590639188184347       0.93439875192673938       0.78124500867929603       0.83485522977919790       0.75504576457787720       0.82410578538810331       0.91375168676893981       0.82890376360268481       0.96987036077315869       0.76650664923826040       0.87640818243066565       0.87448643978009621       0.85414404940297606     
  0.57835846667287405       0.76112321532330285       0.57895916935098424       0.66827080051255705       0.74437672076541883       0.65462065483735188       0.59961615884195840       0.57586893466719746       0.66501380524155873       0.64678423025404386       0.69060048128171236       0.65920542418982331       0.67071618014760104     
  0.75004144402130324       0.94646023315598904       0.80793164607986823       0.86887615266736096       0.79946518219791762       0.86009923218319639       0.92945100703751737       0.85678118344753695       0.97530869238030282       0.78690336930937210       0.90024172536305069       0.89998544995325991       0.88366341742047627     
  0.55788390016421729       0.67449524278039408       0.56706757365942650       0.62810575465864793       0.73118490636160138       0.83493775211033527       0.59476746727534413       0.79234174693058790       0.73432502348162798       0.65255838082346052       0.59348011508388110       0.79641705335296697       0.66982090890921564     
  0.77934645448029805       0.95900275409471714       0.83607367038692781       0.90485749890827871       0.84373362887466286       0.89793389429936343       0.94781524341250922       0.89165234921265990       0.98082112844225078       0.80934150994810228       0.92418133101411137       0.92546673270136526       0.91074740948746469     
  0.52887229529953117       0.77154172466394977       0.58542753728797725       0.66636568963161824       0.66173476207387572       0.82374921891132713       0.73003294248913631       0.66619246921712660       0.73309965434646063       0.71624198984128573       0.55598209994732306       0.69902298405298802       0.63867848888803758     
  0.81616616580784862       0.97021925174202761       0.88417883954466103       0.93844780384180126       0.88961560640297677       0.93452192029789394       0.96508559212986755       0.92452002511749409       0.98654711783028981       0.83618697749458404       0.94880799696797469       0.95376370529295729       0.93861499095621792     
  0.56519609263117132       0.67144239590573573       0.67326149312619243       0.77857523070295254       0.69694575782175039       0.78056816597473411       0.60799584124919903       0.59321529555927310       0.82076062010188144       0.65308030405042305       0.71211421553495924       0.61314178264725472       0.71511518656476025     
  0.88877870521075863       0.98503008219934574       0.94253189487668676       0.96973685177374058       0.94085996090137991       0.96774162805452180       0.98220277613863793       0.96210060091214589       0.99273182058567411       0.87249305469863669       0.97408524757196457       0.97718352175358170       0.96883536225779654     
  0.69074289379380327       0.70767635314450894       0.69398436781435735       0.66149385476698552       0.71597995561428485       0.74025868524890992       0.72919449588950314       0.83011082033023176       0.67300138602415882       0.57312337096428034       0.69956472529424629       0.67449268789315253       0.64097102116077354     
   1.0000000000000000        1.0000000000000000        1.0000000000000000        1.0000000000000000        1.0000000000000000        1.0000000000000000        1.0000000000000000        1.0000000000000000        1.0000000000000000        1.0000000000000000        1.0000000000000000        1.0000000000000000        1.0000000000000000     
  0.80910744589247519       0.69904546786774546       0.79537394091159919       0.66726981440346189       0.78423858338113894       0.60561246165526572       0.72496224084887984       0.69159913633435433       0.77324917132116300       0.65842448763548778       0.76268412385299988       0.62259213066842711       0.63315652379539999     
   16.932670011252473        4.3335190220020730        17.777746227451988        18.812348819727141        10.483717907901106        15.688067463499799        36.461479191066488        20.031866853169333        18.258552825676265        18.971478157604615        14.637243790097571        20.970250310407415        18.421260359997017     
   18.587682826995223        9.2688938655132098        15.880204228968065        24.758497884442015        18.233075760252234        14.221888148567251        25.705694056677061        18.346018085223911        18.258552825676265        9.2558615820770598        17.190607700605760        14.173709499581847        16.276252590539496     
   20.914187669868955        18.932727918882978        13.808923910853151        14.919113434333491        12.377348740260121        26.569583437576178        21.962571573816057        16.680468192538232        16.533118529573922        11.058506853692915        17.031686500159765        18.138097511524336        19.533942685424520     
   16.903625855401380        18.182164874683515        21.351285983281056        11.913481833510248        10.684986321663311        14.161677631256392        24.820161804563412        20.287395394170613        16.990613342281705        17.584684625287782        20.545391826394162        17.748201320951022        16.185086793409969     
   16.374873349747045        15.812727079924255        25.398699814856325        16.866868478881273        17.443617876855228        18.402802321771063        19.502400557494948        14.716436111053618        14.589391591110559        17.845986651951531        19.598057539740353        15.505268419504379        20.281796460463013     
   18.933748569461461        16.456373771020303        11.110013429453396        15.419025110436081        20.016174868421103        17.483512571745283        25.443955316483450        11.438893887366117        22.982330091729949        23.849617366928594        24.583285166616413        12.291228756430272        18.111217707592139     
   7.3649802638812654        16.239877290771410        17.824118855175637        17.576715338336118        21.758118118031472        15.301237609681250        14.921718716855866        22.446966774600646        18.574220800252363        18.279264523399256        15.376146091668209        16.593940895213244        14.801901904210498     
   19.115403340089109        22.623599533578815        17.631722073703173        19.413740280139148        37.949423034072488        19.993317911828587        5.5116882762328530        16.967670922836717        19.200528742216019        20.926660427880250        13.677963726716573        27.117079782602385        19.586974614339280     
   2.3589115405857537E-004
           1           1           1           1           1           1           1           1           1           1           1           1           1
   1.3105954271011650E-004   8.4807123990259754E-005   1.1711361781905734E-006   16.061480650298567        7.5334983666128099E-006   1.7732393018475581E-008
   2.5448838522992672E-006   2.2520720720447588E-006   5.7072067453216669E-007  0.43476244334193459        5.6998172023673789E-007   1.2822253574300316E-009
   1.9751468704345247E-002   17.631314564878554     
