   0.0000000000000000        0.0000000000000000        0.0000000000000000        0.0000000000000000        0.0000000000000000        0.0000000000000000        0.0000000000000000        0.0000000000000000        0.0000000000000000        0.0000000000000000        0.0000000000000000        0.0000000000000000        0.0000000000000000     
  0.11132230217291489        2.6052517804258941E-002   7.0725627295176743E-002   1.8364934275851060E-002   2.6821124048224319E-002   4.0208294378113921E-002   3.6431379055985813E-002   3.6261293971138961E-002  0.40629260382902849       0.15317294208471360       0.14900007353249087        1.9448797948830351E-002   2.9001176857252821E-002
   1.1289274468848565        1.4177456889332503        1.3551276495807794        1.2302311828406747        1.1591595097103575        1.2452156624818005        1.3805114411212660        1.5209784137105689        1.1651223597162537       0.96014272687613589        1.3284473519782640        1.5041149571656047        1.2674320400672685     
  0.16754329233119661        4.9520568560531893E-002  0.14701395846568674        3.6468479542793822E-002   5.3174962087801578E-002   8.0565211371560322E-002   6.5480934042585676E-002   6.9201308705010622E-002  0.55163542526342524       0.25893918644611613       0.22175284414979782        3.2174012343150614E-002   5.9076302504688510E-002
   1.7121936854757576        1.9111461491045920        1.5179550498867447        1.2368692513941948        1.4016250042031075        1.4723705175172717        1.2997752390176696        1.5920944822581224        1.5258008891804984        1.2027576067373795        1.4285291020186932        1.4438095957010346        1.5286956690967641     
  0.19304146930769484        6.3540202413092703E-002  0.23066616846250967        5.3499576140964893E-002   7.9806388544568396E-002  0.12302547495402220        9.2868637392643144E-002  0.10221422720335260       0.60289929652343399       0.31485598071801524       0.25769498507800725        4.6842864829673037E-002   8.8182318291589318E-002
   1.0734825410364113        1.6242703570717769        1.3391967604772848        1.2297696720687146        1.0728665454508737        1.3528022126741179        1.2066563275600219        1.3472938231821896        1.2972341468925550        1.3838877305307469        1.2928663839137726        1.5699170916785503        1.4154504308934559     
  0.21918141842388139        7.8329090118230443E-002  0.31510376495180153        7.2029283458547838E-002  0.11162685035049597       0.16578739828144401       0.11947476649415169       0.12868789417674767       0.64295230601980480       0.33880048208063784       0.28731088705816649        6.4045820900058961E-002  0.12000641490232562     
   1.2152161827418315        1.4318994887099734        1.4997542891723628        1.5204196253818130        1.1911800651807292        1.5000613962297888        1.2943324248709025        1.1599102515242521        1.2864559223521390        1.0402928172744910        1.3101726269203677        1.6951398835074738        1.2248899557600572     
  0.24900939579059628       0.10827432806726600       0.40145458438433052        9.2650323044670704E-002  0.14451765774713898       0.20797735486652055       0.14694051053879745       0.15608231743395840       0.67484135467306683       0.37360037197191104       0.31256507575722914        8.2723784898752359E-002  0.15192255101037855     
   1.2499812190022357        1.7002889199590090        1.6712843562183834        1.0838126020119496        1.3487001621812811        1.4380996609198768        1.2375364846104879        1.2223693955067700        1.6358079012367464        1.4549220573040709        1.3605617117145183        1.2290531007375032        1.2857182837957715     
  0.28238254629366105       0.19866121739383930       0.49070045038722687       0.11497793724706323       0.17809834933997185       0.24382136718300226       0.18059903327004517       0.18619906286767188       0.70228204993050702       0.40911953901089809       0.33633958851780871       0.10119894881520497       0.18422336731873881     
   1.3885986499209511        1.0402928172744910        1.3825558848564050        1.2701761607826230        1.4539912416880307        1.2390868897416560        1.3771002467256019        1.2839366652363668        1.2645053072917241        1.4025726951913411        1.2496029090449392        1.3745060990430860        1.2302711258752181     
  0.31563919980782512       0.30700210378708126       0.56313669475375350       0.13840743843937228       0.20903693914134650       0.28185611440174002       0.20614233767196380       0.20907682438149816       0.72661409785504005       0.43286080674009758       0.36383544775578869       0.12111347155651560       0.21618860783961735     
   1.1179499925424179        1.6420293158898331        1.3026244020595092        1.5700055482847293        1.3569063945311826        1.3143706287298598        1.2953556526342989        1.2307045820418054        1.3734381692917743        1.6080804911771638        1.2701872946229522        1.4858639377122036        1.0495738102728354     
  0.34594981061553587       0.38879173298759501       0.62228050678132485       0.16241692607181341       0.23497272721319051       0.32121608101062282       0.23379487577230162       0.23475085827895700       0.75010865905316471       0.45690249182050358       0.38867318832102804       0.13890380018962536       0.24712583281396069     
   1.3220800174038840        1.2696906616524064        1.4168746574639319        1.7266768624619675        1.1888231124657225        1.1801270644264417        1.3728287427290851        1.4182845053064184        1.3325608395752371        1.1035723760343503        1.1508004169079165        1.3113658230920966        1.2048428788379997     
  0.37368116191778328       0.45582205234120204       0.67387960989094764       0.18474751819161103       0.26011740681688555       0.35822313196170413       0.26111638050640018       0.26150054454650246       0.77036343907778060       0.48339512436160575       0.41794306705041745       0.15736917706727241       0.28324704146856716     
   1.3383121377805818        1.6019738887024468        1.1800607126724623        1.1476957292371457        1.3903458673545830        1.4048314642771904        1.3657197315634486        1.3014305025353035        1.3769245431620938        1.5859196347392106        1.5165400632500625        1.2190553642359647        1.2244758378889566     
  0.40087846857542392       0.51509137039824948       0.72098243353055957       0.20662235512704341       0.28564046575955959       0.39183505443747896       0.28541092270823659       0.29119476768248220       0.78743778611980675       0.50601068485417966       0.45080347722990194       0.17754495867379005       0.31945876859899003     
   1.2381214417313655        1.3926304065278825        1.0927651967600864        1.3758236129093202        1.0914581639412069        1.1927945004796399        1.1109701023331506        1.3903055110220164        1.2198459602156950        1.2206479054728598        1.3842347669438575        1.0242396943700955        1.3736845289436399     
  0.42933037842241184       0.56597661902513785       0.76050399938946223       0.22923417365609738       0.31388503736209111       0.42640536016798924       0.31958441996925974       0.32608413522632512       0.80187621635719852       0.52793974582101066       0.47997850808205239       0.20162074231744018       0.34959607359823269     
   1.3862846141575589        1.0809462583367613        1.2600531100782606        1.1377900485799066        1.3127915147657230        1.2605672005051880        1.2832294648403582        1.5214486246864569        1.3444149741308771        1.4681150271481929        1.2977190670079659        1.3909014010413565        1.3738246840097232     
  0.45850207112015834       0.60894265758862332       0.79522974702510640       0.25557498038989357       0.34585814705875823       0.46276463264120621       0.35136187967244542       0.36269378143004427       0.81521066044025814       0.54487667182888488       0.50756573353047330       0.23761171523569313       0.37871602914752756     
   1.1582430674992010        1.3126034394157085        1.2511487559871468        1.3031023672607702        1.5503063583908125        1.3474523297659819        1.5324141434586098        1.2618296387988159        1.2255642317217350        1.1903048613415519        1.5743984371725128        1.3177478553761928        1.3676411242355146     
  0.48706083287304930       0.65016135567657429       0.82491113893888723       0.28238224963960179       0.37682171842783557       0.49655719727546332       0.38232470766154292       0.39873231044757673       0.82754678863050557       0.56055440592887562       0.53383600792932728       0.26881163471434244       0.40630477588492370     
   1.2752780510678203        1.1406760955428523        1.3772761787380847        1.3147520843376312        1.2283952998123207        1.3278124867540546        1.6528529176440288        1.3582357324812082        1.3517694758374963        1.3405481688174923        1.1610017167605413        1.2670199980631871        1.2012508535777866     
  0.51429894294041234       0.68898053557150785       0.85482988732071075       0.31320667667043939       0.40757709993585867       0.52793672602248620       0.41212759792841908       0.43258303491558903       0.84182479642338548       0.57805002565604824       0.55895975307969292       0.30041417314963570       0.43762338832623376     
   1.5058150009218836        1.6256712859722939        1.2136254320116240        1.2925655758671617        1.0545361003385794        1.0871306933240958        1.1126911386361726        1.1874175088663406        1.2773438138664073        1.2632975806866198        1.0427762283628810        1.4030774812738909        1.3475327421006187     
  0.54333392122305568       0.72268878437074735       0.88096332133336541       0.34473019840222630       0.44050716551021873       0.55922684002711409       0.44540600985783002       0.46520805818602384       0.85246703247978317       0.59605731769769732       0.58880090529979856       0.32920996286650306       0.46239417109332276     
   1.3650665184783823        1.3626036948113052        1.1717056360590836        1.5016671726662132        1.5325767642598804        1.3337670756127400        1.1783092701834352        1.3175928849710210        1.1868392215255172        1.2888402736634872        1.4015056033603528        1.2834090112467782        1.1154338165625266     
  0.57304175192451912       0.75052853127089680       0.90261318199890628       0.37515317082889205       0.47211355198287708       0.59114899413106070       0.47648506532452517       0.49805918579803327       0.86301693594514350       0.61272114500616470       0.61512722779860873       0.35939761382589791       0.49185863832305465     
   1.3910078259405481        1.1783295365481141        1.1815979575360702        1.2770382944837835        1.5172214386026444        1.1851137727819980        1.2848424023634610        1.3998213328131912        1.2106873725731566        1.2599813892349836        1.1465145205061145        1.2472881137277092        1.1343903806723539     
  0.59875778572462679       0.77655943900027880       0.92063976542654435       0.40996557716320720       0.50184145969189142       0.61801846792698401       0.50678128175661652       0.52935751810911524       0.87324962793994887       0.62905891646985668       0.64689327347081349       0.39313656320197526       0.52266514096460781     
   1.4677820352062683        1.4569921839906930        1.2929297693303423        1.2758895769100258        1.3954027549434074        1.3513563477863011        1.3093902080867301        1.3505073464702637        1.2929337871140782        1.6562677626893942        1.4393683028228184        1.4777820029714304        1.2423408599287005     
  0.63164817716625921       0.79688774683529051       0.93419605351279911       0.44219591272320802       0.52848161924718806       0.65033407245880825       0.53838856514984856       0.55967024203046600       0.88116077640094592       0.64566542582656150       0.67940922603724252       0.42817960911173647       0.55285845663554678     
   1.4035491536840157        1.2799953448959598        1.2142744633347142        1.2474578193768122        1.0764388631455488        1.3443879967997063        1.3709579634746167        1.2342956662804705        1.3397242211130551        1.3203962428824294        1.3195104839951470        1.1681196172887991        1.2713422135988339     
  0.66186880623988931       0.81568170374561111       0.94535244950468011       0.47540797199269103       0.55731670784777620       0.67972297708885010       0.57422228023980948       0.59384612363971534       0.89041098299304622       0.66269647972378509       0.71095872292770101       0.46411775402863259       0.58681369348633616     
   1.3548970166887686        1.1652051328434645        1.2250611794874846        1.3204690803808006        1.3917094338393117        1.2379622962533023        1.3551180720033766        1.3988587656956861        1.2399970056013341        1.4375714032688689        1.2008062192605089        1.3687255434363308        1.6105005421522878     
  0.68654366214604889       0.83346031995943548       0.95361856965007274       0.51056229247122487       0.59040500975640309       0.71132698944559836       0.61183888687902366       0.62716759446223014       0.89838996771280777       0.67912335722360917       0.74269470775623114       0.49735210696777538       0.61787790850628443     
   1.3029278544696439        1.1170823692785850        1.3625757412098858        1.4693896655949696        1.2538685389319146        1.3689742383221730        1.5152499683231657        1.2453935835615872        1.0891819017694462        1.1940874119299125        1.4496608197159442        1.2946124366248961        1.2983621643434782     
  0.71435387914303605       0.85028128071206821       0.96164141360318667       0.54783294451517184       0.62588439049824873       0.74433096262127396       0.64016540654850540       0.65890201055739495       0.90705261651258728       0.69294030686685937       0.77060250931162111       0.53238784418541207       0.65416799033023820     
   1.1881152836902966        1.2769930564557552        1.2319743977690347        1.1631610309014158        1.2527833681290510        1.3599742235374552        1.3685607854383532        1.3817445364409031        1.4357073999973395        1.1962427172915764        1.2703744567819193        1.3656054228677110        1.3206481644815358     
  0.73498733197417065       0.86673091978658701       0.96737099295759843       0.58410220898094878       0.65949965757900963       0.77111052288951631       0.67050042127038301       0.69278427925156216       0.91620018944896686       0.70764240488076546       0.79578892365805021       0.56856130063794952       0.68785241800975494     
   1.4687011208139076        1.1884649217877927        1.1374751735918389        1.2446874833743971        1.3863133357782571        1.3326052897227789        1.1598059542024006        1.4947877189523495        1.1405822106007102        1.5236587024461443        1.2072946221995355        1.1576784869470114        1.5824144486939207     
  0.75511277410995070       0.88156079397540388       0.97271661703459844       0.61978830051929001       0.69876659876060854       0.79182651940935567       0.70306015632062635       0.72213641871021983       0.92561028956979707       0.72321286499691873       0.81940530364296837       0.60258713253897145       0.72557090802695878     
   1.0681132559701538        1.1168499539181889        1.1525687806135714        1.1099039009931451        1.4307173487670204        1.2973304290097620        1.1957315611178354        1.4088465712595581        1.1031178252356328        1.2171549756309208        1.1237021628408070        1.2687153819060111        1.3929293087267500     
  0.77412458111059690       0.89617452206170478       0.97751625203588743       0.65615017598665915       0.72899122343280309       0.81047097234780574       0.73468992109991627       0.75595725398903546       0.93429634084667545       0.73747358634657945       0.84170448098892237       0.63266401370157299       0.76431431904415326     
   1.2402114281323644        1.1799881864932766        1.2773176518321521        1.0766210284834408        1.5095019524037530        1.4186613859705268        1.3292441732542613        1.2744891543537713        1.2320040696862540        1.4871959345970673        1.2068697755332225        1.1907023983392757        1.2404585745880887     
  0.79270425127147048       0.91043361183891203       0.98164684815750791       0.69502830437387286       0.76330899761531590       0.83336313675504903       0.76772569084155351       0.78585956361700748       0.94188974432824368       0.75266400116713095       0.86266185805611539       0.66203829217659704       0.79393540239253657     
   1.1946308033537696        1.1660270327089135        1.3221249488940803        1.1490668549536198        1.2796355694172514        1.2044210256094554        1.3684759534453379        1.1981962204386938        1.3502519160565511        1.1636741527668226        1.3967126231495839        1.1693531410810056        1.3271831905631368     
  0.81528465013255891       0.92442898305681187       0.98642187789991953       0.74231491127977356       0.79623439066942492       0.85507244700023699       0.79910304951153943       0.81236168555198707       0.94912257134219058       0.76836048127047885       0.88323667562047548       0.69329968008869813       0.82243566409570079     
   1.1775855565852407        1.1674124394910284        1.2392140679532417        1.3673888861595087        1.3475633731669283        1.2422947013792716        1.1826922649286298        1.1979036901588547        1.2073252231344280        1.0424764948004508        1.1562674913235087        1.3421056126792688        1.2328152437288193     
  0.84236633067719235       0.93730551611443125       0.99007630402348590       0.78915652205612485       0.83192637957460636       0.87909879511399014       0.83365544118469814       0.83861962000147916       0.95748474822409457       0.78478601300154172       0.90497607186494988       0.73133424239760070       0.85075719151093709     
   1.3094640812504270        1.0846776542851393        1.3469910964606493        1.3362618945614748        1.1491744490399534        1.0693792703526908        1.5493545317582420        1.1482359448182091        1.4455115578515585        1.1757900928262817        1.1713643049973870        1.2774790754983758        1.3104200935409365     
  0.86728707791900350       0.95163219711019509       0.99322496862996101       0.83523935763403934       0.86929299249039693       0.90634885890442096       0.87127174019547260       0.86635766671575543       0.96522225379447468       0.80214542341987782       0.92778739319860337       0.78020401279915319       0.88475049171099396     
   1.1722862367712363        1.4089152056075114        1.5280809141450160        1.2670029697475822        1.6645978894074496        1.3415018438904800        1.4168940721891710        1.3189485881633083        1.4607182573744981        1.6184488286234271        1.6870680121930561        1.0617162421697801        1.2721597465606778     
  0.89363021548254473       0.96366974159392194       0.99547957465376746       0.87925472353208645       0.90773451129177019       0.93346503016861815       0.90999330794161881       0.89418678330091772       0.97217812755305222       0.82191122215353352       0.94907053010756481       0.83111188205202458       0.91936418815503895     
   1.4059372420121334        1.1387417902941626        1.4517281546787661        1.5663583290110963        1.2643298245140873        1.9357872821192352        1.3826660482431332        1.2338775860579427        1.3823858987691577        1.6597835514140462        1.6004990292177987        1.4197494443469256        1.3873312182745672     
  0.92457348890571478       0.97575916855129174       0.99711869462889857       0.91973338931139192       0.94150612578329496       0.95526991275920992       0.94105337730483607       0.92151726137046197       0.98009614854438964       0.84807590118421006       0.96863764765875204       0.88460680238260803       0.94745807488824640     
   1.3905785553224983        1.2580869584961887        1.2933671771674922        1.3295078458878271        1.2810275623541727        1.3030203389248305        1.1327313433303323        1.1507215262803119        1.2431784744841787        1.5418726066080124        1.4412312527807465        1.1907675304793519        1.3923606026183422     
  0.95931824310529301       0.98783851286214652       0.99857245814286222       0.96507616698886167       0.97040466667491254       0.97724876681424055       0.97176789028384680       0.95553526848631853       0.98947867858864591       0.87719026751344042       0.98059451709315670       0.94164269682039170       0.97715378693625687     
   1.6660788445464685        1.3034699094931961        1.3441719889578092        1.5701532124572306        1.3849239497492967        1.3860671236915414        1.2538090501236836        1.1155857367948803        1.4967402148466968        1.0897228566678272        1.2090196875128674        1.3210552386600258        1.3389147503341488     
   1.0000000000000000        1.0000000000000000        1.0000000000000000        1.0000000000000000        1.0000000000000000        1.0000000000000000        1.0000000000000000        1.0000000000000000        1.0000000000000000        1.0000000000000000        1.0000000000000000        1.0000000000000000        1.0000000000000000     
   1.4886222546375893        1.3373334663665388        1.4482867431346163        1.4674411251484794        1.2428816507725753        1.0733176213764339        1.2067907487599232        1.3907686624388045        1.5539963067382707        1.2368788250060381        1.3541043576113780        1.2839361245089189        1.5096775060538532     
   10.821295381858169        7.3638693468707004        7.3781281337839042        10.386869234226399        16.951835350460776        38.499056143836704        13.725192981265321        14.216188029213825        12.273527499937522        13.292979146170378       -1.8988739735333504        8.4324319963836736        17.785762407361858     
   17.452307629443993        6.2241244939559133       -6.5370955232202688        16.491006711341850        11.275798393177519        4.3960992746713963        5.0601635970334833        19.035852480931467        12.051089772633835        7.2371741968849745        12.010434504502856        11.427609185951955        3.0772767441907125     
   17.651355490295636        10.909896339617054      -0.53956136885425565        3.5219695207309223        12.153141072459482        28.896954483329871        17.486474090230022        9.4281214002469955        12.306497411791117        18.778285812247798        6.6562651428898363        20.463847955674371        10.343410911020623     
   14.960258040550860        7.1488677488257641       -12.705004796909018       0.42468927731300504        10.851935727890325        7.3008354152997601        6.1409321553196623        11.757911067291330        9.5447549224865718        9.2080419096468091        10.695030586349318        20.086499792627848        12.442517669205275     
   9.0238280631573655       0.58883626439065795        1.1191018651421238        14.669995973382498        14.616098145448918        3.6915133902311865        4.0081305220396457        20.081688751565444        7.3832993180802866        12.340381046735525        14.411843323834349        13.233976024918467        11.990987606033258     
   12.402645450656141        4.0384406377044897        4.6228232108636202        12.332184834030430        9.9719162447730341        17.158826247791612        7.1043663013469889        7.2968750026056117        14.592314566426055        9.1846677797732958       -1.5458461441213434E-003   11.841098031801003        13.240349251469995     
   4.3524243550795152        11.957074736991510        11.132082591517475        10.531055714872110        9.4006194878947387        4.8925876278286182        17.835977098466717        14.418258620297438        15.184103902195124        9.9247179164169328        11.227538592370770        4.9272406173566434        6.1480616692045302     
  -11.900547332845056        12.651688091222679        19.256431868989434        14.816817524839747        9.4740865054087280        1.2531998406439153        3.7702862548008196        2.8345533647698136        10.247678604937358        12.485511551428042        11.188327570522700      -0.17513412059221334        7.6422790033187580     
  0.48800695120357729     
           1           1           1           1           1           1           1           1           1           1           1           1           1
  0.40082746135032432        9.3747633644377951E-002  -7.5536052221722059E-004   12.025541666464768        7.2026000573071824E-003   5.3961065009580732E-006
   9.7472723142390406E-003   1.0765630079506776E-002   1.2078796766831804E-003  0.71784139640589684        1.2077264622284865E-003   8.1289333520635453E-007
   5.0000000000000001E-003   12.549152838002332     
