   0.0000000000000000        0.0000000000000000        0.0000000000000000        0.0000000000000000        0.0000000000000000        0.0000000000000000        0.0000000000000000        0.0000000000000000        0.0000000000000000        0.0000000000000000     
   5.0522105028578061E-002  0.20554919407672551        2.6872429592793928E-002   3.1263015852661703E-002   3.3312335821123210E-002   7.4467675244804715E-002  0.19268312698037632       0.10323440882520193        3.1671318309584910E-002   2.8056793608419461E-002
   2.4843481270619479        2.0085039201096371        2.2316330389271313        1.9095215798560352        2.6510456699587954        3.0983442583405281        1.8572160767815065        1.8101504260262176        3.9177431118119417        2.5215105604445731     
   8.6407261363639548E-002  0.34586505191247813        5.3461354042424247E-002   6.1296674674161215E-002   6.8533385164914251E-002  0.10205526595707898       0.27231199789730243       0.20067079783242769        5.7522376307196192E-002   5.8374893786625734E-002
   2.7259904333719303        1.8794662731273357        2.3197046987867957        2.5302102222213265        2.3874968728947894        7.6064050801542571        2.0263848200845356        3.0729528649068714        3.3138223574756562        2.7698542793010312     
  0.11801332919396765       0.45556108237619658        7.8638365063415983E-002   9.1363793301541846E-002  0.10483971491263418       0.12579647836239846       0.31869129401226332       0.24286916230760000        8.0764217233855698E-002   8.9344446550626455E-002
   2.0751122022112214        2.7870744709943982        2.6291910185088976        2.4029329763167020        2.2509160162641142        2.5579760552943736        2.2735925907521719        2.2364745330669016        3.2713149179418926        2.2104599971273693     
  0.14670674253518398       0.49398504643366326       0.10056099720177566       0.12202455553272969       0.13753910122863161       0.14535708681137993       0.36300102271946577       0.27591477499167150       0.10370533016501712       0.12252650929590647     
   1.8654340206295053        1.9859891335904325        1.9279689701639233        2.5257032587324932        2.3471505290577381        2.4326442337559602        2.2421326693033197        2.1667282137180339        2.2777350510784919        2.1034645496909041     
  0.17402643862116091       0.53505735476742000       0.12596705689137680       0.15176453371968421       0.16936959677799923       0.16806803710762980       0.40686074689535928       0.30819773215313984       0.12868968531310288       0.15705606651227100     
   2.3998888157160754        1.9915429134417060        1.9519792705665908        2.4895382878828238        2.3121505057755898        3.1297989224333729        3.0232803753732442        2.6412799698860412        2.5977437881718566        2.3478731047887198     
  0.20388020874787294       0.57295734544442511       0.15275560074948047       0.18252762997168270       0.19828189267740107       0.19067479172705692       0.43015619140456340       0.33356460145081218       0.15810523590885914       0.18976031879419611     
   2.2113612611277862        2.0090046181672729        2.5131839912879483        1.9459682392804905        2.3737481925366248        2.4118829300852682        2.1829662363513305        2.2978863542214225        2.3399653327369490        2.0949295455140819     
  0.23497833880259464       0.61891815514286741       0.18823424723814819       0.21461325872645848       0.22896075258283632       0.21102441081147805       0.45818263732779918       0.36287904696503370       0.19048793832095795       0.22133407664259827     
   2.5090163827348144        3.0735128111904864        2.5840028456749242        2.1816523299095336        2.4152884869014017        2.1958675224015001        2.2584254468146945        2.7071860150355875        2.7743101390640130        2.1568299932328796     
  0.26791173981986549       0.65288457313304704       0.22397237768181158       0.24628627913262507       0.26101350075354057       0.22971547941544460       0.48931041095661515       0.38822113705292915       0.22619812686684654       0.25170832459218612     
   1.9016965868202935        2.2937374565373672        3.1464909381767781        2.1889987166523621        2.1301242076491813        2.2845837673087708        2.6426717488471740        2.5192814317559051        2.9904341306622988        2.0950764685414183     
  0.30124411167019505       0.68434480290568100       0.25956965795238923       0.27494255938788270       0.29364031920114086       0.24794744911469821       0.51993367167302462       0.41517595457894102       0.26039525275525238       0.28250947134253662     
   2.4159840841787608        2.5089821196773108        2.2957925704282638        2.4271662364273006        2.4915046987288338        2.0549997908250393        2.4123446323787161        2.2044792046906361        2.3604966987024927        2.2545776192105396     
  0.33573537421300370       0.71337400447550892       0.29771256904472498       0.29869982410420398       0.32603794167778993       0.26567028559371447       0.54794199876276206       0.43984212180017002       0.29630387233294647       0.31505051676272205     
   3.0440180160756829        2.2333366267256674        2.0022478264041337        2.0283399539076741        2.2089464440077928        1.8260850581398125        2.6324865174699474        2.0453529889043112        2.5098000047846400        2.5344916224732006     
  0.36969194380358933       0.74045420294276654       0.34066271423340111       0.32541016383875082       0.35896311074988585       0.28377760088033133       0.57211558604265633       0.46570693511591327       0.33088949124478800       0.35096165843084365     
   1.9970402710653472        2.3971159593689046        2.2427671328146022        2.4640121522473679        2.3651390143738213        1.7992198791009197        2.5605559530642976        2.9405993013336200        2.6923102804609611        2.8406996084425806     
  0.40217168615527071       0.76470853810644279       0.38266710518987979       0.35131718506484577       0.39235410434467982       0.30202369264410106       0.59260011891570918       0.48889521189353596       0.36471464527586356       0.38529905937224873     
   2.4077626612039928        2.5545966052542974        2.4435043185922636        2.2705581416651608        2.2807979331691421        1.9309315309448913        2.2778160956451323        2.3440420313485291        2.2970621216608338        2.2531885458520096     
  0.43455476229946716       0.78755812389680646       0.42492796403272659       0.38765103244681703       0.42335272102656885       0.32028748953415648       0.61248721118393501       0.51308445826411542       0.39975771214795336       0.42220122387923603     
   2.0669574595263596        2.3733247505595334        2.1685484553056078        2.2315546498533352        2.1524364479375135        1.8533154483669614        2.4131514040788087        2.2011928757563139        2.3530868258934428        2.1998798957146550     
  0.46590808645841458       0.80809509369354560       0.46757613459255321       0.42384032969137719       0.45315768871047196       0.33968010546700117       0.63210011558019485       0.53856543162665260       0.43547470370289731       0.45523238470292354     
   2.7180904071249601        1.9463944092233767        1.9348361353855352        2.7118705060648516        2.0459419336411284        1.8608282193973751        2.3486734792035167        2.4101875199853176        2.2862990310542579        2.5001507335918189     
  0.49656916243858240       0.82602092219559409       0.51009394582753576       0.45878283723150404       0.48488770326470226       0.35953121086131373       0.65342921919501296       0.56575195574022208       0.47076879303175478       0.48353456007054263     
   2.2965404303151464        1.9582794019781751        1.8537766276467265        2.1904498971631732        2.6627830936796588        2.2452014399721238        2.3445547330121621        2.0407958481618280        2.3244382006710618        2.2513327245448167     
  0.52803271887009129       0.84272732603462419       0.55152602977162080       0.48994005992595147       0.51494473527263118       0.38213683879146626       0.67111812361693568       0.59096994264587466       0.50304183162395044       0.50697619191813492     
   2.6723570804414445        2.0393875576818807        2.3280655727672266        1.9645810185675334        2.0699023970241424        1.9407233005045581        2.3041854461521241        2.0765196453949568        2.2944838067361131        2.1590342187471192     
  0.55840487582615905       0.85968678336313975       0.59163084137486122       0.51854155648018796       0.54882257854378014       0.40494033297268767       0.68950036944219983       0.61766456122008973       0.53464149415122542       0.53005254440774474     
   1.9664879377830908        1.9826905903176681        2.2609104356794352        2.9639510995645177        2.6527564556921317        2.0797220696744088        1.8691150896661306        2.2279872139731762        2.0201330842179424        2.3644586136869119     
  0.59041377864520272       0.87622101825903176       0.62853315050994973       0.54622699378221040       0.57797127363244583       0.43058202594216560       0.70465716462538330       0.64259295302301744       0.56690613215089047       0.55405073454950338     
   2.1490661248037877        2.1968820243325968        2.0750572454829066        2.5246251520026548        2.3530188169722033        2.0050805770568374        2.5335128432913150        1.9671426622406287        2.4445862214032785        2.0685385291618248     
  0.61307881519128526       0.88948221620059387       0.66112192273801262       0.57692759685653638       0.60616160435766175       0.45573687149760123       0.72195745459779492       0.66869584634951251       0.59785706773261738       0.58242564610038294     
   1.9580634318733481        2.4961778971927968        2.0084668070598153        2.2073558308520922        2.2363820040789673        1.9388720820024254        2.0160952082748103        2.7250259535307046        2.0866809319490307        2.4665855477766501     
  0.63567233553781288       0.90226528958946051       0.69361261167141686       0.61083330296659810       0.63682630891310121       0.48233828506838361       0.73793903207756262       0.69384321346758016       0.62786503644977720       0.61611566269052731     
   2.0631718564764912        2.0994794201546525        2.2987292106933586        2.2091099587459806        2.2983264938590202        2.0420586324517127        2.2921588542105891        2.2337708598129948        2.3897680150367022        2.9002484188031459     
  0.65887878904363217       0.91418609639026027       0.72292068883550420       0.64650281986826041       0.66854274826974369       0.50915919322832048       0.75384491117608088       0.71923423222634575       0.65520858507257884       0.64971737413011821     
   2.0762572528020664        1.6640032000752876        2.3129818228229926        2.6188483900476229        2.4546707000753538        2.0942692783571024        2.2073806453496632        1.9939763705588560        2.0046081655099952        2.3318469711093912     
  0.68569192925794309       0.92619656221568358       0.75613634305964428       0.68051815027706875       0.69912035614394918       0.53835941483937311       0.76899528975368914       0.74420654532276731       0.68400056160361544       0.68183603242883528     
   2.3105478865247631        1.9332853514931556        2.5549324596842342        2.2157093549240132        2.2997037181143272        2.1246925241200318        2.5386684991741917        2.2768428866747357        1.9211320766347459        2.1360064930773865     
  0.71742785735375447       0.93675714767986007       0.78520850896932415       0.71393377259267676       0.72934909170734286       0.56716324374882299       0.78306126679941379       0.77182211428642067       0.71231240064115553       0.71275295116300674     
   2.1658780971358262        2.3006047673614027        2.9333523470920553        2.6705660127342461        2.3512434892023379        2.1012501841560729        2.2688349505135044        2.4710788605651439        2.0632829507711916        2.3499741592580801     
  0.74945074774086173       0.94688865219217366       0.81600087012281242       0.74833500347272108       0.75990473719932339       0.60278509074742437       0.79675013804590056       0.80128276233351536       0.74247624998158057       0.74396505792338685     
   2.6551610496177220        1.9445436732616599        2.6082697374537811        2.2084675301802665        2.3304773065081887        2.3981041001607415        2.3136440882508262        2.3129100250721630        1.6713869849328211        1.9659813255767855     
  0.78262648897546272       0.95595692991410841       0.84173044985458390       0.78106664024661954       0.79065633206477526       0.63831946457142241       0.80986897415941594       0.83309800315485250       0.77415368846405341       0.77583893348715205     
   2.2652065112459212        2.7575411205215730        2.3763960376361331        2.1150736476317160        2.4008826101511174        2.3130948210996984        2.4672546844288101        2.0879326119256278        1.8656539260973219        2.1545495082128396     
  0.81287539799270980       0.96458515012892121       0.86740490761557376       0.81382303727675709       0.82235376941167571       0.68066637860219670       0.82320159358340939       0.86335885586113426       0.80679674216683572       0.80844666667263143     
   2.3725339995541304        2.4769453086792632        2.4392915614444148        2.2140431611258524        1.9098687299858641        2.3503145363089826        2.4952785056875424        3.0316791741918014        2.3165623884213602        2.1009411537486975     
  0.84597210613682150       0.97226032924173611       0.89216754203736959       0.84560683266408365       0.85084619056762878       0.71819498309157470       0.83768904514106646       0.89060878500027729       0.84270378815221658       0.84007716623545625     
   2.3136391177335898        2.3724591483664832        2.4591924486448935        2.0265816500087501        1.9235532063270033        2.1949265883697753        2.2301396491919006        2.2219939487554301        2.3811054061563497        2.3004079524849694     
  0.87682416463338431       0.97880917068532658       0.91585959080757362       0.87778413729124960       0.87674319154538971       0.76099691986246998       0.85219369206866835       0.91195183194848006       0.87868659925440928       0.87238801274621036     
   2.2033501066515950        2.5412260049130064        2.4147351939227453        2.5456572820866201        2.4933686715024366        2.2280059836577282        2.1833333376602400        2.3608641126434673        2.1562072126888951        2.3175564335464238     
  0.90633413941283458       0.98474164190549696       0.93801302570428813       0.90958702713083484       0.90400231234803663       0.81000707777456527       0.86988289122684970       0.93229200302096682       0.91193864196339269       0.90501413906598138     
   2.5541606502537881        2.4699169827162883        2.0505549594187804        2.4415336721054701        2.1171062847795179        2.2976229329070983        2.4521572823223288        2.8165660399068697        2.0514202684322709        2.4425887563633601     
  0.93607357923757561       0.98992336097473721       0.95916169852172284       0.94045702156003863       0.93039814429348555       0.85776109632481101       0.88589489350527395       0.95247119034906047       0.94361352469688475       0.93756082258427664     
   2.0541334598556817        2.5799323413061290        2.6507247358057509        2.3047866672314861        2.0899853107016368        2.3546179629036272        1.9841279795275828        2.4280375744811500        2.0827237410900139        2.4925716744136301     
  0.96792872182689260       0.99500453413249579       0.97960433719707241       0.97042212236244252       0.96394196355407002       0.92337864535414382       0.93393031153271688       0.97289484937137960       0.97216875093584154       0.96904764116959341     
   2.4366578540195358        3.0555551481613996        2.1371665586145694        2.2541596077098416        2.8144292467685870        3.2416851696941418        3.1629005429221828        1.7522915120918396        1.6176355038893047        2.4712906238417025     
   1.0000000000000000        1.0000000000000000        1.0000000000000000        1.0000000000000000        1.0000000000000000        1.0000000000000000        1.0000000000000000        1.0000000000000000        1.0000000000000000        1.0000000000000000     
   3.2754072182434362        4.4503324701591938        2.3391407139437375        2.3485772895939423        2.3648622123276200        2.3288240656029386        1.7185315801492980        2.0364401222156676        1.7001569985153815        2.1197375233597029     
   9.5174728267446067        10.239538581710672        11.983855297364350        6.0120265797952328        6.1983123663038810       -5.4243051707643958E-002   9.6215054543283092        8.3297878654177193        8.2038449090370804        5.8760556754114406     
   8.7444411621504141        7.0195157087729205        7.9749781297606352        6.4683766043263038        6.2519681899861066        3.2286715833300024        9.0337364982911943        9.9518455394616581        7.7802499524774387        5.7888385334550252     
   7.0808973287986445        5.2133083426984221        7.5717820856504474        6.6696155652004485        7.9893732173071417        6.5818150996675069        7.3303833657903343        5.9762104481273832        8.0382498844778123        7.6520144445471283     
   7.2721225336900659        7.2426252844531671        4.5940465718327967        8.4485536638896566        7.6801859657950518        5.9011416895496422        6.3075072134865939        7.3977401964823448        10.230167158238537        8.2396679817125751     
   9.2362430599877836        8.1196696152349865        3.1456537257304737        8.7536257297978608        7.3635267490418128        12.068720691534605        7.7730991091046286        8.3415627750376835        7.8885039025585986        8.1091688699691229     
   8.8084094250839176        7.7068354955686260        4.1211885019312380        7.5251512048300020        8.6682115583144572        11.998447520579630        8.2554916156040736        7.6642670191604374        7.7998794997991308        8.7525900721350958     
   6.7890034083776145        6.3959249863002308        7.6765969751619085        7.6939880369168705        5.7190968659193473        12.370341780068999        7.1016734965875017        7.3915648982484505        6.9278151958328698        7.7383455933526815     
   4.8180134970089368        7.7203255364429566        11.335041803849906        8.4268922804080617        8.8572920516344684        8.8007955876111126        9.4595502475526008        6.1583736012141213        5.3055639029849644        7.3492735453600284     
   99.633784457780081     
           1           1           1           1           1           1           1           1           1           1
   126.72076171173303        44.516021066442434       0.11710459354889270        8.0151474064581070        2.4956503454919274        4.7549032103865281E-003
   1.5490717880550988        1.4222103693633397       0.28121675628665460       0.18284466604621130       0.28109917598279577        4.0031099120435614E-004
   5.0000000000000001E-003   8.1215597068156740     
