   0.0000000000000000        0.0000000000000000        0.0000000000000000        0.0000000000000000        0.0000000000000000        0.0000000000000000        0.0000000000000000        0.0000000000000000        0.0000000000000000        0.0000000000000000        0.0000000000000000        0.0000000000000000        0.0000000000000000     
   2.9780521465140205E-002  0.10534050073550497        2.0333724966147885E-002   2.6246577884579441E-002   2.6696717979095418E-002   3.6079786454243853E-002   6.4502841585003532E-003   2.8467426346840467E-002  0.49132149180927098       0.27036024619138210       0.14454388395395762        1.6934328794892029E-002   2.5390288373959086E-002
   1.6208291264290788        1.0986136235526769        1.3225654256704422        1.1733195178405360        1.3440836488773777        1.6149895413199311        1.5490123036235048        1.3462869788424585        1.8783076650713411        1.1280760031053518        1.2550200608838222        1.4812088837022597        1.3307251992042826     
   4.9396864372559475E-002  0.15443869021748216        4.1494505537402443E-002   5.4171508429566403E-002   5.3458239568904692E-002   6.8291568837125879E-002   1.3485887201795103E-002   5.5135794231264995E-002  0.57769028861303273       0.34332077055802157       0.23397930607831000        3.0570867057269975E-002   5.1788236700542660E-002
   1.3590853344426408        1.5300184231563796        1.3207882689249353        1.4865679250493129        1.2865555283492016        1.4373491191285424        1.3660290597722902        1.2395331482997320        1.1592318854985231        1.5541795526504461        1.5512438652664604        1.5701603149529011        1.7934107731290481     
   7.1173350532288598E-002  0.18738891265929461        6.4768837487729713E-002   8.4404108529689326E-002   8.1530455922247599E-002   9.6451927823294425E-002   2.1404582835664786E-002   8.9178176913610158E-002  0.62127918926451331       0.38860830524125622       0.27000207956557548        4.3578036277596481E-002   7.9591930409375761E-002
   1.6946293083034414        1.1705552149451650        1.3546435339875742        1.2796236219806281        1.3575316738460126        1.4058364285100475        1.3198645683888619        1.4399980091666273        1.9356357071749299        1.1962440684970195        1.5837419824054861        1.3945068791893123        1.5294029061062566     
   9.8675272311330414E-002  0.22121692410689242        8.6537201381633982E-002  0.11063507802895196       0.10993384797340386       0.12596353602826268        3.0897202405780873E-002  0.11437112780304294       0.65517364513365939       0.42864276333344287       0.29809872355044048        5.7279595314488112E-002  0.10948696933833850     
   1.8404677189910814        1.6417248728364808        1.3646283858453099        1.4631508468117849        1.5887294676815957        1.3337835378785459        1.2112784524537299        1.1100831787236332        1.3228085975486703        1.2798281704512633        1.4236878911705753        1.6049658915461511        1.6747812259670867     
  0.19467342243423322       0.25484631715302347       0.10949365650359677       0.14031149900047682       0.14106793226811237       0.15462233395244401        4.1236210773382055E-002  0.15172993343522900       0.68490471711473888       0.45880589745798173       0.32350656703485542        7.3621910986065464E-002  0.14200002160378547     
   1.3629801059233797        1.3693029192316561        1.3285453857314107        1.2532071807308052        1.4368392787464510        1.5434614248065535        1.2543979842819448        1.7132936914129593        1.4200760087668274        1.1719413729317707        1.3196181885878993        1.9075725284282650        1.6491836725574007     
  0.29651830239495736       0.28849651956284161       0.13746557879692262       0.17488158607600718       0.17014073490240700       0.18839580327192054        5.2664677126158979E-002  0.18397320026778061       0.70449078943305854       0.48618384122213137       0.34665721045996051        9.4389699928495371E-002  0.17360281770284977     
   1.7069859606832898        1.2861724978081641        1.4421662580060131        1.5788242277968627        1.5948759096839089        1.3944020485974082        1.1560802573670874        1.4783768119394343        1.1775810097289494        1.4166611357736207        1.2906613488785237        1.4742931506284238        1.3529350628614096     
  0.39217541354217528       0.32118249844957447       0.16710685984071563       0.20603810659921470       0.19673707547297026       0.21747966778557234        6.7453034711120560E-002  0.21300073145805909       0.72356633642412460       0.52174665333760439       0.36848275589543011       0.11712396453389286       0.20408838540785201     
   1.6425750529088827        1.5608283675867491        1.3570244502696709        1.3192599009481631        1.4447558624427748        1.1058820038787278        1.2120542867028310        1.4372216303978742        1.2573460890490125        1.6464164762016393        1.4148697644053645        1.4087885127931745        1.3725955435819941     
  0.46248353719540625       0.34635497540878646       0.19945097817852320       0.23764784533996511       0.23121518017833564       0.24612328919137985        8.6438568312422387E-002  0.24717220535029313       0.74196987793693547       0.55092917564084143       0.39733929894562281       0.13853735680662291       0.23573957867983963     
   1.7010882051961100        1.3552166565913260        1.5698334125354645        1.2699649477437467        1.7128362895776881        1.3461419613648751        1.3410716934750391        1.3180300755879455        1.3484064764946304        1.4734309778483439        1.5813456103035948        1.4199899158073155        1.1820334550806497     
  0.51227909804615446       0.37579380300098869       0.23006326533625202       0.26902920814307524       0.25795659298224738       0.27475232782323428       0.10755205077752410       0.27978454481523984       0.76093729428676116       0.57960044414860934       0.43044905116447557       0.16245985172307351       0.27249695955436326     
   1.6945561302684242        1.4125446099344885        1.3102954247553471        1.3357054216135757        1.2448740722367122        1.2996324182011612        1.4090819113703186        1.3416362943594122        1.3163517069948631        1.4354183584323597        1.5126195503227151        1.3277490080419465        1.3825194394560461     
  0.55921863665927818       0.40582835032590714       0.25916202985151970       0.30121110329073675       0.28487260747534610       0.30121103210780564       0.13441389393339953       0.30822412116727377       0.78075102972845511       0.59855467380361627       0.46005717254856404       0.19275507486873811       0.30688531934249380     
   1.4492690549868541        1.5141191968118530        1.3168435906529896        1.4136286150783826        1.6363651481606423        1.0672488286295825        1.7085010932623572        1.2851895357566960        1.4430636923602354        1.3967241402159409        1.4995485283113403        1.4368389449194068        1.7994197792475495     
  0.60325930498069325       0.43500246661336517       0.28768244164364254       0.33695139207761254       0.31334659997202813       0.32975768052567872       0.16201514278624640       0.34017490934529565       0.80002092841218420       0.61638535297695807       0.48720966142694838       0.21524894190606281       0.34114977377968736     
   1.4499771754475439        1.4964054499143515        1.5328346299102327        1.6315310446457485        1.4840757043559614        1.5894180902899713        1.6179268248966394        1.5777667074213877        1.8317635944512598        1.2648188277149375        1.3160196939395117        1.2243522100009556        1.2272649081141140     
  0.64013122094393071       0.46216716563875332       0.31862133700154427       0.37342131717723293       0.33816117604169116       0.36165942537344320       0.19381963508374020       0.37662988538471764       0.81582184429635385       0.63508219200231464       0.51433603769506786       0.24428887362157345       0.37468633257478395     
   1.4670235454006124        1.3144345837248581        1.3371377748920412        1.4597916242213409        1.2365146323348839        1.7210698153391109        1.4311637910624377        1.4861019798318367        1.4136465021974443        1.3820060566271517        1.1743965716619651        1.4072917369423106        1.3056336202071783     
  0.67465890607739720       0.49230200577806554       0.35206782520762703       0.40725063451650623       0.36805967825875402       0.39532723509749923       0.22769077789752820       0.41505500552839381       0.82968425765692377       0.65342496193542865       0.53982557827107769       0.27702699589660251       0.40705190461538499     
   1.4065949627395142        1.3154284479111675        1.4431659141564095        1.3862924601082665        1.4182005613202469        1.3059367786348566        1.5332486517333952        1.5880459864294600        1.5907062746960323        1.4822173029212147        1.2531864050716255        1.2250570455336369        1.2584406958031369     
  0.70881573511481066       0.52015967419663112       0.38338132882741233       0.44395440042899847       0.39840143164111463       0.42628981156030121       0.26051011841650246       0.45221814435296814       0.84148220161767417       0.67046244699720858       0.56549747747275936       0.31662095830862957       0.43597489196104455     
   1.6653277628640686        1.3631734291575517        1.3136742997733153        1.6461716268091058        1.4880437339224548        1.3775815756149343        1.5020601493145254        1.3938303941586889        1.3351688093514689        1.3132683466964137        1.2427414991466315        1.1904658766936098        1.3040838390951897     
  0.73500504957347113       0.54835166010851344       0.41655299372781474       0.47435689068282194       0.42670375284471518       0.45500208073971915       0.29820570037620908       0.48562621454521909       0.85361038297620506       0.68644858417567312       0.59410679913516484       0.35590555995149598       0.45858953023462096     
   1.2329740309196322        1.5086303701584753        1.5743224047717514        1.3859906565803839        1.2206922916965577        1.4054288649429627        1.3433404352562937        1.3329715042140267        1.6107229384248281        1.5120186606549018        1.5241115823256091        1.5032300375342518        1.0222354999009793     
  0.76228694927430685       0.57521915819829361       0.45204642062375394       0.50744652327539985       0.45136681633822046       0.48246313619301368       0.34275708112847508       0.51800569249262063       0.86559376962152090       0.70250570476371110       0.62393682588366983       0.39247918239426322       0.48203294007422848     
   1.4000360167883792        1.6025934385398242        1.4580961995068715        1.4088075725936298        1.2163327578884329        1.6113672071489871        1.5463716865128216        1.3340157451368149        1.4318448928242018        1.2772210070917314        1.4227124121978405        1.6511894257853748        1.2482320929358068     
  0.78449159937511792       0.60002261286199965       0.49392342419152885       0.54453917951385056       0.47394926753276673       0.50721012684699185       0.38331903991747934       0.54873335134831080       0.87697799642501040       0.71899391846790772       0.65247331278092391       0.42726490953840635       0.50842120008744318     
   1.3368474890591593        1.3381414282906336        1.5042536039085590        1.3877767062743209        1.3392237174045956        1.3615635896941312        1.4258212415854090        1.5173336937032544        1.3810080856863638        1.6041407584881202        1.3736241685238619        1.4639440563589530        1.4058498648508264     
  0.80723476223238988       0.62734710729464027       0.52687864638942339       0.57520989063646255       0.49613102034333362       0.53143012104588994       0.41798946641714535       0.57612777147679339       0.88845281405146226       0.73367066030977379       0.68140400770532983       0.46127752305489117       0.53795421656408193     
   1.2845773096819466        1.5588815620706433        1.2207289740175056        1.2319483154813908        1.2122376933142980        1.3173420304244499        1.3284117981979384        1.3356010592090177        1.5298363430533046        1.4418640243593261        1.1926399707184669        1.4666178415050684        1.3077934472682227     
  0.82946758226336659       0.65457492135903739       0.55908147249347895       0.60304855241796418       0.51888375144362442       0.55955115511590070       0.45643723340213760       0.60808881457551434       0.89934544952027806       0.74562395696274275       0.71116291712931445       0.49493750103108286       0.57166889518645192     
   1.3629052157242627        1.3036014308635784        1.3577275509988573        1.2651820758491936        1.3868580675415343        1.4566300343750667        1.3788025984233074        1.6908766784077796        1.4120233539310432        1.2696504557181190        1.3590516313060850        1.5759843569517133        1.4021696849058156     
  0.85006259251323102       0.68202488495290314       0.59282707178244942       0.63143232225295842       0.54656664092903340       0.58688544672172183       0.49620961698213278       0.63698294078072304       0.90883135805585391       0.75664869073920960       0.74070269669729394       0.52684159620412818       0.60819889689333995     
   1.1636932448157877        1.1718552418545953        1.5762970660435327        1.7253782484918643        1.4057848835648254        1.2001057926401801        1.3337860941055375        1.4338630284775284        1.3288716821692503        1.4383962633723903        1.3156590554941703        1.3665715162283716        1.2110559345961478     
  0.86610340007291353       0.70839925174411233       0.62609868456541518       0.65988675892051729       0.57918529495922777       0.61564807462204063       0.54283070732172656       0.66970162441644354       0.91659426379073594       0.76821360683695594       0.76893936675800356       0.55943025669272128       0.64930347259625787     
   1.1450896526091889        1.3381231463038892        1.2616364683453116        1.4981189282017977        1.6723967051134203        1.4201838196753556        1.6047099085849446        1.5056594920698727        1.2348309780444870        1.3555351932989872        1.4916756390675907        1.6132392482271358        1.5732144104089061     
  0.88254269870625934       0.73504876494777727       0.66139556139739997       0.68600742796323733       0.61663884877368980       0.65265890052784670       0.59425689377241064       0.70139101692799866       0.92326004233389036       0.78011248714017867       0.79914810410062476       0.59359473836125909       0.68811952097316287     
   1.1777222037708492        1.2550569994937597        1.6191473943278147        1.0896901365653378        1.2819847543858747        1.3907209887256160        1.3355905999225013        1.2518498988320841        1.3043647294530922        1.3300702617794700        1.4569346944320674        1.2524869000799672        1.6068084448327908     
  0.89729828007281343       0.76150645599402556       0.69386791497976907       0.71341495765859786       0.65472528653047968       0.68994943010853071       0.64083410910871808       0.73443896065605452       0.92978736254037830       0.79337543867842242       0.82939820856924473       0.62060323720761279       0.72432110017506690     
   1.2437575029731058        1.3549240290896605        1.2584445870602601        1.5420922202423382        1.3417759102191629        1.5888112234661353        1.4334549951122184        1.2021726685428857        1.0806224251535939        1.5108291382262264        1.5694968437119221        1.1612657407617240        1.7461794139676261     
  0.91109207589576857       0.79112911266813390       0.72651888352247518       0.74483266937119474       0.68964177960205120       0.72444456359589871       0.68975315813139870       0.76355006610656373       0.93705407293295773       0.80739629633924526       0.85633390124555897       0.64993873072392461       0.75833231787024180     
   1.1891097710710659        1.5259769388342976        1.4389306508506454        1.7779355285033691        1.5685591329524431        1.3997902563832905        1.3637746745212944        1.5736944538309163        1.2024076671984993        1.5758051737695618        1.5009221161726605        1.2894841578955809        1.3288522004952004     
  0.92359279665212646       0.82119874696324191       0.76181752631439659       0.77919824803992821       0.72673624688677974       0.75473110298047119       0.73952798342800363       0.79048331432085162       0.94409388342341671       0.81993110399353930       0.88201229848469076       0.68228996615393189       0.79041073120661676     
   1.2717523896687712        1.5563764259940058        1.4513116748444119        1.5187794233506609        1.3749716609090752        1.3690882664510968        1.6420532380486539        1.3876438528648034        1.3440826013532829        1.5737881068548445        1.3845142460769551        1.4441887321291809        1.3262371767810304     
  0.93577638160649668       0.84850585928778366       0.79913482595951257       0.81699917933454158       0.76271241256272382       0.78811830985809639       0.78998936154729482       0.81664058811981199       0.95144342747317101       0.83168695441333285       0.90686861779132866       0.71477936972810752       0.82071765795409424     
   1.4693552556417064        1.7191930067679715        1.2461861120573789        1.4092938514282982        1.3430423441215280        1.6173334354165094        1.4703621181938868        1.2761606057990400        1.5913572753760235        1.6279085306265766        1.4815893559341389        1.4622647174096921        1.3331115780203056     
  0.94776793332841469       0.87254156777068170       0.83625579920991655       0.85426037312996828       0.79837522197714605       0.82123405948711092       0.83875587805307650       0.84309621292820669       0.95817266445322069       0.84309560442447651       0.92724423627368568       0.75351213817462859       0.85177148721979479     
   1.4704779864836317        1.2402473363096904        1.3872823079989500        1.4800676761920175        1.5139212610107888        1.4406412833070579        1.4301311634312719        1.3592673103951494        1.2823506698258995        1.3839672331707149        1.5628565522958839        1.2607475516065518        1.1996831210297045     
  0.95856192205806268       0.89373632958567606       0.87550259827717491       0.88604588796147499       0.83514596331471991       0.85705068760248682       0.88010567326697264       0.87164264228900090       0.96520888967353435       0.85509816180463427       0.94297428497324010       0.80105745006754026       0.88565942574068901     
   1.3755619748685404        1.5812883450173350        1.4206732809907534        1.3631806524193113        1.5546185294375547        1.2445263808276537        1.2925316059680145        1.3440714387064574        1.4944195114603271        1.4437537369385633        1.3884626691484001        1.3445150429396682        1.3994154885485854     
  0.96832433875485735       0.91381695748811442       0.91084336124230492       0.91223451827593038       0.87267695995775807       0.89592798968037468       0.91593648833609820       0.90142734553801418       0.97242547148207481       0.86950892982208305       0.95791246170187005       0.85014293077032366       0.91468529139387922     
   1.4678658921764547        1.3462473602808862        1.6432203531286385        1.4727164179597643        1.2711256221677969        1.3852693727540966        1.6094749576757181        1.2928103483052327        1.4327393923163865        1.7088486362700452        1.3142996661051116        1.4349957852483834        1.5388182903160061     
  0.97801448775531641       0.93584744105037876       0.94313894038806589       0.93840201351798147       0.91002043156758572       0.93098507079834580       0.94695373949102601       0.93122034061610182       0.97997446880535111       0.88700027036974838       0.97159669572347662       0.90087563096071865       0.94005002077983213     
   1.1885085522966008        1.2634102475043996        1.8832237697066136        1.3963395006994193        1.4290418622690058        1.5786269292586559        1.2805938542386270        1.3465989978140862        1.3664548082198029        1.4362703292913774        1.4864821922564588        1.3632502975997913        1.4833744467285677     
  0.98863756247210355       0.96644636015028895       0.97183609349916433       0.96773133966624902       0.95343106109413478       0.96526039000699726       0.97418642968328062       0.96607691521901518       0.98888129717564921       0.91112836367073957       0.98509454385995232       0.95065418329073637       0.96786858068110571     
   1.2932967131749782        1.6632448291931894        1.3125128112820026        1.3229733820304139        1.5249763267787910        1.3418348561908557        1.2857539354964562        1.9157647447960657        1.4692020481079298        1.2365559117509448        1.3155725301474130        1.4708516015305650        1.5172613551802034     
   1.0000000000000000        1.0000000000000000        1.0000000000000000        1.0000000000000000        1.0000000000000000        1.0000000000000000        1.0000000000000000        1.0000000000000000        1.0000000000000000        1.0000000000000000        1.0000000000000000        1.0000000000000000        1.0000000000000000     
   1.2860900351804043        1.5592798275922581        1.3166342262192434        1.3203625429452197        1.3196571045308729        1.6251967485978978        1.5313914790121455        1.4599537520366579        1.5089482452460963        1.4011554133474291        1.6545022395040461        1.1194354573608847        1.6164482793007589     
   6.3930945285515630        5.7338943999780581        2.0878439693177615        11.014698386912102        7.1149191653577990        8.4723445262760588        14.623928829153916        10.383672551012008        11.603608520779506        15.642779897324031        10.720847625910299        10.229511637429937        5.9620691300269648     
   5.0165433985533578        13.039418684998374        5.1665494545115802      -0.93384597835687622        15.845440517292744        5.5575116843690342        13.489853669412138        6.7338994709821129        13.194270935872872        13.517018895955260        10.296395553005581        10.116428707824848       0.35178551279758086     
   5.7854056095547248        11.022343200265322        2.7849719037676288        10.865305299455622        12.896937789421004        8.2258105324008444        2.2077051283159728        9.6505102218596921        17.384618645964956        7.3044152757497294        9.1741415297718074        9.3761511816674030        3.6344666328144699     
   3.3381490256936877        14.765438357189753        1.4484908111918600        3.4669172902715775        9.9767250888847236        8.9129863299237595        6.3459990423606705        11.045269196072839        23.457647254662554        9.5314204971048682        5.5885745826873059        9.2763007502775157        10.427837729779990     
   11.958170031040355        11.938728525159469        17.730494044592280        14.927813637132548        15.616512721871036        17.414433141812175        10.443113609931848        5.5038759831565480        18.363814341452997        4.9835076870637716        13.332456236309719      -0.47372720493279274        11.875015654705063     
   6.1662000892387550        8.9827797468523194        13.931004560414388        8.0861385264335297        1.5241792573502884        1.4149926517153415        2.7322811134540750        12.362652700935556        13.122121684961909        10.238881700102992       0.44309670666934320        9.8640273392808719        8.9667484565323523     
   8.0222168956473396        4.6581970485453423        21.884523785558056        10.294094916679219        3.4010649134552917        5.7324470676234895        4.5644719138587391        8.6039443283613171        5.1007454681034687        7.1412120965117429        8.2539567528515878        9.5648662806405049        13.238283209622349     
   6.8608430394996818        6.9949325719663795        8.0886418971348402        3.5279112587842869        11.686590445806516        12.921338964854636        1.9318475230462240        7.1851117408784351        1.8220692366449978        1.0200014222713398        6.9495896163161230        2.4021038854092840        5.4155187322962375     
   1.5128147725731433     
           1           1           1           1           1           1           1           1           1           1           1           1           1
   1.1468245067846807       0.28566401621323595       -3.0244035616411687E-004   10.497353516853057        1.5558204333456284E-002   1.7259985982263482E-005
   3.0495844637772395E-002   2.5181518709701659E-002   2.1725539212952170E-003  0.69589273286278430        2.1720352370345431E-003   2.5630186276334949E-006
   5.0000000000000001E-003   7.6739166041653553     
