 scale variations:
          -1           3           3
  -5.9069447733151037E-007  0.43027154703208570      -0.61492368429503763       0.97898889933269295        1.2254790192019467       0.62013211380867883      -0.60440833992694198       -5.6817977635336359E-002  -1.3851206880604465     
 pdf variations:
 NNPDF31_nnlo_hessian_pdfas         103
  -5.9069447733151037E-007  -1.0168476311906538E-002  -1.3605535795591095E-004  -2.6506114291563243E-002   4.9372774518239737E-002   2.7261856515425897E-002  -6.5288486407322210E-004   4.6443972645338505E-002   4.5993640066614105E-002   5.7851996513555548E-002  -5.7022637357103889E-002   3.1207904073831116E-003   2.6629725649494063E-002  -2.6707104602557763E-002   2.9552102680245440E-002  -1.9029915045924106E-002   4.3469708988467026E-002  -2.1186835118697012E-002  -3.3619597892894149E-002   2.5960151147859989E-002  -3.2567609433646005E-002   4.1148642269503100E-002  -2.7128603704562160E-002  -2.1871164617846439E-002  -3.7143981765368927E-002  -3.2969121465137086E-002  -6.9017672493273174E-002  -1.6846673130497258E-002   2.8143233743953111E-002   1.5699575174961566E-002  -2.6768512325411109E-002  -6.8251971735566741E-004   4.5734542813688606E-002   2.5974453261898844E-002  -7.1322757968758310E-002   8.5397154567463218E-002   3.4721277297243169E-002  -7.8081522855170782E-002   3.0169357816816067E-002   6.6929145404124313E-003   1.7170573764800245E-002   2.9547245085708163E-002   2.0464535899052727E-002  -4.0289333373904057E-002   1.2541192219955200E-002  -2.7692119993542264E-002  -1.7279017236774941E-002  -1.8125235437188358E-002  -1.7014712176284696E-002   6.3157394284445445E-003  -1.7901322139929121E-002   1.5556952466042162E-002  -2.7642832509771509E-002   6.3213347024220212E-003   2.0722862977732071E-002   1.3102502793520543E-002   2.2604234818606628E-002   1.4676036362084588E-003   3.8695871660380909E-002  -9.2307149595995952E-003  -2.9748595744953477E-002   7.9714916697959382E-004  -6.9828629563000177E-003  -2.6931489941963704E-003  -6.1634082750714470E-003   1.8587911839785143E-002  -4.8416023455928325E-003   2.2464504721861900E-003   1.8332343958311625E-003  -8.8916422126681383E-003  -7.9166164231638803E-003  -8.9325896949565831E-003  -1.5065675658619604E-002   5.3528566025189406E-003  -9.5934153859857929E-003  -1.5769810686387942E-002   1.5903640655334783E-003  -8.1979577144144500E-003   2.8106589127485648E-003   1.5662311286401831E-002  -2.2312058387353950E-002   9.9653879481360619E-003   4.2217862113176352E-003   1.0134990884996142E-002  -7.5173959697707460E-003   1.1143651536254850E-002  -3.3498970700858166E-003   4.6635830426282610E-003   1.0023902389656669E-002  -6.3107458586699750E-003   9.5024803871170960E-003   1.3233871741803682E-002   1.1086024364930225E-003   1.1834604944372273E-002  -5.9958706465170764E-003  -1.9583294459950551E-003  -4.6775800345510987E-004  -3.5713644672963341E-004  -8.2498719937387222E-003  -7.5944700692041067E-003  -2.0707123582761611E-003  0.21955822029926075      -0.14646947272266075     
 NNPDF31_nnlo_as_0108                                                                                           1
  0.65889172773552929     
 NNPDF31_nnlo_as_0110                                                                                           1
  0.49957239988881774     
 NNPDF31_nnlo_as_0112                                                                                           1
  0.31501964562257179     
 NNPDF31_nnlo_as_0114                                                                                           1
  0.19281063547171318     
 NNPDF31_nnlo_as_0117                                                                                           1
  -5.5191305074395736E-002
 NNPDF31_nnlo_as_0119                                                                                           1
  -6.7782779683910555E-002
 NNPDF31_nnlo_as_0122                                                                                           1
 -0.26095881447938396     
 NNPDF31_nnlo_as_0124                                                                                           1
 -0.30670669014305396     
 NNPDF31_nlo_hessian_pdfas         103
  0.31811726959694564       0.30102337239031041       0.32604082819175151       0.30083719722469038       0.37947855034778044       0.28388688530642803       0.29870774113468546       0.27279948214200456       0.27945658857401412       0.28466703025308426       0.24987604963878596       0.33137649505318123       0.32726013639459239       0.32930375776493825       0.35175511006044591       0.26772620690042981       0.34114680467561254       0.28929746204813078       0.31523682280156073       0.32367472894231764       0.33070206300627536       0.36547295061664364       0.32104211034952090       0.35596247711051809       0.33209722043595757       0.31337185282264102       0.28728425192558582       0.34894884151545025       0.35409870650548925       0.33322199707196276       0.32563493708483193       0.35013429971644161       0.24840604059540183       0.29663323157809174       0.31722777931716273       0.22119308643195978       0.25083081583616007       0.33927988747284221       0.27443985782577229       0.30189572168300849       0.31128648860515273       0.27663488840113093       0.32952145900087526       0.37462873722342849       0.27767251418518590       0.30093390392285979       0.30861758180518351       0.34025985069881060       0.30630849893251089       0.31625145245544406       0.34440425098623528       0.34638142142664030       0.30608734992804365       0.31805080580313572       0.34750108215446396       0.31690594799764149       0.30739088875505693       0.29665013920988681       0.27560503556755034       0.32832920495660289       0.34775117692739954       0.33615087495872054       0.32577292551622072       0.31819544532234190       0.31796331242569664       0.30852959290167803       0.31300894676033408       0.32815821088128416       0.32570777540372919       0.30605022278931315       0.32982494647617600       0.31509745697059977       0.33627454649836164       0.30844108383378988       0.31678048681314763       0.31729791976249544       0.30471180674098530       0.32868011375113060       0.33412375767986280       0.31622442398722939       0.30494017666775441       0.32642834025996859       0.32721041602303380       0.31756885345252783       0.31965092963982045       0.31811495876033558       0.31099273273145300       0.30431340556633657       0.31862549592232892       0.34451820723049487       0.32551475061062529       0.31123908419741309       0.31302990048768375       0.31636008592192866       0.32748645837978252       0.32023089177425312       0.32574952877896379       0.31875149635518341       0.31984743104217017       0.32918965694402758       0.33200614517246407       0.50563636610758689       0.20325212257851977     
 CT14nnlo          57
  0.17375498412522283        9.9450022277110861E-002  0.10338980683763221        5.3724345313162836E-002  0.21013030625316986       0.39364831159456593       0.25853218949969836       0.12243527689167166       0.27354288628926415       0.14056883542632459       0.20545258185231319       0.28246536020301338        3.6742306676851300E-003  0.26625130391914897        5.0398047894806730E-002   8.4879211943700739E-002  0.38598288039885276       0.37189331110300117       -3.1624721961355462E-002  0.14649871101488454       0.19842182992738078       0.13023428978070584       0.20123341507440262       0.30259547578289592        3.6420659338041617E-002  0.11838993136597509       0.21858698417035960        5.5441165482726262E-002  0.37428914868401719       0.51889416458267146       -4.3483623876260147E-002  0.24273412390246385        7.3760622868356940E-002  0.23238517459710017       0.12626727975380181       0.17643075234354111       0.17506044977040869       0.35198756501245132       -1.2950113922951978E-002  0.23207209321168598        3.1794097068691407E-002  0.27080016917526528       0.17814848453235310       0.13665078811252585       0.31468507367478438      -0.30410278442991956       0.51996195638835196       0.11394438047778976       0.16717531165983601       0.21194923155365331       0.10393574379731341       0.21492831254232136       0.15874361411434368       0.14090672996199238        5.5127512948626389E-002   5.9458594378380525E-002  0.20765651587901868     
 CT14nnlo_as_0116                                                                                               1
  0.27304455054827148     
 CT14nnlo_as_0120                                                                                               1
  0.10477986214258106     
 CT14nlo          57
  0.57505955280220800       0.54952215637936774       0.67610424012871562       0.46330077292432303       0.72764151681391720       0.57892550224198214       0.57656575367519558       0.47106712348744217       0.63263387612889854       0.64179963110195271       0.59646253456794618       0.22287499107617581       0.82680485019144978       0.84447157890826308       0.36476607283408846       0.71983721342222484       0.35958500033400043       0.80180314734525382       0.31149627622462717       0.40153071773912252       0.75747801656316494       0.52143225447412878       0.67685083369804477       0.58673776003676270       0.55386956932454989       0.46803074302427117       0.67565634211766223       0.67089826732166280       0.44063346489568822       0.68855786176307365       0.53507907067328198       0.60823319265328291       0.53280130551127591       0.60921704466993720       0.50373426067412730       0.61556281090078979       0.53525505746044999       0.48815971102419908       0.67909703523352416       0.43616259516022637       0.65031525793016431       0.51688670076193155       0.62816818403337571       0.53278237785705063       0.46910621754632853       0.76528194183827658       0.40539658880500529       0.50648575768012627       0.72176431183256895       0.64975348583055581       0.72108219764442971       0.52985966415548535       0.46703759398767364       0.61508515816967080       0.44985750427758653       0.52575621785750748       0.56413223759918285     
 CT14nlo_as_0116                                                                                                1
  0.66968160180623393     
 CT14nlo_as_0120                                                                                                1
  0.49920690721048899     
 CT14lo                                                                                                         1
   3.0838023753231250     
 MMHT2014nlo68clas118          51
  0.36090684346375657       0.33511088105302012       0.38922703204798470       0.35476017193666909       0.36531037319648707       0.30274687010923529       0.41488098479203916       0.38993590592097682       0.32806122887403699       0.33333612966618986       0.38830562546581504       0.34783677938508273       0.38895811919132761       0.38766303551595005       0.31286961835942950       0.33217656882073854       0.37737687845594436       0.40525665031680891       0.30966700790141832       0.35364942204687377       0.36711565366837373       0.35898332132022759       0.36352811399139640       0.33635174541213608       0.37735835783527083       0.44802406088629532       0.25948695190340132       0.35525421234844856       0.36584974884091004       0.30071029270517435       0.43054018917450598       0.43489377987733402       0.28194284938943959       0.34912799432115982       0.36301038851515877       0.36934994400410037       0.34408199360564673       0.34566387873666926       0.37106074427994074       0.35125126723727984       0.37021382499429745       0.18753469737101192       0.55498878512122474       0.39066453720514982       0.31899426094722294       0.31389361497424151       0.48108144996146329       0.29297272860192969       0.52542621456272620       0.32642597495268344       0.39984801153388272     
 MMHT2014nnlo68cl          51
   8.0980864529021090E-002   6.3411298829526785E-002  0.10312218490983494        4.1625576534661590E-002  0.12068404700560720        6.0364640349378718E-002   8.9327377532733010E-002   8.1381143192472472E-002   8.0912605373870683E-002   6.5449064053514583E-002   9.5928077904831710E-002  0.12097994203957008        6.3609927159901325E-002  0.10536674687454983        5.1526966649547923E-002   9.4276580821737177E-002   6.6537112483267435E-002   3.3024252875481608E-002  0.10813406426624894        9.5786637111244133E-002   6.0352831988812028E-002  0.13744710714488129        4.1289030902563084E-002  -3.8886028345863188E-002  0.19037115803633320        6.5363398704896269E-002  0.12092554718702075        7.0586265232274847E-002   9.5658377742995349E-002  0.11068907906708336       -7.1630947267031786E-005  0.12928893660762064       -1.1122345837215164E-002   7.2272629915727471E-002   9.1581985670125654E-002   3.5655882412656936E-002  0.10423025217170245        6.3073260116657259E-002  0.11380755137596310        7.5019876094164495E-002   8.4639798782489173E-002  0.26088618659762819      -0.20365880208749765        9.1384733287608988E-002   7.0030226980312804E-002  0.13787366948783220        7.6194303811926822E-002  0.14319762456580865        5.7758502094391595E-002  0.17666170863399788        2.4440978956761228E-002
 MMHT2014lo68cl                                                                                                 1
   1.7126889461269830     
 ABMP16als118_5_nnlo          30
 -0.49029054573669306      -0.48971225011944064      -0.49052227964457185      -0.49770302674568789      -0.49000876656125136      -0.47295316069607374      -0.52781927582232768      -0.47459343957549560      -0.50421677202355308      -0.53459837477135430      -0.49388237741228203      -0.48678574247291362      -0.47784949534921140      -0.48004429898777090      -0.50745197465194547      -0.48346154223238624      -0.50508009593660574      -0.43295892619581799      -0.51085056796698858      -0.49883626542098725      -0.42864923141727296      -0.51485400615036347      -0.44188991123507382      -0.52747053715321091      -0.50708295300321904      -0.54189631924604331      -0.48307199528621592      -0.53566228965689255      -0.44523858661816273      -0.36050086763679534     
 PDF4LHC15_nlo_100_pdfas         103
  0.23505235015561521       0.25471146845099213       0.11185563930873244       0.35287175232510570       0.23603939344613689       0.24307812598924183       0.12415208984860371       0.34509246818607586       0.35446644395526761       0.16463398733184498        8.8221429832136877E-002  0.14412578488445860       0.35184030702572056       0.21488079520278180       0.40557904016839430       0.20348217845318395       0.22953295354874470       0.39216676249183635       0.27821962124671895       0.27898364432619349       0.23236620667052499       0.17940679164462736       0.24346319581885290       0.27246668248039629       0.20747682286961133       0.11758813851572203       0.21092234039828561       0.30353285776390670       0.18157578597122814       0.23268160036038310       0.29988595340304869       0.22198872529505032       0.25151026844195190       0.27074462564355084       0.23584542184086388       0.29017504594205246       0.21614129639364332       0.23839767958304403       0.22391862668024398       0.23865070494079266       0.23754356674996924       0.22847499366508206       0.26915067843750684       0.22710143148119233       0.25547093112655794       0.27928494322135400       0.22635691534375280       0.22163950645313601       0.21468906882978711       0.23988853029473045       0.26075193741530356       0.22144853802070141       0.25840772524727740       0.24395319508522384       0.24356892220378867       0.21062455114242340       0.23849640779742121       0.23153229102075823       0.25992106679314730       0.21481735515337252       0.22149310198435934       0.20525799222723151       0.25113083634020583       0.25347721503508680       0.23756394681813742       0.23045278883330766       0.25497697982986267       0.22666802089860472       0.22722577090264373       0.21944428718528819       0.25030591863789731       0.23111395301998527       0.23822156952812001       0.23304926089530298       0.25700306219611324       0.24130171598008854       0.22390226647912925       0.25267955787014262       0.23741749651384936       0.23929059554156673       0.23890173424102290       0.22311665487179333       0.22812108018282373       0.23904150486466058       0.23441603710554038       0.23635568117791017       0.23894873532648031       0.23691748972441840       0.22841533001747649       0.23974569203967011       0.22487535162550998       0.23499580406129361       0.23406361604427861       0.22317354540210310       0.24373129527158177       0.23918357860306649       0.22841210618527441       0.23244359542675586       0.24022177807775957       0.23041880119460423       0.23420827710198733       0.26377031679106455       0.20200521292977935     
 PDF4LHC15_nnlo_100_pdfas         103
  -6.7826694613279059E-002   4.3644871643104821E-003 -0.16201183458495905        8.7842800160294665E-002   5.0196190938928353E-002  -2.6055796018636279E-002  -4.9950847192778980E-003  -5.3725448504022388E-002  -6.4099727286163422E-002  -2.2435428897189524E-003  -7.1483779227312638E-003 -0.11528669171035322       -5.7137221382451919E-002  0.13200107563531205       -7.3525531221289242E-002  -6.9215758774187286E-002 -0.25320129721647522       -4.5321234608515226E-003   2.8065128833457464E-002 -0.12591199491308736      -0.17039828919371924      -0.11875032802660623      -0.11067304126723077       -8.5219205928644293E-002  -3.2302272622342976E-002  -6.4255371698356711E-002  -6.0566536293161555E-002  -8.4594854268657649E-002  -8.7894896883522478E-002  -7.6374775075801260E-002  -6.3955769862510614E-002 -0.13314763587255918       -7.1683018223503758E-002 -0.13269406913272430      -0.10941346132726348       -2.4223557698182852E-002  -6.3492439874329953E-002  -6.1649188990704040E-002  -8.6402436416340045E-002  -3.8678042874489726E-002 -0.10328206032946596      -0.10164278237839142       -8.9126443546938994E-002  -7.2957521970528738E-002  -4.8082630763140344E-002  -9.0388766314798197E-002  -6.3559967256572314E-002  -9.8786417326513387E-002  -5.2586444798031096E-002  -5.4421098536833412E-002  -3.7866265090874762E-002  -6.2821911245681150E-002  -7.4151894588059264E-002  -4.9769467943937329E-002  -8.6379286599100880E-002  -6.6648761053285988E-002  -6.8519708356355125E-002  -8.4877209001883891E-002  -8.1310163113544220E-002  -7.7336962367241746E-002  -7.5368886216237385E-002  -7.6083327607284090E-002  -4.8500211022814099E-002  -1.6538066393230189E-002  -6.3762940840187632E-002  -9.0366745152211436E-002  -4.6274164599928724E-002  -7.3335751438314389E-002  -6.1584560960437962E-002  -7.5024464183969464E-002  -6.8628674739744433E-002  -7.1464548774378578E-002  -5.7444356633920890E-002  -7.9281822248328027E-002  -6.2359842823465073E-002  -6.9660148906542929E-002  -7.2552523762238863E-002  -7.0446264991083751E-002  -6.0912845663153803E-002  -6.6714998197727304E-002  -7.2280909487552059E-002  -6.6503895860237527E-002  -6.2099092663673083E-002  -7.6156777869258896E-002  -7.0083893695001898E-002  -6.4544918142611429E-002  -6.8386192530238255E-002  -7.0107348039380568E-002  -5.8250655802688733E-002  -7.1293827316975644E-002  -6.1769546773247974E-002  -5.6625970619746724E-002  -6.0297507680502349E-002  -6.8570692337992512E-002  -6.7049234297674509E-002  -7.1205199511521045E-002  -7.9687578906590062E-002  -6.9476191258077691E-002  -5.8143722073708659E-002  -6.8822538917072684E-002  -7.5915314978184156E-002  -2.9950328472268417E-002  -6.7492550160083375E-002
 PDF4LHC15_nlo_30_pdfas          33
  0.23927834803719783       0.26316037646094337       0.24017448058917079       0.23286091915679386       0.50921531431489608       0.10821963379278454       0.29677702097670089       0.24266376340874540       0.15823287636353456       0.29857339551774142       0.18577012704686702       0.16841642763260900       0.13689431483551751       0.20243586337639297       0.23833947776567665       0.24491233881276120       0.31701914712049906       0.12382864801875559       0.20496949772791684       0.13409784982541328       0.34247635191865200       0.24199519218396937       0.31050492515035621       0.24286464012809539       0.30362603665376753       0.21076851666849894       0.21420790831389080       0.14440348422050953       0.14625503686826313       0.18083084027354257       0.24152399716557316       0.26377031679106455       0.20200521292977935     
 PDF4LHC15_nnlo_30_pdfas          33
  -6.3616536363831244E-002   7.7562835432888555E-002  -6.0967734921531402E-002  -2.8732021108553774E-002 -0.33373590535660469        9.5758738587576886E-002  -5.7962445708088062E-002  -3.8598054759881428E-002  -8.0819511105723052E-005  -7.6790583050613925E-002  -6.0135190204709588E-002   5.7553409621976748E-002  -8.2919069369455478E-002  -5.4063492695570758E-002  -7.3633043695781275E-002  -6.0081048086907174E-002  -1.1576562471837804E-002  -8.9631143088999110E-002  -4.6432324585818918E-002  -1.2629392999872202E-002  -8.3122047635930230E-002  -7.5354934168816889E-002 -0.20252068573791515       -6.1531543504971253E-002 -0.15532181105321108       -6.3430994270962771E-002 -0.12857750996844075       -4.3867934454946855E-002 -0.14063209033325030      -0.15331820443642119       -4.8678761941655324E-002  -2.9950328472268417E-002  -6.7492550160083375E-002
 HERAPDF20_NLO_EIG          29
  -1.7188357951462172       -1.7037543687049013       -1.7339003282844025       -1.7350512864341261       -1.7026992553381186       -1.7282293500095567       -1.7094807763642992       -1.7721753305018551       -1.6664665869812945       -1.7049667809269957       -1.7326125590419137       -1.6823954796057117       -1.7591994664234551       -1.6781919528757778       -1.7600371041026821       -1.7152330374096785       -1.7065145008956972       -1.7635691247623928       -1.6828142099267405       -1.6603880887464153       -1.7707344787388184       -1.7939544128987119       -1.6403924338774529       -1.5964570198893595       -1.8138974366025118       -1.7461352771254739       -1.6964155082620649       -1.7194507286405218       -1.7171275192546624     
 HERAPDF20_NLO_VAR          14
  -1.7188357951462172       -1.3859375317334592       -2.1670647326990862      -0.79331348185808270       -1.0699983089928367       -1.8286410879558610       -1.6159071429011909       -1.8261845741619651       -1.6832526964904186       -1.7708174806539763       -1.7373853838144311       -1.8046257830808377       -1.6862352572386530       -1.7760475989646696     
 HERAPDF20_NNLO_EIG          29
  -1.4631905224815549       -1.4941882130114901       -1.5128693234586739       -1.5111173239552391       -1.4960088008068282       -1.5138072448648483       -1.4932976591597558       -1.5637385802397414       -1.4446213551062614       -1.4815336458918660       -1.5260744479860406       -1.5190947180814716       -1.4877626794210794       -1.4864622966068404       -1.5200554247498630       -1.4792870130792770       -1.5112921003317554       -1.5102327639419970       -1.4962160740295229       -1.4668103438216473       -1.5396991322032343       -1.3782934780117322       -1.6212279349281000       -1.4482239396289081       -1.5544490736367167       -1.3080957602921037       -1.6726766423183186       -1.3749406100371497       -1.6238106259506311     
 HERAPDF20_NNLO_VAR          14
  -1.4631905224815549       -1.1291347924974393       -1.8874949110130363      -0.57800841382225787      -0.95635840465655253       -1.3614230377820218       -1.3265689910941800       -1.5858282063425455       -1.4986350823880445       -1.4015183976354688       -1.3105821080423130       -1.3260193137506486       -1.7553871136250065       -1.4223992601809066     
 CT14qed_inc_proton          31
  0.50885626620497693       0.50691663790347974       0.50492581043828899       0.50296793840720078       0.50101185359873934       0.49907035901161390       0.49712170967003733       0.49519347721625717       0.49323631365683340       0.49127881415573516       0.48924186785847823       0.48729923864083347       0.48534483540358053       0.48339759052541975       0.48146281253625212       0.47949255615641651       0.47756283180954728       0.47560806199084205       0.47369620214392594       0.47173764597489143       0.46978683246115160       0.46784545965357260       0.46589924641498293       0.46395748033448836       0.46190924627320928       0.45999215215687439       0.45804971505314995       0.45611185277835276       0.45415759953658341       0.45221639375564493       0.45027241232280080     
 LUXqed17_plus_PDF4LHC15_nnlo_100         108
  -5.0714640107146991E-002   2.2457773793724378E-002 -0.14325488092467431       0.10279633722945736        6.6699257946559953E-002  -9.1651172200002406E-003   1.0234099873642322E-002  -3.7407814722409505E-002  -4.6932412122294487E-002   1.3954652334410511E-002   9.1151525916952636E-003  -9.9200153941560565E-002  -4.1175045517960029E-002  0.14607027469119327       -5.5595535067230806E-002  -4.9292247817471768E-002 -0.23622989133633521        1.2285160625966185E-002   4.4935343266899963E-002 -0.10941247490423756      -0.15369487591885989       -9.9451235915687164E-002  -9.3146061339667519E-002  -6.8483798041759414E-002  -1.4895650909920732E-002  -4.5640747894803546E-002  -4.2265941107279659E-002  -6.8752140600239819E-002  -7.1218534030475844E-002  -5.8505599314324641E-002  -4.6287992632868757E-002 -0.11713830929119950       -5.4135086715156433E-002 -0.11469942234245600       -9.1807989144758295E-002  -6.9881567758320884E-003  -4.6380275786194858E-002  -4.4854852883334573E-002  -6.8748690723240635E-002  -2.1127659373120444E-002  -8.5596885960837810E-002  -8.3778930664767159E-002  -7.1251867751121800E-002  -5.6830406499228658E-002  -3.1300597934446728E-002  -7.2771293558717254E-002  -4.6788629078376331E-002  -8.1043946911802500E-002  -3.5979315851759175E-002  -3.7197788269776488E-002  -2.1519766462009926E-002  -4.5693416902819806E-002  -5.6797190523593777E-002  -3.3168715067041887E-002  -6.9385196132270899E-002  -4.9891678106102511E-002  -5.0888350002963989E-002  -6.7416035990516043E-002  -6.4520210463655303E-002  -6.0501585487682696E-002  -5.8388257954837819E-002  -5.9097778965045755E-002  -3.1474740178100369E-002   4.2383378537103056E-004  -4.6929138341770482E-002  -7.2978243952912081E-002  -2.9170928557981313E-002  -5.6005317918462083E-002  -4.4776521490179633E-002  -5.7556133763786654E-002  -5.1423223309735810E-002  -5.4564421093068027E-002  -4.0073160255245988E-002  -6.2004129570555122E-002  -4.5519740739238479E-002  -5.2580002930282532E-002  -5.5809678557165121E-002  -5.3515907304821475E-002  -4.3991352803579353E-002  -4.9663045433513631E-002  -5.4856137502943270E-002  -4.9615775598873313E-002  -4.5263487675268443E-002  -5.9278438534933642E-002  -5.2876793414509571E-002  -4.7492893403277670E-002  -5.1438870478044407E-002  -5.2909710688735068E-002  -4.0911037095537672E-002  -5.4004702722796338E-002  -4.4600663503297611E-002  -3.9199247770461909E-002  -4.2896595175982100E-002  -5.1476239700233961E-002  -4.9855398608946722E-002  -5.4086370200693068E-002  -6.2685828071215255E-002  -5.2445242449047136E-002  -4.1084431204543748E-002  -5.1729065845015576E-002  -5.8764277583537528E-002  -5.0696091367247398E-002  -5.0597728281726262E-002  -5.0733180086943719E-002  -5.0736631921058262E-002  -5.0768367822398019E-002  -5.0722225235526608E-002  -5.0636994334207763E-002
 NNPDF30_nlo_nf_5_pdfas         103
 -0.24646195880381860      -0.48470821614006532       -9.9218187378931511E-002  0.16097669216701682      -0.22583829674481137       0.31962203175714343      -0.61284779810054602      -0.39975718909730595      -0.21107847369446198      -0.27495055804925439      -0.10639602474786436      -0.26489256622522550      -0.31879509966414687        5.3427294150643512E-002   4.2315284991188307E-002 -0.30169112846752988        6.2244463006546624E-003 -0.15888389629162170      -0.45059770346376116      -0.43055792057153930      -0.27259732288406013      -0.11707465707478626      -0.42226240300965756      -0.45028212320478644        9.6589791363863142E-002  -9.4247893216769185E-002 -0.53919470889322518       0.11617738271529277       -6.8273333469909048E-002 -0.21193135569292654      -0.39753205856177409       0.26813465652910828      -0.24005985621140269      -0.10509947237194428      -0.31513137755817944        1.1118904548839126E-003 -0.21250263955820792      -0.10128899538931257      -0.65279074259751813      -0.53403613380797577      -0.17870989751648914      -0.73339468893472759      -0.27378497776653798      -0.41575434276471057      -0.33367135465855924      -0.25754988493911490      -0.69978679663933985      -0.20090652218202543      -0.20911119869368289       0.22321697843535659       -8.5974479979486595E-002 -0.44407952563372710       -9.4997483437068375E-002 -0.50968943594451055      -0.13901217786404807       -3.1244476007967315E-002 -0.30009690337261752      -0.43788469754650183      -0.18986078839216436       -2.7272847892323426E-002 -0.23942909653769817      -0.15451680988317840      -0.29140375483908265       -1.7239039735668982E-002 -0.47719206365397060      -0.14250061961900240        5.3775919137287076E-002  -1.4295712861255625       -5.8464505784461274E-002   6.1360737141872512E-002  0.28360156978407325      -0.44476112507495547      -0.41989370357635369      -0.88918999121279718       -6.8305094490289875E-002 -0.19499851136115964      -0.39479722872508916      -0.50172143118645884      -0.36027340077739645      -0.54650904626103181        6.8361263042637788E-003 -0.23314664062162649       -4.5172068592872705E-002 -0.75841405451190447       -7.4113160445637760E-002   6.8050497893989537E-002 -0.21489590053334773      -0.43218261910780953      -0.26411832973379124      -0.77581193557034211       -2.6987943644558143E-002 -0.12635169070324181      -0.15207092172421799      -0.16262141200402347      -0.43453316929018193        5.4267191788439639E-002 -0.59277622501845961       -2.7708758196418160E-002 -0.28161913680216522      -0.25479994121665239      -0.32911427833021811      -0.18963950796431028      -0.24385368370042837     
 NNPDF30_nnlo_nf_5_pdfas                                                                                        1
 -0.47138894306478019     
 NNPDF31_lo_as_0118                                                                                             1
   3.5501710117425964     
 NNPDF31_lo_as_0130                                                                                             1
   2.5877928659404450     
 NNPDF30_lo_as_0118                                                                                             1
   1.0421454119905267     
 NNPDF30_lo_as_0130                                                                                             1
  0.96771315118883727     
