   0.0000000000000000        0.0000000000000000        0.0000000000000000        0.0000000000000000        0.0000000000000000        0.0000000000000000        0.0000000000000000        0.0000000000000000        0.0000000000000000        0.0000000000000000        0.0000000000000000        0.0000000000000000        0.0000000000000000     
   3.1223759757142117E-002  0.51668702034424285        4.5444025160874764E-002   2.0243707781125272E-002   2.9842040647743998E-002   2.9238915521601589E-002   5.2196177999689237E-003   3.5042627943194120E-002  0.49110715417474060        9.5581339228622497E-002  0.11122527316975470        1.4957905604311745E-002   3.0647701439398857E-002
   1.8405821661859478        1.5855153021581867        1.7487229154844317        1.4108687179524801        1.5029838927079029        1.5969147719153030        1.8428413844583762        1.9218794549068392        1.7758073283027715        1.6038853819607477        1.4784213447418479        1.9848732185493101        1.6227827837418862     
   5.8953662048304510E-002  0.77520064324053306       0.10140563594423599        4.3632307391643421E-002   6.2262630020974589E-002   5.8071285091505755E-002   9.1749565705853357E-003   6.7952709516090851E-002  0.62326149224656580       0.13630772802815944       0.16047940719927897        3.2029509668601665E-002   5.9715401824869792E-002
   1.3997331715545787        1.8910030102706830        1.5665272691310654        1.7213918178984988        1.7339993429128255        1.5165400218523841        1.7085134710020384        1.4292904745032586        2.4640590001153551        2.1333931169605198        1.4643993323422428        1.9298574333001564        1.7159700144675047     
   8.8465537415942389E-002  0.86724329501982544       0.17106067395472405        6.3973882999279350E-002   9.3160374109739361E-002   8.7357483375412201E-002   1.2553577087401591E-002   9.7598328214645591E-002  0.68828511458397368       0.15207306934651277       0.19319947493538736        4.8857248576094504E-002   9.0629886217349978E-002
   1.7280651734069130        1.5077952918489383        1.7922467724990132        1.5810208748491945        1.6826373356531918        1.5614256672706794        1.8988660154872701        1.5295027699271404        1.6265977095816997        1.4529372039109845        1.8415773588307145        1.6176000195647102        1.4739105237509598     
  0.11779759653704847       0.91033800518251684       0.24491615950135442        9.1597955192787975E-002  0.12393278700326175       0.11867686817855352        1.6755419234090622E-002  0.12590932915238398       0.73231643280469272       0.17035911294835265       0.22358997388104651        6.8992399996438858E-002  0.12318712366886923     
   1.5274824226000434        1.5344553311933489        1.4396992798645030        1.8261493973263763        1.4322416539433358        1.3400655542869209        1.4198398960199778        1.3032687111065357        2.0742228912471954        1.5164977429587423        2.0656831844044503        1.6849958606236890        1.6858374270460890     
  0.14851608838715399       0.93772484251565513       0.31406917053943317       0.11365197644312497       0.15472873447235311       0.15125444225984797        2.1220095046267807E-002  0.15269586729475609       0.76647761972057715       0.18366289467738053       0.25063408392978881        8.7910841192447270E-002  0.15371446234569433     
   1.8709755290421681        1.3662371376164459        1.5291139814603205        1.6771000552165793        1.4133524023533472        1.6603439659872270        1.6265879993694243        1.6215558774962711        1.7927656312414846        1.4031430267150844        1.5044577219327724        1.4193255624315237        1.3985287878291257     
  0.18010586023059560       0.95360798260984359       0.38012890334958843       0.14195179086738915       0.18442065593229598       0.18516093079601831        2.6523116370012159E-002  0.17833822843969757       0.79661389041614428       0.19892760714282670       0.27530610538611966       0.11167716689188714       0.18734873212656461     
   1.4972789564452922        1.5179738147171440        1.6705288317386151        1.9965483550489773        1.6635458007581709        1.7571251995118298        1.7639091408824936        1.5344046404138485        1.6080638019903084        1.6775554498134309        1.4549660690334469        2.0521619882016657        1.4887753321495987     
  0.21052374666560408       0.96507070926893423       0.44599518923071896       0.16739605873083729       0.21484515100079485       0.21650615866107534        3.2376138550574342E-002  0.20127493681678091       0.82088743765865124       0.21262912195847050       0.30109221733486807       0.13833769716477237       0.21846367887783708     
   1.3792856686874673        1.7028933561849628        1.6676484830487390        1.3506672469859777        1.6969104101569301        1.5275940752185300        1.5257282478901988        1.7074436717975539        1.5056292677611169        1.3372173898551887        1.4188358405570418        1.7594585146631592        1.5042299428265509     
  0.23912412936807340       0.97313054327145454       0.50628997458895852       0.19645412820196864       0.24708334958679465       0.25027231393707405        3.8845773062350535E-002  0.22404458347134201       0.84178082729728498       0.22550331829162273       0.32734138479958375       0.16500994249548689       0.25395743322429398     
   1.3105525333201364        1.4548285924481168        1.4230151446870307        1.8163101443353886        1.5324153763616148        1.4928085183911894        1.6444499692855132        1.7272984861317193        1.4856742107559202        1.5786365855260640        1.6392250213151940        1.3752441185354889        1.6218183069904228     
  0.26991140845409484       0.97823926217745749       0.56292141677416641       0.22702216655735077       0.27844414401766976       0.28161573378048943        4.6271142469962917E-002  0.24707464475899232       0.86031996669350330       0.23814122134223834       0.35331768864484647       0.19311234295550439       0.28746504438911730     
   1.7612933679539982        1.5018750980707323        1.4068313988414494        1.6967783186508905        1.4876548570177122        1.5477136305524299        1.5658332882934352        1.7190228360388353        1.5300927665686022        1.6584790403284813        1.5776463391724291        1.5544806221052625        1.5817670514169442     
  0.29896695730219763       0.98289401528436571       0.61441391470223450       0.25834744698258671       0.31340361608653972       0.31407245454780303        5.4413274279168068E-002  0.27030686827897249       0.87617256413437217       0.25054606785422034       0.37995325671813351       0.22488002162716836       0.31948737577021791     
   1.8837817612256511        1.5443927341636698        1.8122931229474422        1.4601376746504271        1.7471765188685409        1.5395388704435693        1.4540764421265755        1.7537314100190686        1.5416988419842652        1.4826391004869359        1.5399982938010106        1.6089206239163574        1.3086732097924161     
  0.33061775958333056       0.98608687618240287       0.66074102097253973       0.29006460286751451       0.34664079224303901       0.34316959767557048        6.3051605826927010E-002  0.29249203638208676       0.88923070076297461       0.26310702460390439       0.40833554193930116       0.25821372572267820       0.35026124114393192     
   1.3504482047613295        1.6000156259366205        1.4090713859934410        1.3820034255658447        1.6510361254041668        1.3700993037102880        1.4258578384286711        1.3503568805883721        1.6417431328627379        1.7130122741651510        1.5957202152949121        1.6717772231542405        1.6099475757691522     
  0.36027891774240073       0.98881522790273613       0.70094835109124221       0.32183303716346062       0.37729489912751302       0.37163931910644277        7.2603948549017444E-002  0.31761278176918706       0.90077784866388699       0.27717407651732950       0.43827437404161190       0.30108043138118168       0.38007223996635464     
   1.4503995935413045        1.4088685906758687        1.4282052925701907        1.6460608063605151        1.6516959991874944        1.5287451872395881        1.8301614077126478        1.6604667854938220        1.5272833194697537        1.5519367096699892        1.8072302775144720        1.5287801787300905        1.3823098933977966     
  0.38889464898456394       0.99093542038167692       0.73753301481289735       0.35570510709927294       0.40802727920863247       0.40113365490152436        8.3018611693628841E-002  0.34451418581131027       0.91094594554688413       0.29075284290871184       0.46808632039198722       0.33617674998135400       0.41014001611495232     
   1.5585383410140548        1.4022890206515635        1.3688003771273614        1.6610177215506492        1.3215404662495112        1.6731945740563516        1.5616835172089336        1.3329104775877230        1.3711000532529052        1.4650199351890563        1.7410674137292712        1.6964935202764562        1.4262206022235600     
  0.41852393083313250       0.99260704908968733       0.77298343691651361       0.38990604105886351       0.44200207609221537       0.43105319497351186        9.4267660689172958E-002  0.37658575595666532       0.92055484191207693       0.30411507873058891       0.49769164076904476       0.37542640246590997       0.43870842945273858     
   1.9854415570993027        1.4929499479206987        1.4878419084807153        1.7314144161482208        1.7401281031465781        1.5961850372682669        1.4191743852912340        1.6478659539639451        1.3205067766621914        1.4334669569417180        1.5180701772873302        1.5661593536795699        1.6504711417575413     
  0.44951836736710860       0.99396386452783003       0.80458988016324506       0.42251919393858883       0.47242956055807800       0.46111952082755059       0.10623186065104998       0.42177311759972291       0.92915847061703838       0.31719110240017051       0.52861355758059925       0.41302522507662720       0.46718224337447589     
   1.9177439173840463        1.5023174948051641        1.5337396298479034        1.6223070130656085        1.4675507864325990        1.8040035852304255        1.3469699295446766        1.3223975538877126        1.3898584742325795        1.7618789961963186        1.7121917881708089        1.4277466777225334        1.6151298563462262     
  0.48164302235888895       0.99507459618569782       0.83278724608522869       0.45449938185136879       0.50105119325433900       0.49334752846245117       0.12085606095353087       0.48243936632317164       0.93697212521653794       0.33042340278730992       0.55822020766158598       0.44902213009904923       0.49523711403310899     
   1.5913627129310577        1.4092455390387411        1.5122020861476388        1.5202735204494227        1.5377396860792567        1.7513628785204125        1.5220954417769397        1.6222001730030922        1.4963113052950126        1.4944535085869117        1.7116258678832925        1.5644825486137486        1.5236430455831926     
  0.51480343313140664       0.99594654145816042       0.85843697520379381       0.48789684137363981       0.53129794185662371       0.52206431171145362       0.13636415884258138       0.54868560957626478       0.94361871319300994       0.34438570389536660       0.58664113215500546       0.48626273256993052       0.52371668525056725     
   1.3646973826684743        1.4046508193251515        1.7937708968044745        1.3450766787821817        1.3939157605248655        1.4059885757643977        1.5243627700430717        1.4941147378649162        1.4236914842365724        1.3059103913440726        1.5733624978475833        1.4730195821809071        1.7429016247985476     
  0.54851478313506619       0.99664836035945403       0.88093294756638585       0.52315605169230317       0.56317664065738227       0.55290434014752654       0.15465940476962128       0.60202024958025024       0.94966679495543171       0.35958883966407240       0.61499442975068663       0.52274448830996134       0.55085881003594261     
   1.6884425525312865        1.4198525138176588        1.6651642269851363        1.2714839513280236        1.3925781242788580        1.4814215761263931        1.3607576501690113        1.4748434959883534        1.3278051480620343        2.0539542539505220        1.3042755308054765        1.5236244307359319        1.5154897897293642     
  0.58224188095301677       0.99723236541926352       0.89824431332940546       0.56183439344369590       0.59389443247036311       0.58488097203455180       0.17519851961771316       0.63967346371969758       0.95524101268566708       0.37463271244136942       0.64340364963052865       0.55792641114164088       0.57894279873670973     
   1.5883764690134898        1.5642491333665043        1.3799213010240354        1.4842148633523566        1.8719260304042515        1.6562510683174079        1.4924847553996667        1.6032154395738811        1.3596900727683070        1.2730425817571593        1.3087800555418696        1.6679522037612562        1.6066602629421682     
  0.61450580519213771       0.99771555935485723       0.91594499242874416       0.60162048692477854       0.62423802555353158       0.61718825100364394       0.19804376964153669       0.67233060231697395       0.96070757023498410       0.39024613769817523       0.67155060488933827       0.59110741726938643       0.60846647338404269     
   1.4489675804463502        1.2738892491543019        1.7592126347705346        1.6023772180887581        1.5553989911475996        1.7547311899466695        1.5029935666383181        1.3948605097757010        1.3897731011025367        1.3842384714840774        1.4304233446320516        1.5221361816600480        1.7839538289837837     
  0.64689062490297555       0.99811016785351059       0.93049106224719846       0.64009555291956177       0.65382625691373986       0.65168659692525621       0.22416347362540245       0.70258542483744069       0.96561323286304690       0.40723706243479046       0.70187929229353696       0.62500875336224271       0.64112312209762312     
   1.6638006682967481        1.5619524108892024        1.8277859272003847        1.7328386485649663        1.4052086100454313        1.8921706643192744        1.3018595129990880        1.5708813447400112        1.6517544275456151        1.5527910672888283        1.5726623406487490        1.3134967076609103        1.5513592790485549     
  0.67868929083734475       0.99845252090582004       0.94349879370040168       0.67667224852772057       0.68527170502918056       0.68014222927669810       0.25264022578721984       0.72698272528548058       0.96998322068140308       0.42580218441934942       0.73043013235693133       0.65602551738011217       0.67483792798034115     
   1.4912436969490293        1.3874585732559390        1.4764917393318893        1.4654414119201737        1.8425120052848549        1.5341481140976563        1.4599150066400040        1.4263725992990806        1.4201375943829631        1.5999235573742774        1.7522062399599194        1.6007663845238997        1.4877693014961602     
  0.71191364628578635       0.99872884120414951       0.95403581365189738       0.71370019505342286       0.71823146939193183       0.71219792094011580       0.28523276241830414       0.75029689805381672       0.97375385982837426       0.44568351014747981       0.76045477730535138       0.68864320040104410       0.70917891290210266     
   1.4698681126645066        1.5003747594197689        1.2317692787961241        1.6743135695348872        1.6171812917070454        1.4457556090605330        1.6938402920410744        1.7730632767674503        1.4769738050316228        1.5258153621645445        1.6001755634898174        1.6148892494882259        1.4479997729626779     
  0.74439691857690893       0.99896461747844623       0.96421785639191770       0.74928873728412881       0.75156233599366029       0.74048582142092090       0.32330318878828201       0.77325233748713462       0.97701592792364544       0.46770065625686164       0.78793602549971664       0.72321340440336757       0.74303215031012892     
   1.4506785434039142        1.8161573088255423        1.6823777245027633        1.5982385694688948        1.4535133698680962        1.4319165870904784        1.2954865987604856        1.5139847649254266        1.5220806302307166        1.5097209065601374        1.7111038625118351        1.7182644684921415        1.5686624699704501     
  0.77570294451732913       0.99915452431739116       0.97247877685085382       0.78135540878643339       0.78315823676615559       0.77854713252221774       0.36496769614859981       0.79719987151814287       0.98001662687246449       0.49066057862884516       0.81539024705417074       0.75970486096939593       0.77656625361791953     
   1.7165014550175157        1.5813972577300699        1.5917213936975143        1.5266478513333523        1.7951908188103964        1.5462999847008472        1.6263316799458807        1.5941090939854594        1.5152746074548669        1.9986173016246374        1.5792419462026657        1.4608949680587773        1.7334630243578064     
  0.80875478142005441       0.99931459408590984       0.97943727121264834       0.81610855736082111       0.81278731199587095       0.81019996655406035       0.41178121986765881       0.82134426942190186       0.98277999111477021       0.51454707467411276       0.84301328099468043       0.79849136367425866       0.80936581042936051     
   1.5830288079978880        1.7693373071005063        1.6948041674417387        1.6690081767625262        1.7153878236647744        1.7591020633844276        1.4325527915845930        1.8918750345195887        1.4659731285844610        1.7355915103356572        1.5941291611710409        1.6276907931821154        1.4892451906444062     
  0.83919142485213438       0.99946930966124459       0.98537066200081003       0.84551082372398689       0.84208374391993723       0.84120363432554279       0.46195580756100546       0.84639615233359622       0.98537786310123610       0.54082567057800546       0.86853604239858195       0.83239284795604429       0.84125732612895443     
   1.5017506574473440        1.7043709092186432        1.4248727126624530        1.4817091906615638        1.3473303858200472        1.4914958150504496        1.5302762819592906        1.3119943433698893        1.3798791590342443        1.6978820946296518        1.5699798670653100        1.5352024315553918        1.4396337002652533     
  0.86997675786763640       0.99959751360206528       0.99034726945330198       0.87763420218664367       0.87388948440744285       0.87372478169940226       0.51879363583119797       0.87444610194343486       0.98805717383451985       0.57006130339872285       0.89468308384704687       0.86919509466479317       0.87412248649678115     
   1.4430121117888863        1.7429222664703252        1.4326407063877127        1.4491857144320777        1.5365265547206071        1.8409502020787671        1.6551112049825729        2.0305959858104310        1.7087849255693675        1.4623582964575577        1.6915675340925507        1.2851300180194720        1.6202321002809708     
  0.90218072811118266       0.99970646133062546       0.99416387954797403       0.91065597026705303       0.90617727861095332       0.90657563811737829       0.58526491416625404       0.90292321166825051       0.99050378200272704       0.60258890687082722       0.92060675961724425       0.90096622583937425       0.90498095549463820     
   1.4576500421543883        1.8457187844174350        1.7129359361299545        1.3981896758579637        1.4976843150758434        1.4668250983883160        1.7205864596520346        1.6325413736533247        1.4906273679825255        1.5349134566196636        1.4677160686146331        1.4949226664913802        1.5206912751722221     
  0.93082507311766938       0.99979207614683907       0.99698916444368857       0.94082559823654488       0.93832094031863889       0.93784766235647377       0.65230364039054756       0.93244057716809547       0.99295976579530865       0.64216809830757471       0.94719707051191471       0.93482543994398570       0.93851903200471731     
   1.4667622164494409        1.8475686865309098        1.5868497456161763        1.5606133263041986        1.6422452322612511        1.4832364342720996        1.3564641836181324        1.6236052620684063        1.7337596077932200        1.4833796495752112        1.3156637170662155        1.3265183059331334        1.9147596325715295     
  0.96568596374563309       0.99988648364677701       0.99863352707649489       0.97210205417669149       0.96908596447656470       0.97126199373812350       0.79694360113882867       0.96584395329268302       0.99552533424653433       0.73216731092671172       0.97394162794558858       0.96710129143120849       0.96645612339405540     
   1.7101875090239631        2.1158777015133263        1.4002900324984473        1.5307428171502706        1.4914450120817451        1.3797094759810804        2.6643379874564084        1.2996501758601393        1.6264796168111999        1.6596746644688043        1.4389070256621046        1.4247298883524178        1.6952190901725119     
   1.0000000000000000        1.0000000000000000        1.0000000000000000        1.0000000000000000        1.0000000000000000        1.0000000000000000        1.0000000000000000        1.0000000000000000        1.0000000000000000        1.0000000000000000        1.0000000000000000        1.0000000000000000        1.0000000000000000     
   1.3859340427341853        1.5219690223084323        2.0045789375038421        1.5213145847092218        1.5572227413600519        1.5280683014978738        1.5061564308370763        1.6852790579171122        2.0120772508841851        1.4841604691709713        1.4439749393472523        1.4384594018957211        1.5991605260438457     
   44.441993006483607       -27.202682889976536        22.215956214393255        40.115160378062050        42.904922219736029        38.949429725199401        85.534771093403847        43.316478549638106        27.691694947627152        38.253360340539849        49.437379306019679        53.465638718388618        50.850366288431097     
   45.654333395031408       -26.675027830914473        49.875330229854093        56.075373979263233        57.886176805369253        48.219719987285174        41.440773896941558        57.197852309689267        27.245889413162146        57.703687468731154        49.853951898853552        56.521156413674618        60.973579059524035     
   45.868369501695803       -24.004511025556813        30.689936708832143        61.339142215637061        56.448468549386021        53.225186741154751        30.035710248364047        42.140118444147973        5.8251780954061081        51.550815182687678        59.602105780883825        52.761761583601562        49.067832938461663     
   63.486221634160870       -18.413931246644786        49.889615861208156        62.717832619649634        51.639627906130954        49.941923177056282        23.735237093223272        17.942302504471940        9.8077609566276873        51.941070568772396        42.689700510971662        49.329298186226595        56.681891889289531     
   50.168564933259837       -14.511693079893943        46.607038500607700        57.494384576519394        51.390023260946961        44.172677563795652        14.533170071980823        33.498420358023964        1.1120473426285615        51.214364929849083        49.320725832714132        63.731385847763846        50.669864480815434     
   50.664169084947169       -4.8877263655770093        39.215573935133968        54.333061014816735        46.449935938479854        54.283281648518674       0.12076395309112309        65.115129529990384        16.576380387744457        41.901127319907161        55.513275307856865        65.741849762592835        39.041190453584406     
   54.690200798755271       0.18533482986381067        46.542253144486260        53.542472605025338        46.552732016565166        51.782102136956304        4.1641110672800696        59.095288284094586        41.132506875096929        35.321197980611046        45.060432360447201        47.455086403197228        48.786770894714451     
   51.160369289760055        61.526890272231043        67.071642022376267        34.759889024288526        43.235503435466285        53.741419936390329       -58.334891904308968        69.060517998372646        69.553832652696670        52.851945903047778        54.724095109329355        35.006154584561536        44.772777040152846     
   19.082306881673535     
           1           1           1           1           1           1           1           1           1           1           1           1           1
   5.2519116098455374       0.67661086636135537       -4.6222375336920564E-002   45.853823920242725       0.40798234224703478        2.8022794793748819E-004
  0.12704038822175542       0.14937209722292094        5.5810787560055183E-002  0.92658873940378284        5.5788989340421744E-002   2.9851672095058900E-005
   1.0998423628713163E-002   54.066506601251362     
