     
 Soft #           4
 ME*wgt:
   1.0052883241490866        6.4107664070166508E-015   6.3770425389581257E-015
   1.0000065208387579        6.3770841226242743E-015   6.3770425389581257E-015
  0.99999532241711686        6.3770127098131001E-015   6.3770425389581257E-015
  0.99999948067723010        6.3770392272147303E-015   6.3770425389581257E-015
  0.99999986710591615        6.3770416914868999E-015   6.3770425389581257E-015
   1.0000000009958094        6.3770425453084441E-015   6.3770425389581257E-015
  0.99999860667013407        6.3770336536342999E-015   6.3770425389581257E-015
   1.0000103912972698        6.3771088047028497E-015   6.3770425389581257E-015
   1.0000000005000438        6.3770425421469263E-015   6.3770425389581257E-015
   1.0000000000500040        6.3770425392770030E-015   6.3770425389581257E-015
 wgt:
   1.1111111111111109        1.5132662295376133E-002   1.3619396065838521E-002
   1.0101010101010099        1.3756965723069212E-002   1.3619396065838521E-002
   1.0010010010010009        1.3633029094933453E-002   1.3619396065838521E-002
   1.0001000100010000        1.3620758141652686E-002   1.3619396065838521E-002
   1.0000100001000010        1.3619532261161131E-002   1.3619396065838521E-002
   1.0000010000010002        1.3619409685248210E-002   1.3619396065838521E-002
   1.0000001000000098        1.3619397427778261E-002   1.3619396065838521E-002
   1.0000000100000004        1.3619396202032487E-002   1.3619396065838521E-002
   1.0000000009999999        1.3619396079457917E-002   1.3619396065838521E-002
   1.0000000001000000        1.3619396067200461E-002   1.3619396065838521E-002
     
 Collinear #          97
 ME*wgt:
   2.3454185464239234        2.0014805683929788E-017   8.5335752607765926E-018
   1.0976299206267772        9.3667075361488405E-018   8.5335752607765926E-018
   1.0061710251947265        8.5862361687119384E-018   8.5335752607765926E-018
  0.99966377238056825        8.5307060370814196E-018   8.5335752607765926E-018
  0.99966989780068805        8.5307583088150163E-018   8.5335752607765926E-018
  0.99987499897851329        8.5325085551520619E-018   8.5335752607765926E-018
  0.99995172945340360        8.5331633404343332E-018   8.5335752607765926E-018
  0.99992405047661781        8.5329271398027903E-018   8.5335752607765926E-018
   1.0000000004622620        8.5335752647213393E-018   8.5335752607765926E-018
   1.0000000000458988        8.5335752611682743E-018   8.5335752607765926E-018
 wgt:
   1.0000082140040123       0.99443736862345655       0.99442920037801474     
   1.0000007873061068       0.99442998329819698       0.99442920037801474     
   1.0000000784050471       0.99442927834628314       0.99442920037801474     
   1.0000000078372639       0.99442920817161884       0.99442920037801474     
   1.0000000007836938       0.99442920115734279       0.99442920037801474     
   1.0000000000783691       0.99442920045594729       0.99442920037801474     
   1.0000000000078371       0.99442920038580807       0.99442920037801474     
   1.0000000000007838       0.99442920037879412       0.99442920037801474     
   1.0000000000000786       0.99442920037809290       0.99442920037801474     
   1.0000000000000080       0.99442920037802263       0.99442920037801474     
     
 Collinear #           1
 ME*wgt:
   1.2824208537404269        2.5351012810329822E-023   1.9768091525015925E-023
   1.0269639776154622        2.0301117902396863E-023   1.9768091525015925E-023
   1.0011226207461581        1.9790283594673859E-023   1.9768091525015925E-023
  0.99955018578858579        1.9759199556515436E-023   1.9768091525015925E-023
  0.99976578160320728        1.9763461474311285E-023   1.9768091525015925E-023
   1.0007091216056783        1.9782109505819339E-023   1.9768091525015925E-023
   1.0014953154126924        1.9797651056952794E-023   1.9768091525015925E-023
   1.0238925760667794        2.0240402155472427E-023   1.9768091525015925E-023
   1.0000000004262191        1.9768091533441463E-023   1.9768091525015925E-023
   1.0000000000000000        1.9768091525015925E-023   1.9768091525015925E-023
 wgt:
   1.0000000252538097        6.7344202581713135E-005   6.7344200881015501E-005
   1.0000000024205764        6.7344201044027289E-005   6.7344200881015501E-005
   1.0000000002410567        6.7344200897249273E-005   6.7344200881015501E-005
   1.0000000000240961        6.7344200882638226E-005   6.7344200881015501E-005
   1.0000000000024094        6.7344200881177765E-005   6.7344200881015501E-005
   1.0000000000002409        6.7344200881031723E-005   6.7344200881015501E-005
   1.0000000000000242        6.7344200881017127E-005   6.7344200881015501E-005
   1.0000000000000024        6.7344200881015663E-005   6.7344200881015501E-005
   1.0000000000000002        6.7344200881015514E-005   6.7344200881015501E-005
   1.0000000000000000        6.7344200881015501E-005   6.7344200881015501E-005
     
 Collinear #          46
 ME*wgt:
   1.1874579730858690        3.9843881184883602E-022   3.3553929560421048E-022
   1.0134230467745473        3.4004325526380443E-022   3.3553929560421048E-022
  0.99993189777674973        3.3551644463219199E-022   3.3553929560421048E-022
  0.99954621250845999        3.3538703206894514E-022   3.3553929560421048E-022
  0.99981239337323713        3.3547634620881577E-022   3.3553929560421048E-022
  0.99993433091113171        3.3551726104438863E-022   3.3553929560421048E-022
  0.99988320558457777        3.3550010648832921E-022   3.3553929560421048E-022
  0.99977282987395388        3.3546307110013463E-022   3.3553929560421048E-022
   1.0000000004632299        3.3553929575964233E-022   3.3553929560421048E-022
   1.0000000000470468        3.3553929561999657E-022   3.3553929560421048E-022
 wgt:
   1.0000014871093734        8.4578431654330928E-004   8.4578305877139478E-004
   1.0000001425391818        8.4578317932862000E-004   8.4578305877139478E-004
   1.0000000141949841        8.4578307077727186E-004   8.4578305877139478E-004
   1.0000000014189119        8.4578305997148634E-004   8.4578305877139478E-004
   1.0000000001418852        8.4578305889139894E-004   8.4578305877139478E-004
   1.0000000000141884        8.4578305878339516E-004   8.4578305877139478E-004
   1.0000000000014186        8.4578305877259466E-004   8.4578305877139478E-004
   1.0000000000001421        8.4578305877151491E-004   8.4578305877139478E-004
   1.0000000000000142        8.4578305877140670E-004   8.4578305877139478E-004
   1.0000000000000013        8.4578305877139586E-004   8.4578305877139478E-004
