   0.0000000000000000        0.0000000000000000        0.0000000000000000        0.0000000000000000        0.0000000000000000        0.0000000000000000        0.0000000000000000        0.0000000000000000        0.0000000000000000        0.0000000000000000        0.0000000000000000        0.0000000000000000        0.0000000000000000     
   4.4211097089364909E-002   9.3346036415032585E-002   8.2091858846006244E-003   7.5912652917266760E-002   3.1557138478632708E-002   2.5249430654638756E-002   2.8751101661826799E-002   3.0301585538757198E-002  0.38796367172952761       0.23141466396202565       0.10515686474350515        3.0675620298203983E-002   2.4147847036021953E-002
   1.5848117484403672       0.79225784439896951        1.0450476120596852        1.1182441779263277        1.3386730991276685        1.0387866975133417        1.0026929173921197        1.0285754189301652        1.3384251894470554       0.98027781871133901       0.85887664977637990        1.3359522751658468        1.0304095879829711     
   6.8034838755935897E-002  0.17874500388088863        1.7163782035953982E-002  0.12780119483457481        6.3094861972446653E-002   4.4364677505874792E-002   6.1733693960902052E-002   6.0629256045170013E-002  0.48901414871873444       0.30683885838354630       0.19162552896343871        5.7483401034085536E-002   5.0402251782414781E-002
   1.6551980595761158        1.3869768294101810        1.0090009675521399        1.0401990721798056       0.89297614727242858        1.1938728754489949       0.99529021741978208        1.0610365578972438        1.4481826858454621        1.4431486971861056        1.2774652926576398        1.2117696358730798        1.0107751006722934     
   8.8996439241357347E-002  0.21186227567521601        3.0000955020263516E-002  0.17739785464982091        9.3876683816304679E-002   6.6518426074557879E-002   9.4381814967994165E-002   9.1045653013749006E-002  0.56329639738483028       0.36226158049030621       0.23519202309569398        8.5704350238657648E-002   8.4427047236160790E-002
   1.8181877724531137        1.0566917164971925        1.0451668639090712        1.3512481434857704        1.1075046307879266        1.2126400141811939        1.0910527773421652        1.2296566325175071        1.3441734081193923        1.1278996219133566       0.96624929497547796        1.0873529371426744        1.2530651812720643     
  0.11812862585096850       0.25194240147785846        4.7434836794103763E-002  0.22087499040909619       0.12409002496880614        8.8539453406413351E-002  0.12514652125416317       0.12325369424865269       0.59129188951965317       0.41238552300218884       0.26830884078039136       0.11373791483052446       0.11856776473357004     
   1.3821926947013532        1.0104366741652668        1.2581407228720625        1.0940891019719137       0.92309382865500089       0.99201348710776383        1.0205727100205022        1.1735103820796671        1.0761137106452157        1.3180929955376082        1.1467030376756526        1.0992078316482825        1.1940609797481747     
  0.18593885032757745       0.28736336657309802        6.8534302506214922E-002  0.25833439386474644       0.15284034416866765       0.11621083340433920       0.15386352075073753       0.15649221766509891       0.62537771124738328       0.44301580987207007       0.29835646534451238       0.14310579105889820       0.15322967208249219     
  0.90921739926960965        1.1241966233455503       0.83291584766053339        1.0766412855464131        1.0422229318234286        1.0293292379601524        1.1920615937206105        1.3871953329626532        1.0120196421826566        1.0052177130841429        1.1525846989941178        1.0174405246998701        1.2463998868654593     
  0.28824645964584306       0.32742437801665170        9.7714060594973673E-002  0.28888098424166692       0.18082985879321592       0.14200931459178692       0.18289479982806520       0.19025459226174346       0.65843424424174146       0.46789288362634002       0.32180643179998941       0.17358047229893658       0.18819026326124505     
   1.3909492566390056       0.90730475268435540        1.2644291445427829        1.1116431454001805       0.91536402486929858        1.0969860502297271       0.89851261808685001        1.2425830048391160        1.2430034422711824       0.93211506430097202       0.89512549245443684        1.2115975709622762        1.3545071036903393     
  0.36276547111375090       0.37412122226603162       0.13126202365650064       0.32045583140262079       0.20923538480513315       0.16854514282742905       0.21846530566328246       0.22701761582806831       0.68751628053006675       0.49113124399147501       0.34714589746751778       0.20403617986637781       0.22738903484310458     
   1.1811895570957529        1.1588778603356200        1.0514540617153192       0.93093498647853068        1.1802801295801439        1.0040485153674461        1.3657682167112044        1.1538087901571576        1.1778811518611241        1.1606134196476512        1.0383692929086887        1.1374809381821236       0.94710750119851794     
  0.42761023707665191       0.42118187378983862       0.16887813700556292       0.35089662375941733       0.23896544340322015       0.19594742255945982       0.24840110944159294       0.25927295350267554       0.71167818422860507       0.51203783413568016       0.36974040768232258       0.23812481148833242       0.26383414962912005     
   1.0980012254707359        1.0774219002463643        1.1172572380431955        1.1597301866853165        1.1249890533801115       0.95180282521070836       0.97833164020249297       0.98165164603278143        1.3028963748191951       0.99489719605414462        1.0458958773488438        1.0996704703725975        1.1366106099198032     
  0.47048446524999837       0.45577231329620649       0.21329551665826296       0.37940160856791044       0.27008498135544851       0.22774076761987316       0.27516766460516262       0.28813949394008381       0.73248287418522329       0.53231702697729966       0.39424197034639935       0.27487781820500368       0.29710247519869692     
  0.98951385296740269        1.1181837183282295        1.3411800460150249        1.2041175940828903       0.98372186096226855        1.0081911202171143       0.86000647335123104        1.0785349035583383       0.88251966958181638        1.0288886075845796        1.0328475357443228        1.1388082757894953        1.1029642545843068     
  0.51013903771639268       0.49082370623070509       0.26603921586090873       0.40931496538953116       0.30110028260362376       0.26039812325724260       0.30334396480613335       0.31582681563132703       0.75011611487895768       0.55128215495770305       0.42299508568452548       0.31416502843248195       0.32869020468531140     
   1.1680806147034632        1.0531475063756082        1.1017778840242440        1.1470993962315670        1.1592506166641312        1.0148111257031589        1.1340506872456175       0.88066313072486990       0.97818338267505622        1.0288160764921532        1.0953713325179644        1.1269677162061504       0.92748649912806247     
  0.54334033002168314       0.52585583594315988       0.32414175952698415       0.43636368648614515       0.33170157638846798       0.29347720915149517       0.33416452575085376       0.34482615404116868       0.76784184835640190       0.56892596768819625       0.45099512340154357       0.35378829611932433       0.36174116436925657     
   1.0497750323715647        1.1041442627578657        1.0954564668029474        1.0817317404870888        1.0291114426536478        1.1542861355802154        1.0071571315225136        1.1363388467331357        1.2089380412486346       0.98411201142129145        1.0474937586168034        1.0879529839097493        1.1355686625566592     
  0.57858405329846718       0.56335222780032601       0.39089823721334005       0.46289270744133565       0.36406507589138587       0.32377357711916316       0.36542324229940532       0.37769411760063076       0.78516981669983543       0.58800618450046294       0.47813032042043868       0.39076922072357306       0.39307592353966447     
  0.98558953899898571        1.1030656893500612        1.2960760751718032        1.2474132150670980        1.0206858995911789       0.97372142587504185        1.1128343894690595       0.93693331220558995        1.1319534460232505       0.99882383884875636       0.96372963475051499       0.98663552639249885       0.96520290388191543     
  0.61163644946046114       0.59281558956293623       0.46602149857066921       0.48742295881344150       0.39602863299290342       0.35702383557856954       0.40000774722240834       0.41299958783528423       0.80199984252202861       0.60757024031451845       0.50517226543275595       0.42416992246290602       0.42241342774592322     
   1.1658797214862495        1.0907195330546027        1.0313670036913758        1.1808209055981895        1.2566380752191935        1.1115132646838923       0.95005745709263245        1.2965755529732588        1.1714121189741062        1.0530421941106944        1.0811817879247874        1.1021818132120937        1.0651144869115761     
  0.64268520328030676       0.61924678401392763       0.53769989348685399       0.50906434967930880       0.42957017325719421       0.39114174863718570       0.43611867415609623       0.44850209217949982       0.81752037036350311       0.62418098657482923       0.53266762738997520       0.45541193630465532       0.45216060632952032     
  0.90979287730495251       0.95252404507154664        1.1269910619166625        1.2305053480502832        1.4116401769992808        1.1715109774663315        1.2379193380864262       0.95179251616222726        1.2209029705574708       0.97321220718415902        1.0673574179433092        1.2003162346752239        1.2025447164974521     
  0.67702543274534288       0.64470134367026755       0.59437517035187459       0.52814395121540125       0.46336405450929141       0.42376606612657675       0.47229612755738015       0.47916608576976932       0.82988138396306077       0.64409420377970117       0.56199988297195291       0.48404610436086987       0.47889728680202431     
   1.1177866140584394       0.89392723361907345        1.0947226248931401        1.0288673099777703        1.1439928114321374       0.98903669304143771        1.3010748864393420        1.0827654664207509       0.97703425346118922        1.2114859818248183       0.97795705635054497        1.1712796382741875        1.0206882931563941     
  0.71113864043785702       0.67694433682298172       0.65665598965956251       0.54667773803288344       0.49792699023969089       0.45584249174687164       0.50629137847080408       0.50675930658419899       0.84151101089782609       0.65959052844782851       0.58969022612208344       0.51483526640027810       0.50709160523722041     
   1.1358727430979170        1.0579849276912892        1.2629366981782026       0.83508303029532827        1.3552028424834666       0.89113686397576308        1.4220250403183803       0.90447446548780763       0.99304807417559937       0.97347799306970051        1.2085270729704713        1.1573073804029399        1.1528943154060123     
  0.73719677576172205       0.70911838378327463       0.70558448963122955       0.56805113083411929       0.52954526771814492       0.48788496934473458       0.53980510879784904       0.53438129706810655       0.85267061250119458       0.67507375367315647       0.61714822662837687       0.54619401508518128       0.53455265814478392     
  0.97866859284656449        1.1267420479543966       0.99899266341925863        1.1155103857638535        1.0658718913881575       0.99343763324745649       0.93212315206117746        1.1736440901874539       0.91207221337792199        1.0428856217529436        1.1496774429834862        1.1605852995346690       0.86428673485441465     
  0.76325196457513289       0.73963788058668811       0.74922991670038530       0.59223241349423361       0.56046246718011794       0.52042247836690292       0.56739036683467048       0.56262275432918174       0.86334244485519074       0.69014700800735185       0.64513468703297250       0.57769008610101247       0.56362477287160051     
   1.0357486148344570       0.96423370285521459        1.1891204552644243       0.96896933617407854        1.0629722153852375       0.95618776746124146       0.93067221575198966        1.1259112535526505       0.90867979827983281        1.0789726785144251        1.1793962981917101        1.1748109825049571        1.2083254510361829     
  0.78357679278500925       0.77137131830217831       0.79145671116678307       0.61624333432154177       0.59395316854925240       0.55512510983552166       0.59794739858879875       0.59358461662826412       0.87386078087559060       0.70471218907266209       0.67369704479171444       0.60456908901961970       0.59336964332398201     
  0.94829086998117740       0.90481502647804335        1.0470242105053023        1.0770206430804248        1.0692819309318553        1.1217410308029836        1.0569311286550094        1.1097585293044026        1.0274330446496100        1.1252532230081274        1.0617836330113115       0.98247600040288896        1.1921029205931037     
  0.80497784122675453       0.79967991229471758       0.83022361864635352       0.63925962697827143       0.62841090553408174       0.58626845422009988       0.62661816834566109       0.62248141554177605       0.88417154613073523       0.72032586057585568       0.70189533051915076       0.62857614777898740       0.62229386817042753     
   1.0106188844985959        1.1491976740127832        1.0314357807024990        1.1560590084844575        1.3030268718831772       0.99777004769078992        1.1406473500122469       0.97972714988979936        1.0354825643523611        1.1325271655494191        1.0072743829047346        1.0855410851438789        1.0146341229151297     
  0.82375761318701379       0.82328644995538502       0.86525993074318119       0.66346756218935421       0.66144931271630714       0.61988441606480837       0.65494218063447596       0.65359050420184839       0.89396882992845095       0.73440495637601677       0.72834508713956647       0.65556487685466758       0.65293586106616885     
  0.90557477995921165        1.1666302450387436        1.0434086752135203       0.99424629832844458        1.1424778414204302       0.92041375740086706        1.1960587028087353        1.0286706240307897        1.1318938120981539        1.0655571409730160        1.1852168578340669        1.0588232358273868        1.0552278336878771     
  0.84324129701511918       0.84392925286066356       0.89270906719560328       0.69018347155497550       0.69292878857597373       0.64999913302293844       0.68455745910451538       0.68539487981151725       0.90333662057361852       0.74820478863016826       0.75374091801841114       0.68427364149897785       0.68385340945270812     
  0.98457970003569062       0.89749773130367561        1.0385652982910052        1.1332279728992380       0.98461659318099071        1.0827796570533070        1.0675226049041873        1.2054998800950762       0.89668134021293189        1.0084968436228892        1.1959952851246478        1.2379822196212003       0.95513798577570319     
  0.86176865467151087       0.86361847482321974       0.91466007387728321       0.71827978769346090       0.72456885782735070       0.67770349377450345       0.71386444621599643       0.71940036997829404       0.91237824378410914       0.76157105016880200       0.77908720461295378       0.71381835725251630       0.71250814652079497     
   1.0367566793206815       0.99653740167199034       0.96246748942552396        1.0769602061332400        1.0024728408628509       0.89263057898404574        1.0939758458536428        1.1989119369376458        1.0113155110020096        1.0166021430924275        1.0958364745679023        1.1586716105951806        1.1825876403571287     
  0.87901725967132616       0.88574998882810363       0.93463659300416790       0.74591868530398697       0.75723856062990869       0.70890032972364003       0.74315628428468117       0.75428316783912464       0.92065608897235685       0.77583872247694918       0.80353299784012500       0.74720487162036497       0.74109726598938896     
   1.0149855075478105        1.3322825996061913        1.0824617020353451       0.99049245914550454        1.1153625469563027        1.0852453930552639        1.0883412656978850        1.1579457425440391       0.86634449362200228        1.1675240812184284        1.0511652046645075        1.0383751381193527        1.0318500044925101     
  0.89623765373286468       0.90418570923122721       0.95066320696885109       0.77184287886883474       0.79225480041395557       0.74252988014372312       0.77428669047044973       0.78645895622571560       0.92872971931199166       0.79271683432082829       0.82917318343682933       0.77854078945890137       0.77084674283138988     
  0.99340357479312813        1.0956281311634819        1.2615421780029570        1.0721419620919175       0.97617280692589659        1.0400414111935492        1.0606816898850184        1.1291287850967595       0.93369643980836736        1.2097470539282316        1.2206983273665664       0.95835760135084713       0.97468328958243033     
  0.91262424968517641       0.92191975679633043       0.96229065225877530       0.79798448960805135       0.82610286390017340       0.78105951158180453       0.80693794046283407       0.82024054704813021       0.93713466286917568       0.81093016157146414       0.85304476417904140       0.81047416019409413       0.80285955432827039     
   1.0121285701978850        1.0702263907371046       0.93708584874862910        1.0915961121443325        1.0420200981222738        1.2025009075876989        1.0658226123877792        1.0119587188037116        1.0795792010356948        1.2339957364589418        1.1587583241970933        1.0041427154773293        1.0874952986123039     
  0.92702307459498989       0.93848047523088940       0.97316039956117362       0.82474263363666378       0.85802066823306933       0.82389467727036958       0.84081303319596590       0.85267239419727947       0.94562046902534014       0.82544635172890268       0.87597288312099542       0.83908188831553143       0.83700297888525865     
  0.85856823327238829        1.0729753275461227        1.0203362035763888       0.94387479018427511        1.1451432334154517        1.2908961248916804        1.2419314884920754        1.0616912401951033        1.0148752751515022       0.97849694044564806        1.0261598485543593       0.96421991597889234        1.0192754028830331     
  0.94166900893613814       0.95223462219616783       0.98200500719239892       0.85392089262803517       0.88755855690261598       0.86695813264741139       0.87473930653641452       0.88426160627077488       0.95395018364160644       0.84093532992014208       0.89940787795776678       0.86969477100030768       0.87199352417084419     
  0.99544049546334445        1.1576147734673849        1.0650864718954192        1.0383894103028015        1.0595549759212970        1.2913167629009561        1.1416456657772283        1.0688369389304706        1.0755531293104990        1.0668978734324917        1.1546462580323569       0.98763025200817289       0.99790579384065792     
  0.95525499461685170       0.96531351871996585       0.98882348212462545       0.88710761781982439       0.91389006163698083       0.90668285344510802       0.90882442723313639       0.91309881903364731       0.96255785875981781       0.85505517585604518       0.92264005457782161       0.90415716236274990       0.90598393664929311     
  0.98970236829517644       0.95140826686966062       0.95938561946037715        1.1500411291653914       0.96499622857161305        1.6419914558696773        1.1961009203533612        1.0403440092147402       0.89455392172182868        1.0956545291120849        1.0391572561488971        1.1419981865268329        1.3196025118888097     
  0.96976208671667785       0.97717191763300026       0.99339988762907228       0.92267258349448233       0.94002570444515687       0.94109262878451883       0.94121734684234637       0.94197591491628030       0.97231549150791718       0.87636747211258126       0.94645155402952830       0.93819752217796260       0.93762674173391725     
  0.87819973308378785        1.1870273557085251       0.96781900707332891        1.1542827069383053        1.0497879341274419        1.1607147776389755        1.0463329736232512        1.0082411950433341        1.0840958013625617        1.0351592361612465       0.99466759324923615       0.88888551178156205       0.96424726172140207     
  0.98475243680912583       0.98868665362905439       0.99686969150581373       0.95979007933179938       0.96844522511958442       0.97110840004366661       0.97130616917241419       0.97095512186207744       0.98459154177976738       0.91016071932695297       0.97161879038592991       0.96999134729525160       0.96767246930924444     
   1.0263855400584998        1.5672785689424500        1.0035559846981841        1.0635679110448650        1.0012417342665882        1.1330143275365514        1.0029280586239673       0.99277559767228740        1.3832323928802490        1.3328389886967302        1.2109913412450475       0.87038816085809645       0.95268939765397742     
   1.0000000000000000        1.0000000000000000        1.0000000000000000        1.0000000000000000        1.0000000000000000        1.0000000000000000        1.0000000000000000        1.0000000000000000        1.0000000000000000        1.0000000000000000        1.0000000000000000        1.0000000000000000        1.0000000000000000     
   1.0847703595849318        1.5482469679628474        1.3161851838883785       0.97453487683897266        1.0412353805148955        1.3444049093504664        1.0908193645574218        1.0517495584678014        1.2854452546205835        1.0704444354680669        1.2522808703769046       0.96434124499130891        1.3581863023330614     
   13.338898594647487        18.378697708650460        27.762093666887736        20.476158406119865        19.901381371687631        12.369540017744564        18.610436070362162        18.430463820624258        19.921468032951946        12.745856467221245        22.606591151415849        20.544868454947061        15.176405803420870     
   22.400483273650789        19.997045875125426        12.535161259849744        25.415406738860661        21.145537816605440        16.970662111513864        24.498092779605944        22.542833322550369        3.7100946211308301        26.737238080696013        13.228672034491337        20.721514532198256        13.160803350243867     
   18.719817689235885        17.345147050798342        10.726870521654444        13.303457159578878        17.497887641769303        18.831457902127980        24.174925511640758        20.381244720177872        10.968699560057916        15.797276748273196        14.509325584009421        17.538114132809273        16.174074581568330     
   5.7881257797000112        17.336094679234719        5.1129732873372307        25.110433653501062        13.815361409388688        28.161453649601761        28.949892602533197        25.449560255786711        12.713080038129792        15.344018852903034        13.894141579084495        24.429099066891641        27.879206587351181     
   16.323880155676129        23.668355681997006        6.1410735142059121        13.574809493402112        11.593092560667742        16.554813969226608        16.967801060290334        13.858948532776758        12.739248789335484        17.456822627974251        14.999940156104557        15.084452334901043        20.364548588029972     
   11.488990734365892        25.436330408250818        2.4079957928830549        14.252513372150826        17.624648101944395        16.821470184679747        13.549604756021980        15.413484186579989        12.811812053776038        20.258910954690297        21.164301867432602        17.656130180467361        21.781516463515299     
   21.007103903077908        24.446477585566008        7.6654804942303407        18.352625902847915        22.463535183002183        18.829974639249119        17.008672313841767        18.786489535291977        16.244474328742459        21.396491618980033        23.059850232286749        23.857442122750726        17.324766304627847     
   25.542791383108270        7.9223190874932214        30.590584841633319        18.457418904265168        20.957782285412481        14.651698151306636        9.9053317435599748        23.066366591266931        28.401696079343509        15.157822119109325        23.017221703736237        19.535421393431040        20.789426835656283     
  0.25882929231767471     
           1           1           1           1           1           1           1           1           1           1           1           1           1
   4.9277693565766230E-002   2.3446031761056488E-002  -3.6100787134490063E-004   19.819908004979538        3.2932315863897321E-003   6.0744512455090508E-006
   1.4784255898320430E-003   1.2137716229196464E-003   3.8970424112009361E-004  0.56877710981082197        3.8946654362321793E-004   6.3793934086082269E-007
   1.5768891947452096E-002   20.887473097745506     
