 scale variations:
          -1           3           3
   8.3066348421202587        5.4210746343434977        13.740719314066416        9.5059707451314388        6.2037850297617965        15.724644010382134        6.7586431163755316        4.4108245345008559        11.180053026426123     
 pdf variations:
 NNPDF31_nnlo_hessian_pdfas         103
   8.3066348421202587        8.2927365033168510        8.3362759600814105        8.2987151073102421        8.3366470605977838        8.3254461473860975        8.3085838392244451        8.3559250541371668        8.4024763221196643        8.3422273688690289        8.2403638812132360        8.3330318183873402        8.3614860372081576        8.2843064441314436        8.3210569520172957        8.3054153080016615        8.3500737206851952        8.2703064475447352        8.2597448504110140        8.3239659742238636        8.2813116111278777        8.3460602621039914        8.3115288043966853        8.2874391849449047        8.3099079495429571        8.3003168872036088        8.2374663756224074        8.2957373143952342        8.3454630548599162        8.3022261703649178        8.2253219414033083        8.3495460287366114        8.3727785932674443        8.3286168677067849        8.2424924154477406        8.4559164278726833        8.3667294523864317        8.2596649116601260        8.3637760296305466        8.2746544960301591        8.3198024991375608        8.3229085748264247        8.3327027163599166        8.2751631980394968        8.3402149007103539        8.2761428030325135        8.2981780941487990        8.2760364257260939        8.3244165610227281        8.3338361968877361        8.3201604600676706        8.3321107046064835        8.2695981805453940        8.2932674528736268        8.3299155489832017        8.2921276448789882        8.3142633960079504        8.3085111732235575        8.3729108087561279        8.3026739716629692        8.2821562524576198        8.3109303787359750        8.2945770760528958        8.2730638252552851        8.2579783392227988        8.3278469948516296        8.3217679678139795        8.3224352816374800        8.3050509978191194        8.3249776393951027        8.2831071935282150        8.2765170015652902        8.2933274021833192        8.3287758838067525        8.3164196291967922        8.3222034352738703        8.3164568574328026        8.3036964874793391        8.3243510284746751        8.2807160197727629        8.3212898931165515        8.3072663869168224        8.3186161329750536        8.3170704427880455        8.3085518579030477        8.3152591773580067        8.3141887754601047        8.2802463936436848        8.3137025294802296        8.3113637586167570        8.2892848458513875        8.2800292646159601        8.3208542166948511        8.2990658880254351        8.3002456928814539        8.2993127600465115        8.3096038788491366        8.3040329412411822        8.2804839593054460        8.3061711603249115        8.3290447444979225        7.9349939718269678        8.6472636773044940     
 NNPDF31_nnlo_as_0108                                                                                           1
   10.344495448176803     
 NNPDF31_nnlo_as_0110                                                                                           1
   10.065385971374294     
 NNPDF31_nnlo_as_0112                                                                                           1
   9.6567903652533289     
 NNPDF31_nnlo_as_0114                                                                                           1
   9.4210542448895644     
 NNPDF31_nnlo_as_0117                                                                                           1
   8.9535954886905387     
 NNPDF31_nnlo_as_0119                                                                                           1
   8.8404246322213869     
 NNPDF31_nnlo_as_0122                                                                                           1
   8.4328673886155094     
 NNPDF31_nnlo_as_0124                                                                                           1
   8.2013882096945725     
 NNPDF31_nlo_hessian_pdfas         103
   9.3423345629046892        9.3576091003940594        9.3142236607120363        9.3295824172176989        9.3939927073198284        9.3042232105723528        9.3412596990825865        9.2864993398649514        9.3285268513787685        9.2692895378115718        9.2891831303101924        9.3750831137701720        9.3630826751045539        9.3382856938602306        9.3661403740615405        9.3135804699659168        9.3490746456899707        9.3109001639362052        9.3477350615347223        9.3517777648413372        9.3435601315536339        9.3702368428508098        9.3361158088433989        9.3568408863067809        9.3605070272544282        9.3340728818945902        9.3258715432795132        9.3842073415229805        9.3740031472990495        9.3486717218916375        9.3070572995393324        9.4112050066432218        9.2508702731485553        9.3449123509785466        9.3243903957537153        9.2555770754853341        9.2428117748127772        9.3179714658169601        9.2752317533991793        9.3234594771525572        9.3023937252821227        9.2791194401929751        9.3132649371838401        9.4043663601686305        9.2774444905682323        9.2998880584444219        9.3086053895029544        9.3681172692901438        9.3359375442854482        9.3185040485851136        9.4009506918612793        9.4132304217122034        9.3436835996220893        9.3357050751793835        9.3589484120203625        9.3258984223971826        9.3351500732708512        9.2853750739973080        9.2937654042910189        9.3935386612058842        9.3981940499874064        9.3436677976268179        9.3336177092924117        9.3826875042470732        9.3465926723622896        9.3283416727288024        9.3597788524867873        9.3508459801424983        9.3440782260191533        9.3258794932879230        9.2984800518466582        9.3384402496205219        9.3441633427692494        9.3041309212040559        9.3329598815084847        9.3123584645272803        9.3315849099652848        9.3514593455717208        9.3523439626537321        9.3296476241131039        9.3441690903313539        9.3577162476684688        9.3443817507136160        9.3547308026528775        9.3177151544020091        9.3409841629616412        9.3412129124574435        9.3531650002620665        9.3283710169675444        9.3110133797293102        9.3439203582337171        9.3604093805298731        9.3169671098165203        9.3368070650688590        9.3457737766508355        9.3622024776881076        9.3294300045268059        9.3410192595143418        9.3575962585241488        9.3693877417659355        9.3149160327057103        9.6442382027364424        9.1293047731212695     
 CT14nnlo          57
   8.2549356181203866        8.0784893139540923        8.1020429892548709        8.0554462247544549        8.2503306564072769        8.3129384718090922        8.2410047323065818        8.0826968621243225        8.3045125555614696        8.4067992051351101        8.1573678814536983        8.3643344704363223        8.0045446287744983        8.1926258079774144        8.1750201989909126        8.3103327898839723        8.0278816358716565        8.6452589800497019        7.8583229817045552        8.1751413659612471        8.3254616095138037        8.2725733775602723        8.2412617724702013        8.4355471152386539        8.0571221255538781        8.2395730019195508        8.2668990907593507        8.1929848434627495        8.3582616148301927        8.0394068160561325        8.3891485102512551        8.4155931515850853        7.9974639768036617        8.2474934560188995        8.2629623558930287        8.0657466227891330        8.4054545101712161        8.5412629628123380        7.9441336623621988        8.5018377067195310        7.9670223464337786        8.2157907648971005        8.2733425150297784        8.3535668790474205        8.0680047137998159        7.9502496540404071        8.5284360083355057        8.4306292683126447        8.1810293293865470        8.1831522594853592        8.4481061521143559        8.2670925434987872        8.3385252650261563        8.0629837390396339        8.0910060594266984        8.2697938977002146        8.4794096078871188     
 CT14nnlo_as_0116                                                                                               1
   8.4216904066890557     
 CT14nnlo_as_0120                                                                                               1
   8.0952849965561207     
 CT14nlo          57
   8.8420503258532772        8.9039369795889218        8.8888428202268930        8.7399678592541061        8.9482408833007501        9.1384220707861026        8.6936612158147728        8.8821702075075741        8.7248312600980853        8.7571450445228756        8.8714332014528345        8.4277083925087570        9.1637443150398674        8.6761104770170103        8.8374508440654509        9.0793315979648703        8.5121445922227021        9.0974444442186346        8.5451853765488597        8.8694207123829631        8.7976128287303652        8.8880666812597777        8.7317455824173695        8.7466793825787406        8.9153897318297286        8.4805468043214596        9.1673324556069478        8.7407526867559540        8.9737853633900393        8.5261907910639909        8.9513081975490412        8.7510294373668902        8.9581889108338721        8.9293226024715864        8.6507572377920336        9.0451092469161800        8.6569287706654023        8.7289221863086137        8.9309419558644194        8.6277162703915149        8.9150912772126816        8.7195872409221824        9.0036197242151186        8.8060070314168701        8.7821794576881604        8.8147316649043397        8.6424303512531253        8.5746094659045937        8.9284358796239367        8.7130590005816533        8.9048202116319466        8.7153867227955022        8.6376791457705533        8.6858322494325488        8.6734003651475575        8.9272807242626548        8.9717719784336776     
 CT14nlo_as_0116                                                                                                1
   8.9741455592941275     
 CT14nlo_as_0120                                                                                                1
   8.6980600522395601     
 CT14lo                                                                                                         1
   10.348805641835712     
 MMHT2014nlo68clas118          51
   9.0643539327227867        9.0163396289217648        9.1159210812285068        9.0752411528197872        9.0573048434843333        8.9865443020780429        9.1375201591023476        9.0399575874367333        9.0910900563722254        9.0015976661125965        9.1255417920566337        9.0526313545567145        9.0904011871819943        9.0102554596810727        9.1615587857421072        9.0910895237881881        9.0494471698981283        8.9359284865058548        9.2174655981617217        8.9869472974890723        9.1320989589231321        9.1107697903875522        9.0060145019649784        8.9207608613811384        9.1632544670166691        9.0464480616652843        9.0409558492727449        9.0924122410221457        9.0687106731442171        9.1050690476385299        9.0208291705852819        9.2309343199756793        8.8942910416320853        8.9798185572815576        9.1727578730632846        9.0675009445320480        9.0831940339397566        9.0580737427831881        9.0840260829317199        9.0394999003123342        9.0853330218695962        8.9602411772142236        9.2731556160040185        9.1349760245184743        9.0403333471636156        9.0175393814129663        9.2003437047859435        9.0337877659800512        9.0995773932215176        9.0921833532312686        9.0412539463175783     
 MMHT2014nnlo68cl          51
   8.7037511952122202        8.6642457663496000        8.7536121081153144        8.6567570216630241        8.7495181465367438        8.7154919935572988        8.6982681530146326        8.6204040041832570        8.7865944262270617        8.6638453206997976        8.7410616660717935        8.7660485736224221        8.6760950446485268        8.6780587691636342        8.7339267740070881        8.6405558232226891        8.7714967022033914        8.4828108197816405        8.8255191122329943        8.7070301049628149        8.6988470568990621        8.6045245756619657        8.7722526413852400        8.6120768284624880        8.7818313233795049        8.7533681700531911        8.5797903482186513        8.7334153943059736        8.7062674152755175        8.6487106639810047        8.8378859026402559        8.8087086738259153        8.5018645327761124        8.7274353856692102        8.6986632538567115        8.7613232276351223        8.6879616608199530        8.6927159994000114        8.7363090241299677        8.6813399795275590        8.7118928742616291        8.8433436186535630        8.4937990709830995        8.6971159139924517        8.7067841389613641        8.6954744427248869        8.7329091078452237        8.8002919243505353        8.6588328473356793        8.7045853303416827        8.6921890069247958     
 MMHT2014lo68cl                                                                                                 1
   10.164494436928992     
 ABMP16als118_5_nnlo          30
   8.6070699569590445        8.6064699989794651        8.5967446975511788        8.6395064485734210        8.6073019200003422        8.6192059735931021        8.5731459610904448        8.6071329779502790        8.5580337414225074        8.5972388831697071        8.6381298369544872        8.5848427305861694        8.6535405493276265        8.6431754387766873        8.5430764235604624        8.6213397391721092        8.5850115325003831        8.6133811210258120        8.5867877147175804        8.6249252624036714        8.6266433098407358        8.5935202400997550        8.5727758547464941        8.5551903594922596        8.6310993351730012        8.6251561020674732        8.6772281166097631        8.5511378872460106        8.7343331794214407        8.5579789483971282     
 PDF4LHC15_nlo_100_pdfas         103
   8.8593545051822140        8.8838523017206583        8.8253699942286890        8.9157880488443784        8.8718624984037096        8.8667256403498182        8.7853014477950158        8.9985880156078544        9.0294674256671001        8.8409178011097946        8.9398516490235238        8.8115505578510831        8.8729938943330549        8.7412288987738993        8.8715056353537793        8.8625361568434915        8.7961853941559749        8.9497763453420163        8.9246792810497961        8.8325656633196399        8.8995832928900498        8.8543037682994452        8.8808891161314722        8.9517746382269792        8.8211589161513775        8.7054207829811592        8.8130740851702587        8.9642776920680092        8.7662919480810650        8.8641372867582824        8.9622472305636443        8.8245781171392021        8.9195659103708511        8.9343253247460126        8.8775921300509051        8.9156029769019796        8.8443735295800874        8.8803675711539647        8.8641473508529192        8.8892981639917839        8.8719440423975868        8.8767055526161283        8.9091806494345924        8.8421143762134324        8.8509357356758009        8.9051821951208137        8.8711196582838685        8.8337241662547932        8.8511185816986959        8.8415829450330339        8.8600504252794750        8.8716107270636879        8.8949951334346586        8.8442549496636733        8.8755549618263512        8.8553944206967845        8.8623469054157784        8.8555627687204002        8.8579518521879912        8.7838841545881632        8.8496833428693069        8.8963144844922173        8.7902630725542412        8.8053375027335026        8.8595702871933018        8.8540544508819927        8.8229006447951441        8.8688106783105063        8.8751858132964614        8.8710677815650545        8.8265075314048236        8.8736782245615817        8.8910350867896586        8.8758764821042995        8.8636346522890825        8.8575839687920546        8.8670202848155490        8.8708177354781341        8.8536536058466719        8.9023068714037112        8.8974595431699424        8.8592055794166900        8.8475843665047353        8.8487877473930823        8.8496414725322783        8.8475813972623865        8.8704012400049237        8.8587503056082966        8.8443558160515465        8.8538313232056201        8.8636193789926310        8.8542078043141856        8.8579102208172102        8.8414328341097370        8.8521369926412188        8.8537356834174830        8.8623708186836794        8.8623437918954977        8.8588760217455693        8.8742489697321254        8.8669104899937974        8.9353145629190589        8.7470579189169015     
 PDF4LHC15_nnlo_100_pdfas         103
   8.4947759058790169        8.5307714436764837        8.4976414912434119        8.5057246573082530        8.5285940237595668        8.4738278436184817        8.5119938641361887        8.6014524312493936        8.5483388362413883        8.4741515008379231        8.4761652935626408        8.5327041703167197        8.3933752309215723        8.4574764718613746        8.4812240100075353        8.6558740287955143        8.4350278621557564        8.4870502842863367        8.5724045321042670        8.3830418138299496        8.4194804594032231        8.5300071521754948        8.3803271288831294        8.4874781535166122        8.5516211130722724        8.4974169060380174        8.4727861675378549        8.4822974006604337        8.4662784923513783        8.4554696507009126        8.4947344585155324        8.3863069872219835        8.4882623161505464        8.3852379526910923        8.4248289011069328        8.5361516474307653        8.5225363744283733        8.4851416052569810        8.4877102811998881        8.5393464909443377        8.4545312301203239        8.4727296693972054        8.4532011264691604        8.4884213935101105        8.4789459817347037        8.5197426297170296        8.4732922597398481        8.4278240794292110        8.4719930551905680        8.5073383214175813        8.4933107560420584        8.4918140094306960        8.4973844769357285        8.5204386286038289        8.4912096130340196        8.5121403522425183        8.5192655326157567        8.4593584582703549        8.4975601134890084        8.4803127613339395        8.5201855772948818        8.4655981577591941        8.4899299235555290        8.5155423737972669        8.4414586995366427        8.5877160727285062        8.4519309388608868        8.5133480521449112        8.5464575836997483        8.4955815392644105        8.4985014531848346        8.5105342092305083        8.5336351251813447        8.4821239436745586        8.4946853560155073        8.4887923859466312        8.4863936693041317        8.4863246869150188        8.4747523965344964        8.4684680279354207        8.5207183570479526        8.4968747086944827        8.4972066982340966        8.4822140500320309        8.4853558462043512        8.4895447667928767        8.4963578954326486        8.4848997178071173        8.5036730206193649        8.5005098532807004        8.4964041249718179        8.4920135229589793        8.4848756294482133        8.5020228056912490        8.4732120907216046        8.4920614490595305        8.5078010842085288        8.4922973655534548        8.4835454269343540        8.4919490855953583        8.4939417966569035        8.6404261974481198        8.3691319542464129     
 PDF4LHC15_nlo_30_pdfas          33
   8.8589218945012949        9.0330650481578658        8.7689508830660756        8.8553093951824096        8.9798044794739145        8.9149004675041983        9.0218889360768237        8.8558717074674860        8.8382441926411275        8.8881964646137472        8.8574901054732535        8.8854214895480137        8.7682041870871075        8.8297778643925433        8.8076983876957424        8.8246279159799137        8.9172022106086093        8.6771714552017212        8.8191802295042496        8.8466429616479445        8.9543669046810397        8.8705338227110744        8.8798865215129013        8.8696892207555766        8.9408507206370356        8.8366724725811974        8.8671212410224278        8.6390074830121684        8.8543652313601022        8.8754952950255248        8.8545196237967048        8.9353145629190589        8.7470579189169015     
 PDF4LHC15_nnlo_30_pdfas          33
   8.4943567533049915        8.6304542903845647        8.6312433249979907        8.4918021796977641        8.4888502854637871        8.4584946915326267        8.4922041490326965        8.4691815308817180        8.5191942660913043        8.3586204011078795        8.6393114228473458        8.6358836948697011        8.4883554422760099        8.5312903993752922        8.4812829429017320        8.5833263444650125        8.5088921002765154        8.4804815087592083        8.4977451532914241        8.5149479355296016        8.4944824874122578        8.4496412448948259        8.5138100843900961        8.4951884958404076        8.4603413627868775        8.4915263539029446        8.2603847137257826        8.4969439429305762        8.4722118088469731        8.5118565244037256        8.4759394031024922        8.6404261974481198        8.3691319542464129     
 HERAPDF20_NLO_EIG          29
   11.315711669451487        11.342339889287759        11.289107808714808        11.300170754704007        11.330988075017014        11.334827352358012        11.296582588176177        11.200137112825225        11.429927324755335        11.400726906701980        11.230956291818220        11.380467263667216        11.245286240149698        11.343116813352479        11.287532914613646        11.315384388655879        11.329365566347786        11.370440837282787        11.239723988137959        11.278271144410894        11.360123063476969        11.589498668276528        11.035374189561564        11.305654392787952        11.272822653279251        11.129448103564501        11.521857846283897        11.025778964125447        11.520241810922762     
 HERAPDF20_NLO_VAR          14
   11.315711669451487        11.339497037078109        11.304440412237920        11.343859699453459        11.307110444902991        11.266103623898932        11.198436613680505        11.258964637776565        11.369624989460727        11.143394514403854        11.494646029203365        11.386387340386566        11.435192030883979        11.941248823961654     
 HERAPDF20_NNLO_EIG          29
   9.4559282130308766        9.4758560771332672        9.4406061063934388        9.4489398450488249        9.4673225694643648        9.4759505598750469        9.4405006923539911        9.3583167827236995        9.5563217266755860        9.5234028691080521        9.3924013214559370        9.4604795651753673        9.4559715317694586        9.4390693219436042        9.4781826662752735        9.4647051956933179        9.4718380093173735        9.3622928047770078        9.5527924386186704        9.5475714805154777        9.3688041905409598        9.1823450126813810        9.7285290969943894        9.2246085464051735        9.6976381464454775        9.4767771157262857        9.3933663998357915        9.3847935839019350        9.4393089154684553     
 HERAPDF20_NNLO_VAR          14
   9.4559282130308766        9.4499860489808380        9.5454518280543894        9.4764447152271067        9.4839434443157415        8.9607070558920583        9.8873751522728615        9.4148423840749533        9.5096961132617519        9.3745368858062541        9.3408599976573701        9.5201829668452049        9.6494232685708177        10.007793761088159     
 CT14qed_inc_proton          31
   8.7272192421071804        8.7227044446027264        8.7181817524475882        8.7136376652138239        8.7091467320097014        8.7046020174206902        8.7000645776075540        8.6955785859650767        8.6910357282586403        8.6865482841908399        8.6820090279764592        8.6774725861529660        8.6729853502442555        8.6684676526006310        8.6639174632278166        8.6594338767807173        8.6549164344586629        8.6504145353652309        8.6458809576505153        8.6413698602130378        8.6368885119699570        8.6323591138631670        8.6278313320776263        8.6233506893165988        8.6188214607268101        8.6143424124732739        8.6098165115709531        8.6052914096194240        8.6008185061115174        8.5963093084192721        8.5917694686341797     
 LUXqed17_plus_PDF4LHC15_nnlo_100         108
   8.4285864070222942        8.4637691433183804        8.4313920013053405        8.4394005702320776        8.4619930947455479        8.4077315628507261        8.4459869129155667        8.5348093536929799        8.4817379026678061        8.4081249040842678        8.4098617768298851        8.4668627697576326        8.3282484603962637        8.3916031944819878        8.4151345361710721        8.5879431389833574        8.3698630104907377        8.4206025236159849        8.5055927603445642        8.3182044292642914        8.3540617403336981        8.4631708855294701        8.3150201349639197        8.4210533961194809        8.4846376071834193        8.4309913986003533        8.4064257397443747        8.4165060963863674        8.4004533970631226        8.3893436266764123        8.4284182809950199        8.3210100572918435        8.4218946047200660        8.3195284396435678        8.3590672013765328        8.4696591358941173        8.4560338759279645        8.4190385521374385        8.4215066050343488        8.4727600293236254        8.3887100063565541        8.4066729693003488        8.3872730097189265        8.4224289534435606        8.4128302309250103        8.4534919026020710        8.4073621641223415        8.3620934935537115        8.4060321339499602        8.4411131005634186        8.4271714568816822        8.4255859367087211        8.4311418599547299        8.4539834350720522        8.4251075292680166        8.4458863845343171        8.4528326448952278        8.3934783088371159        8.4314335408149663        8.4141205761994389        8.4539003924592926        8.3996259950280407        8.4237710104966386        8.4492042613759377        8.3756578200804022        8.5209727819832874        8.3858935261315803        8.4469679076406887        8.4799532424458857        8.4293249118168863        8.4322433140743787        8.4443116631693584        8.4671445970305452        8.4159929122038335        8.4285245578021524        8.4226583735346345        8.4203330866501265        8.4201477386086552        8.4086705865093183        8.4023597587190668        8.4543331774696036        8.4307458387771756        8.4310337867231748        8.4161195189605245        8.4192215893397577        8.4233669097456847        8.4302868648393154        8.4187274251316531        8.4373985776718570        8.4342731509358870        8.4301112060553489        8.4257773677572612        8.4186630459558724        8.4357831943020436        8.4070752413333452        8.4259272836054357        8.4416002824711871        8.4262134390890040        8.4173545668600394        8.4257847018490573        8.4277932689814588        8.4285243577907085        8.4281816033578121        8.4286504589233537        8.4286611945391119        8.4287741422870290        8.4286134662359373        8.4283159702862687     
 NNPDF30_nlo_nf_5_pdfas         103
   8.6425097418172765        7.4638560103635996        8.2150468252488729        8.7459042554574715        8.6773699305996672        8.5272892458567959        8.3303736578138636        9.0712070548985206        8.7522737907508628        8.7757753483214707        9.0420510284075046        8.6967174362077415        8.5604445279026677        8.8767041067441745        8.6827163094942268        8.6395719473147636        8.7466504771510234        8.5362871492311161        8.2921594816668147        8.5735150633781636        9.0660045213439080        8.6837633061965604        9.0875362005559364        9.0579187152128693        9.2775536043108531        8.7859631984229818        8.7090529092053011        8.6507058178328329        8.5992771433811086        8.5812197083866479        8.9938911009130411        9.2765823555187055        8.8162621012086575        8.7084057696410326        8.7500148325558964        9.1090103106215228        8.4773854600190184        8.8888769790098525        8.6415628108226734        8.2556846114582125        8.7488994125192612        7.9761176378592928        8.6355141793774219        9.0022637310994824        8.6049850910202128        8.6596455154755034        8.1974048268356636        8.3569025033834663        8.6673640238427136        8.7076647228550748        8.4134941432438755        8.4891537092224993        8.7032472607679647        9.2044435168163563        8.6759717758377342        8.7433223830336875        8.2412468320745020        8.0619739204687022        8.3212185614036489        8.9855682390591696        8.7472541592973130        8.4944150112578285        8.5582912215773366        8.4770786091775285        8.2642019188688636        8.7602054494965227        9.1436715281653100        8.9106498778691972        8.7809467918797406        9.1346302190609023        8.9014730972109941        8.5620053475915032        8.6144941964896411        7.7777225486526351        8.8396852551430669        8.2487089597237411        8.7399807622990551        8.9813514871482365        8.7228270961347381        8.3806268085042444        8.9344228563830779        8.7049683116950245        8.8122937354666497        8.3323826977379358        8.6947402223485124        8.5447699393909140        8.5019067234787755        8.3946503699648023        8.3416454064535674        8.1326651927374165        9.0038342904235638        8.4748381118817431        9.0848390671051629        8.4499749777045103        8.5385087209182906        8.5785569605642937        8.7419618527901815        8.6111798501999210        8.7008911455927986        8.2370538777774609        8.4658251133128264        8.6711995866359146        8.5418572797786148     
 NNPDF30_nnlo_nf_5_pdfas                                                                                        1
   8.4549881071318929     
 NNPDF31_lo_as_0118                                                                                             1
   13.636323273934089     
 NNPDF31_lo_as_0130                                                                                             1
   12.512781430062343     
 NNPDF30_lo_as_0118                                                                                             1
   10.955381394775969     
 NNPDF30_lo_as_0130                                                                                             1
   11.064328139154117     
