   0.0000000000000000        0.0000000000000000        0.0000000000000000        0.0000000000000000        0.0000000000000000        0.0000000000000000        0.0000000000000000        0.0000000000000000        0.0000000000000000        0.0000000000000000     
   3.9754560842085999E-002  0.21051868028196558        2.1967942228511023E-002   3.0339858122260640E-002   3.0687052215067560E-002   6.7106495665874288E-002   7.6392112786615549E-002  0.15547757628414122        4.3187475789352246E-002   3.0624457709859641E-002
   2.9750129335177378        2.2977670016998850        2.2347796885096658        3.0384781369194171        2.5594250040032587        4.5285944588386187        2.1710364758629197        2.8655314636639324        4.0389564477457078        2.5752775276012656     
   7.7749792191599928E-002  0.33443520915863806        4.1918408321823517E-002   6.1876266857960986E-002   6.1953058932917866E-002   9.2107939345999396E-002  0.11257684385427646       0.22180450091152690        7.1559670433682734E-002   6.3203895583905087E-002
   3.0417059450255337        2.0838978912897015        3.0559359606124343        2.4630602798578911        2.1860968683199533        4.2538444631972592        2.8762195782063769        2.8731442736472297        3.7706175807418751        2.6192277989926791     
  0.10348078070034006       0.43668794431810476        6.2606700190289979E-002   9.3142619048320691E-002   9.3930257414275409E-002  0.11296848307263542       0.13035595696277572       0.27350891294945612        9.7873569760728057E-002   9.8686753976147693E-002
   2.4575824859875435        3.0090818970171416        2.6135972183134513        2.2919305148525626        2.4579541807875112        5.1932104002176045        2.1612027071464581        2.9061455509732870        3.4647353203419460        2.7801200572791998     
  0.13249686049259904       0.52976237440235407        8.3288444757414815E-002  0.12554013025261151       0.12503399114640154       0.13218986250959244       0.14751634556052401       0.29762813450746178       0.12290862185183388       0.13560001504717667     
   2.3141906755000683        3.2764718768294236        2.7125876771773929        2.5436061943062667        2.7197816991342929        2.3661294351411577        2.1044309979285809        1.8442183264338274        2.5346131262044040        2.4572651085940529     
  0.15688070336138815       0.55835850309346369       0.10635341007026550       0.15983794213458685       0.15574429291413899       0.15180803949475702       0.16134215044347719       0.32197457909598592       0.14744860242652097       0.16944055795124263     
   1.8393972053537899        2.3971395570261018        2.7704954868648128        2.5671788623411289        2.5814016415822256        2.0265937645422327        2.6242376214678944        2.6643016895197884        2.7353735979877145        2.7337606137549226     
  0.18217023367050941       0.59396816836889388       0.13245405919221503       0.19389968057630314       0.18777654258839871       0.17239653076038847       0.17684361119500838       0.34615675821164887       0.17379100190209221       0.20087161802783460     
   2.3569732938875476        2.2448398757919454        2.3112259425265780        2.2669320008465772        2.2955119317533819        2.5218257707640332        2.5482700663455882        2.4171870466947905        3.2671025405984948        2.1846167005714490     
  0.20767714146510780       0.63209675375330932       0.15986250726028545       0.22560708786329997       0.22024434668715251       0.19466941850498917       0.19043390056448967       0.37294718729036042       0.20027621425879483       0.23017651348518323     
   2.4053938078517629        3.0251521893264219        2.5067499013836776        2.1954777078526240        2.6438649270048207        2.7110699931544375        2.0661985369460352        3.7942503258353066        2.4286532920604813        2.4412172716628362     
  0.23418039027590251       0.66589763844703231       0.18382267149194412       0.25490557559897647       0.25854594495432243       0.21695017363349550       0.20453444101294446       0.39705994034018066       0.23080594191025419       0.25623087191614446     
   2.0688284810881865        2.2315185638296477        2.1059565749326019        2.5477319760097092        3.1306195584554519        2.7749824337157314        2.5210679261197657        2.2257110191743101        3.4520913241348001        2.0280178990678221     
  0.26424955703687014       0.69364925719667370       0.20864375823940967       0.28521733433565272       0.29298724369579343       0.23712389584996940       0.21894605738470987       0.42003710816460932       0.25918086578909505       0.28339866180717904     
   2.5120677442037302        2.2655524897923396        2.3609439181770595        2.4180161678762899        2.6826158303043273        2.5318666613207905        3.0012230299364995        2.3308006052588217        2.9948348536492224        2.6070155355854001     
  0.29590905552408286       0.71670695410573448       0.23234548010089032       0.32001600760093507       0.32991789985548436       0.25693889350394949       0.23344381778195755       0.44425027018279239       0.28869034364998181       0.31205848120577045     
   2.8284747508431471        2.4827177978263819        2.3590709529129499        2.3290482310072029        3.1771853359644342        2.2574776310235669        2.2269168486516238        2.3066895978458799        2.1027617289704694        1.9406872962767334     
  0.32864328591462666       0.73955343689306696       0.25714341044632988       0.35401439783604705       0.36369119091900248       0.27715403238589442       0.24844422203406807       0.47022566369320201       0.32144748078040908       0.34280477270352572     
   2.1235366643464708        2.1783523374938722        2.2623646588706650        2.4882504534132672        2.5317566845572994        2.0717907772657917        2.1913148824315116        2.5039143929603016        2.2607935316517422        2.3319805592833545     
  0.36295022069297639       0.76203370613738208       0.28285656044780849       0.38497914480325546       0.39427894037816791       0.29730676778944370       0.26367246428653884       0.49694865774347891       0.35602305247173299       0.37509158981848267     
   2.8583563870745174        2.2338673926958843        2.5896605564989148        2.3777080700933793        2.6172619688567527        2.1883009766715782        2.5195029016611827        2.4973116205172206        2.4589091503239304        2.1531125034147087     
  0.39981478501036227       0.78474725171273474       0.31071591580082997       0.41771039909660873       0.42471443347032589       0.31928799506435002       0.27975690868024816       0.52188803838603370       0.39033586994247116       0.40593059769559087     
   2.7597976664570387        2.6876450826546936        2.6433925920121650        2.4329423250323701        2.4330445006964019        2.5282058525158586        2.9316127598606991        2.3713386751310006        2.5130039095780186        2.2881153470624738     
  0.43170752010154700       0.80313477700811786       0.34175792107568387       0.45054935138508478       0.45514806869295299       0.34190581926980923       0.29682414508588484       0.54523280816656583       0.42444630687092544       0.43462947045256350     
   2.3482386411881970        2.0917355122258541        2.4794130639524319        2.7718422057622929        2.3819851062591821        1.9916612402182703        2.9324393112649454        2.6300669456415129        2.1720116838471148        2.4417255187414231     
  0.46710899240919784       0.81774351822646252       0.37644495280863877       0.48364746975345052       0.48673853522439842       0.36516985221654596       0.31657451926410674       0.56885662045294549       0.45667159492680331       0.46375923309309547     
   2.5352812998957566        2.0619770772298485        2.4155595552296920        2.9355213648244667        2.5297992397494276        2.2442187860301153        2.5229978430752498        2.5201734664491933        2.4022246339711666        2.3360447378738098     
  0.50003297596411334       0.83517194486427093       0.41228754387977007       0.51660427912778462       0.51929191133598462       0.38782093534135642       0.33513544318270833       0.59403528224400570       0.48812469586630652       0.49286196914085356     
   2.5633614667993254        2.1843997477215540        2.2766247294015272        2.6966331156278680        2.9068455917356699        2.3288689363708444        2.4097763937775691        2.5092357678380308        2.6702364850986777        2.9863083374489001     
  0.53350341938137413       0.85414549689050023       0.45276155110676547       0.55156693855377370       0.54866218247948173       0.41251974583410411       0.35528016987684630       0.62096279836458312       0.51897205743523478       0.52099017044002560     
   2.4991718167947812        2.5193615714977997        2.4531096312908311        2.4580269061145512        3.1630574788793471        2.4257269960613943        2.9598464410921475        2.4258159035872597        2.1916016573565118        2.2575480095122482     
  0.56571680028070015       0.87087589874192450       0.49415868059079116       0.58199169805371054       0.58137367082557656       0.43835019569864486       0.37356933630827616       0.64719793566430361       0.54766920377421691       0.55152106653865773     
   2.8478263944434539        2.5298069662811886        2.5207364584666121        2.4819862333867242        2.1371780398423326        2.1227189578177947        2.5101471918779046        2.9028911585201844        2.2235909044997979        2.3021045567298981     
  0.59823570678522242       0.88638135140491925       0.53093171229281944       0.60995279834120342       0.61453677571519583       0.46516231573919253       0.39263610797961213       0.67355796371628274       0.57585918490928045       0.58262427714940612     
   2.1285779527952116        2.2842901172498427        2.1708828511129714        2.5622782685638650        2.5160308046161828        2.1541259363752596        2.6981916045827345        2.2528396707013099        2.3165074974000790        2.7430486819262256     
  0.63041656363413789       0.90129555474487622       0.56663555115431008       0.63388409954960134       0.64698702075881709       0.49140592994394566       0.41230293520787437       0.69984054380694971       0.60325730308319514       0.61703981536545738     
   2.7764964194191020        2.6219533052028510        2.3430605259685002        2.3237764481367220        2.2823836961170292        1.8999976143510220        2.5629295493018738        2.6736947941423383        2.2013984262505635        2.4797346286800659     
  0.66175556893392140       0.91372076557840798       0.60279898381376296       0.66023228595307260       0.67636254438252830       0.51888639607045295       0.43190628756950655       0.72322858184733785       0.63113032263477642       0.65006872989859732     
   2.5245619341046122        2.0401140890982021        2.2151876544320577        2.4080283541783105        2.7082236659040770        1.7731550508001028        2.1081403052543459        2.1674133148697945        2.3208153011817489        2.5475633546554963     
  0.69165716310804970       0.92548058469297889       0.64263370978046053       0.69002436331528161       0.70152191813280962       0.54757598546395936       0.45406382287189134       0.74708340511144045       0.66096199007845002       0.68362733919209484     
   2.2199349005566966        2.5791880604008126        2.4010753316664823        2.5896452551887763        1.9668036806026317        2.1726431754774591        2.9747285315164254        2.5116148211377496        2.3685060453653057        2.7136143874192595     
  0.72259056008650469       0.93653117901796989       0.68569311559668955       0.72162332270281127       0.72453519967290647       0.57809023519243063       0.47651627325910140       0.76958454416290278       0.69115309103261890       0.71825356685019326     
   2.1911735613784953        2.2425512762949653        2.5825573074223054        2.3562949403701596        1.8893862988938452        2.3831008527779645        1.9637191363991544        2.0084715811703684        2.0545569069942795        2.8528454072928282     
  0.75440671920828484       0.94724797917964820       0.72663716244235388       0.75282036354016302       0.74890406699180445       0.61037145344633204       0.50065246232977401       0.79432705383124025       0.72098285863096567       0.75471861995426348     
   2.1895264393778504        2.2552459400398397        3.2291885301466556        2.5462382475048089        1.9849314395653912        2.2934256779402427        2.3917338068246425        2.4835184484971711        2.2453735774620496        2.7739882750619831     
  0.78707464259120452       0.95654675414465440       0.76789634032924026       0.78051908400933567       0.77823645851440038       0.64766958437212041       0.52994910961295372       0.81992660512606730       0.75278472580534794       0.79226479289061547     
   2.8126442140072210        2.0794285588399379        2.6451682156088796        2.3025023519485091        2.2907245988178597        2.2080284573238798        2.8088366675586416        2.6620570436898845        2.2123915806904590        2.3979576741309736     
  0.81851692572949086       0.96523414341622249       0.80711641713211124       0.80967419482428982       0.80991264114375561       0.68805937611404677       0.56286636709913274       0.84448135091798193       0.78648974225937118       0.82608742088835130     
   2.5951974155773714        2.4057734439279805        2.2031411412029374        2.8030760919349533        2.4042952237015887        2.3779518595593832        2.6001368728185268        2.4575725282461902        2.3658042413315559        2.8218335336066485     
  0.85107007296329962       0.97307302355211689       0.84652688595036241       0.84195689787660299       0.83875218622949932       0.72907736670856627       0.58978966617783291       0.86824318532631517       0.82339444466721057       0.85704608269741578     
   2.5240075043166770        2.5898097632592765        2.5714834436804663        2.4330624882163874        2.2755347309923994        2.4622816513471779        2.3783447406415488        2.3314798682777904        2.5722443409171820        2.6791437040591393     
  0.88028672936439289       0.97992441201934710       0.87797609845129676       0.87682093320908994       0.86724489514018566       0.77214310068825520       0.61002003392904769       0.89202985807776347       0.85979880660076169       0.88664638810823437     
   2.0932941722122820        2.8372768849478840        2.2487326463021629        2.2087530417837073        2.3702032609504768        2.3940306405280469        2.0488674771093884        2.7796628404354635        2.3596815205425736        2.4656061378256324     
  0.91117419084324736       0.98587311496368546       0.90732881932385046       0.91049257233323266       0.89825658979504563       0.81628302428828592       0.66203301699448558       0.91621689745804014       0.89476221410107748       0.91627442920255142     
   2.8707549952801994        2.6509587815155746        2.6533859788574334        2.5508295295775638        2.3813145722189022        2.8297259113857587        2.9270442010836129        2.3575553872377837        2.1820519374573264        2.9058440079987364     
  0.94087875700047363       0.99102043166808162       0.93426430609240740       0.94196697658668971       0.93019390183295836       0.85982885406188547       0.71213789327856936       0.94339493021391552       0.92881195725876886       0.94590487629737452     
   2.4152328185930463        3.0349473401934279        2.4765809371027450        2.5554757818197662        2.4707202461290851        2.4739689015417752        3.1300608507943242        2.0235333792233057        2.0585305763628683        2.4069011352177725     
  0.97139939123623797       0.99558041005568043       0.96598879847835950       0.97066127471112318       0.96547056148996457       0.92938194253902151       0.78554033812134239       0.97275507794469329       0.96413896681889311       0.97363346052831123     
   2.6820322386945925        3.1489445338025956        2.9703287434359553        2.2860165432001356        2.6868333602417453        2.7521930754873232        2.1445626173967542        2.7859983314572601        2.0038480475506844        2.4824431567679994     
   1.0000000000000000        1.0000000000000000        1.0000000000000000        1.0000000000000000        1.0000000000000000        1.0000000000000000        1.0000000000000000        1.0000000000000000        1.0000000000000000        1.0000000000000000     
   2.9489525690844425        4.2900837522068445        2.7308625841085972        2.7186246575300990        3.0001665103199722        2.9372505616254947        2.3893910132135034        2.3358950401294658        2.1795763063038360        2.3825640458127841     
   10.629929000809138        9.3051233991712685        12.031013496193422        7.8924282904451264        6.0350726868386424        1.5737891196705964        9.3171343324921576        7.5299449165622176        7.3919517391264460        7.1948604111278724     
   10.792912351228800        6.6499244661836521        11.270200036591998        4.6281362802089570        5.5428520329477768        1.9600003354359021        8.3602317012870930        6.3630095926850787        6.6823079385136532        7.4339143295422003     
   8.0757355553688406        7.8428990395548990        5.8324489982444998        5.5920592358521137        7.0777279619559206        5.8050716248420606        7.8224959856478895        8.0625454071817835        5.9133564146766560        7.7915657334752879     
   6.4842609862849363        5.1135555823062466        4.3611448125733654        6.8478453971868030        7.5071779929485958        8.2049146063023137        7.1243596129832687        7.9788449154887102        7.3758738341958994        7.2281782876227592     
   6.8081225284346605        7.5674836391884384        1.6944836122131994        9.4759509572332483        7.5140710543470322        8.7245751942996357        6.9260099854702286        8.6939181551585687        7.6975666805970651        7.1723358537851984     
   6.7491132497976150        6.0140161167920017        2.4814140456954981        9.3452101745061569        9.2111585060418655        10.637691609227222        7.7689274160653614        7.7880459113686431        8.6289453700413361        8.8760966793474587     
   6.4365676846617701        6.8308890702721330        7.0541436050200668        7.9272166979208878        8.7779025486668889        12.084173606360283        6.2799457706241473        8.2278828343967216        7.8593604924442495        6.1215206077217044     
   6.7048562718790246        8.9089288665346782        10.339029884487688        7.2731925953737795        7.6960775144645579        13.706830488990507        8.4991217452714167        6.0043571564526861        6.8120026365046202        6.1005645468335912     
   144.76948418549082     
           1           1           1           1           1           1           1           1           1           1
   251.52079513930059        89.819900416255038       0.88423311946221950        8.1490883435030579        5.8002452007257990        1.0038357065714626E-002
   2.3383451085064801        2.0702938155858979       0.56987212621279548       0.19884958553055190       0.56958724734806532        8.8076745542196660E-004
   5.0000000000000001E-003   7.4081846203263622     
