   0.0000000000000000        0.0000000000000000        0.0000000000000000        0.0000000000000000        0.0000000000000000        0.0000000000000000        0.0000000000000000        0.0000000000000000        0.0000000000000000        0.0000000000000000        0.0000000000000000        0.0000000000000000        0.0000000000000000     
   3.6980853166722179E-002  0.11937660555600149       0.10995379044540241        2.4811184049247020E-002   3.0895833879326561E-002   3.1167252861429667E-002   1.4379931212825606E-002   4.5982138633785495E-002  0.26815264174728898       0.17716542810008379       0.15534120850102845        1.3693553538342704E-002   3.4430025394614906E-002
   1.7334146322311497        1.7802908684475081        2.3137433531417133        1.7960648561590105        1.8591424117690412        2.2387943724265136        1.9172387806929752        1.9780713393628595        3.2912009493789953        1.9173811264493377        2.4292897309674419        2.4014400486300014        1.8382172360965281     
   7.2662007263053038E-002  0.23264445651115551       0.20423409090427608        4.9602176164934980E-002   6.1072398093756738E-002   6.5300024496250317E-002   3.0471553145714203E-002   9.1285092700764708E-002  0.33018383685695374       0.24115084289343794       0.21817417409500497        2.7176368302379607E-002   6.6818910046918617E-002
   2.0952197421663534        1.8730339539233403        2.4410142632129026        1.7816739918433753        2.1259703079595949        2.1184624137919550        2.2350474839301380        2.2279861897005873        2.2689776567828632        2.1807284476373052        1.9460695286609606        2.2304281900131109        2.0907574301219092     
  0.10501665681198538       0.34502081189850264       0.27060528901487985        7.5854026319997422E-002   9.2171126181077506E-002   9.5817828709194156E-002   4.5713846027152054E-002  0.13500331089485246       0.37921389957095258       0.26919750008860893       0.25546306853267103        3.8580663214070263E-002  0.10040626445474117     
   2.0336400438743429        2.1579899861165437        1.7125770655552257        1.9832529213177938        2.1976274350803213        1.8833236492069172        2.7765745707053191        1.7829436413987076        2.0197241864831748        2.2237379775701718        2.1319200955057731        2.5788724342311635        1.8004603168511892     
  0.13399594556694061       0.44019067675124018       0.33100214835009445       0.10655984831698281       0.12660477691091485       0.12674070904132598        5.8700932268015246E-002  0.16768791643105285       0.42439575553219572       0.29101820129263856       0.28256153560213826        5.0036231299882779E-002  0.13435916848843987     
   2.0483572452809842        2.1840596588112895        2.0885423491571515        2.0880527734323273        2.1508710645188738        1.9397679797636747        2.2750493945336565        1.9309217692295224        2.3013360890808858        1.7957807936962431        1.9693495005994308        2.1966199553936128        2.1316571482625872     
  0.16161035444854296       0.51061968619133402       0.38646722190157101       0.13602570146102747       0.16263289724033866       0.15667800785988614        7.1747150197782078E-002  0.19860837439818405       0.45802346637714852       0.30857276046271942       0.30560709112793000        6.1602921473260477E-002  0.17332278263387960     
   1.9856618771397601        1.8305668971919824        2.0812285413058662        2.0236425295066343        1.8193687265556968        2.0160470713603593        2.1035927093588431        1.9341911049756597        1.8828522307667201        1.7099316179786055        1.8865654974334274        1.9609571972458075        2.7873706364908188     
  0.19226831449403925       0.57827990897224568       0.44146860412192990       0.17080332097123391       0.19421843268320554       0.18786689691196187        8.6374359945444346E-002  0.22391571293379298       0.48721135696804202       0.32517454777010457       0.32970656869320725        7.4043284047918864E-002  0.20966597788939201     
   2.0229253954741866        1.8526273383768248        2.1453966827913615        2.0466899009601631        1.7964266091959711        2.1013668664307099        2.2170979443755963        2.1621914276161380        1.9149871655448167        1.7595613362028855        1.9229374231055920        1.7658124884128026        1.8345881995529421     
  0.22525422229863870       0.63544782606410921       0.49117165126919632       0.20681070433264367       0.22446042703371930       0.21941454174601518       0.10021421938021501       0.25260033095396633       0.51782294619569658       0.33905321375862801       0.35543534606279975        8.9238377846874842E-002  0.24337736211931474     
   1.8600526896445930        1.7350678982242238        1.8045819871895930        1.7807301845112933        1.7656884813614597        2.0174110217426171        1.9990880145049537        2.4255275463803527        1.8139956795265970        1.9916095697027776        1.7426527826374520        1.9659930564568500        2.1474548794327579     
  0.26138115883382540       0.68042569392742702       0.54159393479797791       0.24629312006213608       0.25435333847195746       0.25618495061306712       0.11416919944958040       0.27719599605928241       0.54227283816936922       0.35457162291032274       0.38133893138766173       0.10630642909037952       0.27427752825320306     
   1.9287594871498541        2.0059243459926117        2.0342201771853210        1.9530610135758841        1.9674515296367359        1.8159434390252234        2.1731947102187310        1.8250337690878371        1.7811240711033320        2.1286547503150506        2.0517213239675982        1.9011665076223239        1.8086851080993074     
  0.29217995602788299       0.72292650821010684       0.58208970283140649       0.28753483851238559       0.28422031181536700       0.29257933422769550       0.12763538683365780       0.30252810870784791       0.57032967320132644       0.37147335081048688       0.40854698957722746       0.12339498272555952       0.30541092023169314     
   1.8081705516113262        1.6595193778140249        2.0376246240960474        2.2554578080004180        1.9324936616292141        1.9163773718561619        1.7433520787110297        1.8088078107893404        2.1452416738006432        2.2240950876350984        1.9639848151766188        1.7329541268132180        1.8630570585985640     
  0.32281852848764048       0.76321420623879055       0.61807487835887764       0.33015952991883013       0.31428286496970448       0.32786186922450805       0.14089907223442874       0.32847059747749574       0.59546137698807500       0.38730738197063591       0.43271808353328800       0.14213935184601598       0.33647204599697356     
   2.1920082772940184        2.1412575382046035        1.8424261935861943        1.9168449499627329        1.9199236903774977        1.8493126218053004        1.6240174593895003        1.8419923654041934        2.1518829539732161        2.1293603483339658        2.0571033706022792        1.8304871424590685        2.0171521799426491     
  0.35226844013266440       0.80037699247732796       0.65093436080190614       0.37204548650605762       0.34789316098529383       0.35887423633312487       0.15564371716519018       0.35397807245126389       0.61676610003460108       0.40218350681983989       0.45914410316265153       0.16444536969681750       0.36856933230288885     
   2.1425569800780182        2.0012654300847839        1.6095251030564743        2.2093584685495280        1.8954004345399120        1.7587858860216556        1.8161934045426498        1.8940952709978316        2.0459519289972228        2.1378278416614296        1.7143944424946431        2.1685664042617225        2.0359491938983720     
  0.38103244914828360       0.83105037651815128       0.68064889227760295       0.41536625699548474       0.38482574063726127       0.39007682912579844       0.17205739295666334       0.37920203168490485       0.63684894576421291       0.41832844296901972       0.48594596333924994       0.19199870160929683       0.40025114896256003     
   1.9445279986488513        2.2675425018719437        1.7220340611145371        1.9277254999748412        2.2883981979533812        1.7737842287399732        1.5675913432680089        1.8651554952011318        1.6321109267538638        2.1205521451627352        1.9393118938282519        1.8149144794866021        1.8613339479130029     
  0.41003242759893954       0.85794283501258628       0.71307577901582686       0.45241742227139203       0.41907678433405765       0.42055855074784748       0.19017277621143910       0.40412945720341631       0.65655745697758749       0.43513854021547943       0.51330565110642357       0.22102740324804859       0.43169015879270833     
   2.2464884984002489        1.9384628865231233        2.2932892030569256        1.7667467774332486        1.8792066305323689        1.7510600070150166        2.0738666504755989        2.0872688615544739        1.8932961757652305        2.0600335760135207        1.9747217855518726        2.1027829972642325        2.1520361379297555     
  0.43850107087700829       0.87945794330362936       0.74285247524317366       0.49010343515706623       0.45079834519119022       0.45449083343450808       0.20906194073492321       0.42804197414120493       0.67544118640772244       0.45085180959098853       0.54426360703258025       0.25204192396642994       0.46319626925614182     
   1.7311369810443951        1.8474073019898403        2.1216178809516655        2.0467318320960310        1.8710454611765692        2.2518036285888954        2.0681454626172355        2.2367782429917829        1.6542909724911710        1.9884025822627747        1.8073847496235875        1.8272806331387055        2.4274108546895721     
  0.46746243135454535       0.89707449639925763       0.77088950755243990       0.52688414545965523       0.48079637411886700       0.49382477220944643       0.22851807855119316       0.45333991794541928       0.69288733880706577       0.46558859592756957       0.57601745631233692       0.28682807598219390       0.48873401335647154     
   1.9421989300239781        1.7730222655405001        2.0781965501074677        1.6831691081666607        1.8252259537358346        2.2335484484556476        1.8160689578760307        2.0835934090478325        1.6482435577297947        1.7611760177704090        1.8332280205654767        2.2036947321423059        1.7562389657593935     
  0.49812013308053760       0.91246659837681809       0.79509535824827393       0.56730976229295926       0.51186221714994096       0.52909347177895594       0.24902680317059231       0.47990353864290108       0.70981591129494370       0.48074384010550919       0.60961942441286288       0.32375789507417779       0.51536119852296713     
   1.8969262320452041        1.8381508552731554        1.8336635049850307        2.2325124112885342        2.2286946068616733        2.2089004582715952        1.9675340109275055        1.8533745688201368        1.7354834476600667        2.1179496308513723        2.2285995731115111        2.2088890392205682        1.9115444244289490     
  0.52754352052099551       0.92579012393759408       0.81677312365327992       0.60604590264629521       0.54177913370725117       0.55980807571928892       0.27098353401564734       0.51195301818766137       0.72745961708542295       0.49483706718249010       0.64187078408166542       0.36437091649292908       0.54150274413922672     
   2.1077262189713233        1.8112963323405826        1.6895141652188850        1.9299197349560879        2.0326904456109314        2.1301547913919436        1.9685583806237921        2.0608089172325821        1.8793882296681534        1.7134998805557664        1.9012144530520316        2.0762225833239984        1.8855020700551708     
  0.55401323717082196       0.93744415200936548       0.83649834363257081       0.64245757808876403       0.57049057897706379       0.59114175541131075       0.29445211578174463       0.54086284194180856       0.74596561665581473       0.50914723960737496       0.67323525112909710       0.40373438966018377       0.56804400959490298     
   2.0141090558770780        1.8399938853277003        2.1178493536093037        1.8645595385221261        2.0113562455580385        1.9724468595024658        1.9293048799991335        1.9454425819992835        1.8832476351246590        1.8445298066266802        1.6891688513635574        1.6601856481145130        1.9431210285593568     
  0.57879651101165264       0.94775585679696805       0.85668227969965904       0.67738799310851039       0.59968816775599421       0.61997336325739560       0.31757146941396092       0.56824821649113733       0.76537483685819852       0.52339493120285019       0.70406564955843531       0.44384942773171698       0.59479527489045469     
   1.7301369299613361        1.6891870004868019        1.7583001319874325        2.3909912527933086        2.0589794563328652        1.8368087890270062        1.7046236569226212        1.6348368789252827        1.9452319441134878        1.7889303066765552        1.7151877906709767        2.0067284662552045        1.6761454147840495     
  0.60455931520252382       0.95620730641757024       0.87530056672657430       0.70918223755886522       0.62993518417889471       0.64767932362614122       0.34071311435027568       0.59355497479774899       0.78359403043830189       0.53759597054756669       0.73428508736051190       0.48090443584389242       0.62145593344137706     
   1.7829105785192392        1.9092707394405490        2.3096746020434864        2.1398343427339594        1.8795882823050747        1.7888598756652743        1.9951177359128769        1.6987377048296934        1.8839095695845403        2.3703851862092846        1.8452412610707851        2.1704736226862744        1.9540936465397984     
  0.63486706441417806       0.96351492085171753       0.89116274828180053       0.74015687942135977       0.65815550565152536       0.67385169366263376       0.36572452946179995       0.62095747095017229       0.80059446732839235       0.55202220957500270       0.76206288207246276       0.51915816233758827       0.64941424154136640     
   1.8980565873252297        1.6240450760675438        1.6669657614811901        2.0944552968398464        1.9133524589764110        1.8028689495422809        1.5116002228978642        1.7175667443678777        1.9322555846981158        2.1755928613854527        1.8954839291903398        2.1428901688980933        2.0716888379761782     
  0.66644955541075235       0.96882520055274191       0.90466518054955924       0.76824900500280247       0.68958882375962560       0.70171203027499462       0.38935549844976480       0.65075777791727596       0.81580107531155144       0.56671849088859449       0.78546156544571699       0.55452788272893527       0.68015942342930413     
   1.9273109930609285        1.6771603646409743        1.6620903593107825        2.2324240761085417        2.1813090793108083        2.0412498097775864        1.8948664483248927        2.0589941088589714        1.9294897371251871        1.9661797820421927        1.7964160021278262        1.7965662802940663        1.8867792320553087     
  0.70090170654920347       0.97388438443825820       0.91738052530060898       0.79553281106996288       0.72152361260024911       0.73174342542256465       0.41445373810211100       0.68122755941164503       0.83063791843086709       0.58079737499702644       0.80768073402424789       0.59056742894519632       0.71259548845050025     
   2.0771091756398308        1.8686957167962213        1.6859540791711518        1.8093350844758032        1.8674207775806748        2.0286734355059943        1.8055680409208870        2.1234791642667927        1.7546707584059842        1.6800745047837098        1.8345843955446639        1.9074801233598648        1.9533608881244537     
  0.73421039321734927       0.97876416144042744       0.92955906763928386       0.82240110491243090       0.75449207340085611       0.75983534345531567       0.43961888559756301       0.71257867976974010       0.84522131454786065       0.59510190905012861       0.83027509486259587       0.62473545730365287       0.74503706319011520     
   1.9033594096123923        1.8353225389662737        1.8677041632530282        2.0654159104497731        1.9246570688978728        1.7498705085248429        1.7996408685572156        1.7140037833452346        2.1391228212391331        1.8261264930415164        1.9547949985555082        1.9522532603576668        2.2136108346051104     
  0.76905686917893967       0.98335863976933569       0.94159802516941815       0.84927500317423399       0.78575740829114826       0.78938914668181370       0.47038725099890227       0.74140234736290800       0.85984014788528695       0.61154627630834935       0.85310404117949545       0.65764106352518625       0.77882802454938893     
   2.1811737605048696        1.8450553230930011        1.8683085236845460        1.8224416777785410        2.0826675851803080        1.9382946074227239        1.8785839419738404        2.0518069098046627        1.6373066611348008        1.9649262789711648        1.7983323159369360        2.0131317935582014        1.8439844605903160     
  0.80078937996468125       0.98711481907270682       0.95235865072966186       0.87432855636059625       0.81435682926395181       0.81697544240307962       0.50374427640059005       0.76851417016385626       0.87456401227524816       0.62782860055945700       0.87825646503616794       0.69146688893474073       0.81285700486995960     
   1.9574692937317510        2.4293709264458752        1.8838922228912995        1.7473226016854015        1.7135734694803830        2.0480061960731533        2.2438825872363877        1.9149977461263936        2.0158756979288941        1.7797162088154261        2.2410243476209133        1.6144988317416693        1.9706034594969926     
  0.83439536900519773       0.98979941541713867       0.96233741932442651       0.89811094173794226       0.84340501213340346       0.84585256109317097       0.54426340880936552       0.79581968434947770       0.88850414151067270       0.64841473845896791       0.90059479959367761       0.73178393608664960       0.84594465259772655     
   2.2659117341607766        1.9073641447048284        1.8814760355772691        2.1039489440678665        2.0412638314447955        1.9390802869132822        2.0735195731995004        1.7094855818555905        1.8626082431203390        2.1012307939903638        2.2099527109606334        1.8934913656987316        1.7315388018325328     
  0.86656430210974522       0.99217443814039519       0.97115126453553935       0.91938996426732367       0.87254036672416480       0.87654861239361825       0.58443330146452488       0.82382077443061918       0.90558694512130566       0.66475885654933053       0.92162529291077988       0.77975844618298851       0.87789645318678355     
   2.0876592890586840        2.0981553324692834        1.7406541132760487        2.1792078981706089        2.2100432238892718        1.8971656352233821        1.9071907707014779        1.7522098793218071        2.3316391225503716        1.7288408499755448        2.1114141292361621        1.8004621229647111        1.7745628813244771     
  0.89938650920383312       0.99410200049064001       0.97932873177891189       0.93887614410221654       0.90545291525452620       0.90883877072873032       0.64529152465195971       0.85987486154563986       0.91957029029403026       0.68956791881059443       0.94049187104222309       0.83666268333616622       0.90826681798653308     
   2.0582057668278306        1.6824821935685361        2.0809649963355645        1.7714620247143122        1.9198409189844181        2.1233779641813659        2.0117975350614326        2.0178404769483622        1.6879269950591196        1.8871227527778047        1.8112297452452093        1.9857909963176699        2.0105388115932530     
  0.93279813444226933       0.99599099208962749       0.98669848719494457       0.95774193881008385       0.93669070133311383       0.93946996496926338       0.70293384253144298       0.90060844471161383       0.94156313192603347       0.73425243623217573       0.96091816523826656       0.89526921957567851       0.93797411591950730     
   1.7718142261637930        2.3834118837281699        1.8432508438365878        1.8541087373634209        1.9924846480639695        1.8587555611602340        1.7572861572061174        2.1383732010968379        2.3495977762690208        2.2293046123326619        2.0442871709212280        1.7826384264307291        1.8756016053603004     
  0.96415749237977733       0.99803767936922971       0.99352600030591487       0.97941807780562029       0.96810058413991196       0.96991933208805159       0.82824046353590675       0.94682496551248729       0.96912803433576300       0.78594519658186546       0.98054845973640681       0.94736697517449375       0.96815453594511480     
   1.6746762966312614        2.7600501101869339        2.2831306104037452        1.9106771208888915        1.7862146408889061        2.0016230270375774        2.5147431494541297        2.3492506027597106        2.1277854238812823        1.7564209191068847        2.4488222324385083        1.7543859066719711        1.9246061848869738     
   1.0000000000000000        1.0000000000000000        1.0000000000000000        1.0000000000000000        1.0000000000000000        1.0000000000000000        1.0000000000000000        1.0000000000000000        1.0000000000000000        1.0000000000000000        1.0000000000000000        1.0000000000000000        1.0000000000000000     
   1.9332455021648827        3.3471205632372807        2.8495134915676914        1.6548048467938132        1.8273542275352372        1.9356774762152802        1.9298649589832089        2.2857348764002881        1.8999504548153128        2.0194921842091023        2.1828972797570900        1.7151801396192552        1.9370563992963434     
   5.8389640630362747       -6.9344511107120548        29.398927208589310        14.344139315180238        5.4145565211348821        7.1499236622748636        7.9659044253958280       0.31390126955441683        6.5630595440478734        6.8263143207697254        1.1226695182568851        4.9761270124165238        3.1481705507480506     
   5.1304311587479479       -5.5775747055118909        18.284845648213768        6.1426058787471502        5.2409465481612854        2.4547703852067446        7.9325726956803706       -1.3281818529210998        9.2410698543540732      -0.73660005809849227      -0.65015281983441309        4.5343865980951703        6.9481899504969071     
   2.7260799735607639        1.0523291715509986        12.715727212132471        1.4723171828349562        9.7322818180478805        4.8720068499132436        9.8691878886135775        9.3778801878359239        5.0333662274158604        4.2537272413533707        4.3082748896749585        11.914386152178784        6.9564156414128515     
   3.9334078383092264        3.6161349184461193        8.9476802963913080       -8.7265155099799685        12.391350235419761        4.6592308816581074        5.5867230845127045        15.693743403470362       0.50668840269625659        8.1041980779232272        9.0006023719535992        9.0719278569117883        6.8076320836918409     
   2.9103622085339582        3.7523742629247421        4.0336467041970483       0.93665861097107550        8.0002583883485023        2.7411490730532599        10.515124527085593        13.388174092536355        3.9122500015120405        1.6515711138478184       0.42123177220855390       0.11410152584138333        8.3341208415062109     
   7.9751955902124294        4.7197926430839949        1.1619745876768166        1.9304286244186333        7.7221100808060275        6.1463309514866484        15.045011347778535        3.1295527041156261        3.6670110821907378       0.69386729796311086        3.1630428198585228        1.2416144503726583       0.85474868056162445     
   10.338537757846057        5.7607135489903012        2.9383071064712296        5.5661799928724527        5.6299833433996449        6.4692595343712096        9.7643924980995145       0.39684343981776449        7.8525890454910376        8.0949924730247673        8.6497772248470586        7.6908373624069277        6.7306680605461136     
   12.387920166646111        12.159529124465244       -1.9979431947095023        17.985948176358821      -0.29685128409524086        14.386040822188880       -3.4516609465943118      -0.31289801163601305        12.750791683302277        16.113337813947389        12.195618699075945        12.863569474282524        4.8628694393090566     
   92.931332330805148     
           1           1           1           1           1           1           1           1           1           1           1           1           1
   80.737285451152204        15.584131948204053       0.19492351087271267        7.5637466750305098        1.4022246194049173        1.3905102368369276E-003
   1.3410856280459496        1.1454955706674839       0.16723857507186801       0.40853133396341446       0.16720539953702634        1.6880461023545431E-004
   5.0000000000000001E-003   5.9882308176173904     
