   0.0000000000000000        0.0000000000000000        0.0000000000000000        0.0000000000000000        0.0000000000000000        0.0000000000000000        0.0000000000000000        0.0000000000000000        0.0000000000000000        0.0000000000000000        0.0000000000000000        0.0000000000000000        0.0000000000000000     
   2.9801630480824345E-002  0.25320301335337270       0.58469138867626580        2.8406822572693238E-002   3.1880583628478371E-002   5.7480426232894885E-002   3.4379293050392924E-002   2.8978569859617078E-002  0.51767274572401523       0.20507444223335039       0.13538304676902399        2.6953119093117085E-002   3.4370427514795382E-002
   1.2209841072432663        1.3785287280301737        1.3014673742880940        1.3717640616574878        1.3416716506680637        1.9031822042577462        1.4968764020574383        1.4081570292943697        1.6329613361538222        1.1803173125032509        1.8126273106722965        1.5846913774634606        1.3199234235505697     
   5.9728353308418206E-002  0.33467411309898443       0.72414409247327627        5.6107130080400344E-002   6.3506200645666241E-002  0.11585778569041222        6.6902454839770392E-002   6.0291760030244120E-002  0.61845551885671379       0.29126053393900997       0.19313897150170270        5.3440585147929195E-002   6.6069283421612154E-002
   1.4210412458888877        1.9222349877750886        1.2723023180439332        1.3095963576613312        1.3859618559856184        1.2736239655454382        1.3147316015684070        1.4901099914875839        1.6501443996002698        1.9608724674959868        1.5923271052594385        1.4005711901872511        1.4151896528638890     
   8.9569448878887986E-002  0.37221057246814021       0.83419635417395044        8.5399773234238585E-002   9.7967474752162609E-002  0.19132355203990634        9.9148362505057597E-002   9.2182683933858298E-002  0.68903236029067494       0.33206641967061318       0.23054592418308356        8.0980269925529952E-002   9.8377124437146510E-002
   1.2874547312201430        1.4916757166332593        1.3335384978110589        1.4227339129370906        1.2254334884551974        1.5992707054566677        1.4862073122728399        1.6523101455251501        1.4855748197901586        1.3720077114638014        1.7541955631388182        1.5861646393687288        1.5690605374687983     
  0.12008798249463602       0.40536374776348771       0.88258461745846950       0.11680676974667258       0.13052931045439947       0.25552636036454957       0.13132880718468209       0.12337457912049336       0.72661445543975389       0.36113458575137980       0.26186383335023811       0.11152515511438243       0.13059174513168206     
   1.3759369555719572        1.6332682539248746        1.5989947554028767        1.6021309413816311        1.4939404640046816        1.3087078199117479        1.5419658923140169        1.4091929625900692        1.3102827035281512        1.4512208769559576        1.5493311635440770        1.6788372246085601        1.2915954186254279     
  0.14985761228995681       0.43549725701594044       0.91637594681844492       0.14890182670243574       0.16143979484374160       0.32178057386666731       0.16773149665750625       0.15472340988044914       0.75734167724364521       0.38871495297424968       0.28987641393845215       0.14381789482622340       0.16401542137953487     
   1.3043548398014835        1.5750713052541419        1.4882224764856096        1.3847408505707111        1.2974025132093685        1.3853132787861939        1.5800849172049114        1.5322194727768330        1.4200867078228878        1.4029304342648006        1.3837059896779134        1.4986475583222025        1.1346191556534331     
  0.17733018415870505       0.46220040152967773       0.93835252894469012       0.18114964078581894       0.19210880788675003       0.38030452770208795       0.20006108237563239       0.18550267166040318       0.78120310688402317       0.41396159873804217       0.31313791462318646       0.17908434679387933       0.20090619225375358     
   1.4401770371126792        1.3875542495800350        1.3433472564799895        1.2734686934867292        1.3245734772591653        1.3058385243145374        1.3337514520481200        1.6121727390466616        1.3148761249755478        1.5512925347975579        1.2601522433327521        1.6355815372422704        1.4419190134588593     
  0.20539474985016432       0.49004902659085764       0.95400194093132884       0.21594121850993472       0.22311821523862924       0.43491955214391453       0.23448535279956831       0.21619548602648858       0.80461380618545886       0.43428388964771120       0.34042231762267555       0.21536454582150477       0.24000707331936727     
   1.4798044459917230        1.4936390548828491        1.5724478023672048        1.5965357744788664        1.2823405271404587        1.4079226049546381        1.5208649039191773        1.2422093602831299        1.4004074140826495        1.3728493289841084        1.3074281953373428        1.6288743719005032        1.4696267867970554     
  0.23458099812025909       0.51682511763820038       0.96358152594923019       0.25093640970603831       0.25271244930209297       0.48671858578331029       0.26228981413524166       0.24695748397293205       0.82197904973891334       0.45712420644011648       0.36749031795402454       0.25294103161501441       0.27854741555776552     
   1.4062617011172029        1.5251990912678537        1.5849863808394258        1.3828370077310244        1.4435044276485731        1.5766647104882399        1.3738231522368085        1.4113497905796777        1.1812300346838946        1.4936433530814572        1.7588807432883433        1.5217806308498638        1.7345205567258943     
  0.26397743280902264       0.54209967397736680       0.97085289040248490       0.28219994336420889       0.28250165299573032       0.53229344243483612       0.29073187170265580       0.27780599417264112       0.84081355110306621       0.47684049175923382       0.39363153391082645       0.28866262822314320       0.31512902479193988     
   1.3417363501621657        1.4706244074867902        1.3909418092572403        1.3002834175739850        1.4658545611747913        1.3703037418004427        1.3305001096028837        1.4183900749407357        1.7390414925533275        1.4065104057594635        1.5070157115361731        1.5069444399073426        1.5743990299713089     
  0.28900166094706320       0.56328605636977458       0.97614038944395620       0.31405305859917121       0.31370884779432884       0.57650824782532706       0.32257811381707840       0.31026825171447248       0.85647133548427112       0.49563494341105818       0.42183384038688876       0.32499911515694585       0.34985112233940402     
   1.4191311671237292        1.5248485962790503        1.3442102874401511        1.5413755489960059        1.4458457219963274        1.3212783033952489        1.3147133135068005        1.6252447102160785        1.4386044137271559        1.4884757752565165        1.7816450578147474        1.4188460517435542        1.3990817482927149     
  0.31680946786767544       0.58713165796260758       0.98035001388711562       0.34756529848457951       0.34526177482015730       0.61973452440173105       0.35716881175401988       0.34178147018445709       0.87015576131412498       0.51306456481925655       0.44869718165952477       0.35860850937789301       0.38426795899843341     
   1.3029604525486023        1.4064241572241161        1.4656834411737347        1.7315369332077475        1.5488520656759073        1.3391234481603831        1.4479647399007547        1.2374303743903345        1.4363045606300431        1.3335771724039154        1.1835283084032762        1.5488878588395147        1.5797213345555481     
  0.34802041033911291       0.60931890103830544       0.98380606954640726       0.38527703425308546       0.38032109352285792       0.66038550679920804       0.39018796751542345       0.37536576671708138       0.88133244785070519       0.53243526823728438       0.47659911401951827       0.39346273953032951       0.41315606607798433     
   1.4457065909701605        1.4910713276578604        1.1924817474840474        1.4542406407779147        1.4280259752197559        1.2928242004033621        1.5376383952074986        1.4823933654602723        1.3394604466247313        1.5527044773009275        1.5341548163287053        1.4740982319451983        1.3304672552255910     
  0.37892695870168513       0.63000558444505295       0.98640848633678069       0.42304033719007839       0.41326887638917043       0.70177800682795666       0.42265380346465570       0.40857441561011287       0.89104807476732750       0.54898120029342601       0.50451314735390806       0.42996837155009032       0.44113428151230955     
   1.2986543091549441        1.3303251373607858        1.3941544437430380        1.3642883097214471        1.3493177185913403        1.2695580723018611        1.3400034225611701        1.4128717245608753        1.3970057036152277        1.4664330179808309        1.2241034402957265        1.4673126771582679        1.7536431600420819     
  0.40568062433089147       0.65040444567754352       0.98865159048274454       0.46288146055875617       0.44616530633359563       0.73555928016746230       0.45511773814120876       0.43919523394061522       0.90042430935613871       0.56587094009428196       0.53319448483166554       0.46478554094062985       0.46652997675382546     
   1.6184281499410440        1.2256344640328423        1.1351334843995877        1.3182478622522751        1.3494434409893223        1.2532399174839723        1.6032234887933885        1.3806247637805189        1.2146469945907721        1.5559444481164055        1.4134735876699898        1.3616708040536774        1.2676681281609345     
  0.43881837517770517       0.67049458338383527       0.99057165384280532       0.50544310279317028       0.47455698683448611       0.76584729598423062       0.48527242583791974       0.47090405370017846       0.90971199633301181       0.58385181300092881       0.55965973218873633       0.49830945239323837       0.49090150969927571     
   1.3517715379465389        1.2744052370413521        1.2638090403066060        1.3393610658724813        1.2938629474179129        1.3790622789553135        1.4228260727396966        1.3577557515817775        1.5326964293187988        1.4024001932713368        1.3734464442148391        1.4554428661091339        1.2907280648338830     
  0.47169252229874825       0.69057924456186415       0.99215851809666777       0.53970278421239504       0.50189530395704318       0.79462359804290594       0.51635811912593443       0.50382313857055339       0.91878996431632187       0.60170699635417246       0.58739336340186354       0.53004212382988314       0.51545916289871985     
   1.4613675346174322        1.4484858366329962        1.5031106470332756        1.4947393438002825        1.6698769048615785        1.5518733298488931        1.6631474293245148        1.3642305708211140        1.4754475740698787        1.3510920602534520        1.3770454464434971        1.3075538971605936        1.2719267750145813     
  0.50679893658205266       0.70991184507583316       0.99351933796814651       0.57470310069516273       0.53153582820892542       0.82201081948667809       0.54408643491490405       0.53720787377627699       0.92721802453106283       0.61783361427198502       0.61440628594670321       0.56118844239664645       0.53925685413779800     
   1.3750788577675572        1.2646075761208226        1.1905641290575861        1.5755044516970738        1.4560451773758381        1.4223576889325500        1.4462722098395417        1.2745176940813934        1.4186396608734400        1.4814571760608544        1.2071490936756835        1.2206272232775159        1.5405116854573220     
  0.54278233450338476       0.72932617041179237       0.99467139470971833       0.60639027486399211       0.56266806379167977       0.84223703832746355       0.57182949242115311       0.57008402001889136       0.93467565568330657       0.63190394555346852       0.64246614950391367       0.59230351034123108       0.56503102448207243     
   1.4655979783657684        1.2957352949052312        1.3870702511036308        1.4807190125726759        1.2781164104111036        1.3327524407364044        1.3761533072380239        1.7704507895442256        1.6324544946688577        1.2711666383510707        1.3953184483961596        1.3766197908572804        1.2932061701937665     
  0.57769616916508026       0.74755780464730204       0.99554614800554742       0.63779227126935578       0.59094228770705348       0.86435671328453256       0.60139834664435832       0.60282989825444544       0.94217132302096906       0.64479277830299475       0.66987408242525825       0.62129698782205656       0.59212972565044086     
   1.4114216063696321        1.3567219789395508        1.2322839546271809        1.3095820729297110        1.5625289570691245        1.4278171887708140        1.1821016122549663        1.3760964159736553        1.5354774559132232        1.2356034664399489        1.4227211713175145        1.2135098230051109        1.4037923365614664     
  0.61043317225915883       0.76711100453642533       0.99629705136315194       0.66997154076419962       0.61862451770959503       0.88188072161684894       0.63180267872882578       0.63542576174189114       0.94822480658316854       0.65724532562083826       0.69419459145528728       0.64499832435632420       0.62280859126895594     
   1.2424748217815806        1.4160634086333201        1.4211175905459186        1.5172203336215144        1.2447147807582810        1.4341359172897137        1.3093692612930108        1.3996066220769299        1.3597733517716597        1.2374845550278155        1.3502876963594588        1.1325782772385036        1.3715529282457359     
  0.64179336958598510       0.78739498544814646       0.99695657571591656       0.70307098694949888       0.64823041958634542       0.89837951516849057       0.66130681949869730       0.67012398773792836       0.95398896984510428       0.67008719533837013       0.72063018805541379       0.67349423025582389       0.65573553906859983     
   1.7501161886233370        1.3749668629468010        1.2310257409699035        1.3223201575009589        1.5329674732512455        1.3108415008266787        1.5137232899070701        1.6197323327524529        1.4380324043779318        1.7155238407098312        1.2480108069123148        1.4153790648723494        1.2098876682887787     
  0.67495903695975878       0.80573666994672266       0.99750054590504222       0.73847957277844700       0.67864819840710167       0.91336397076310927       0.69028752862399556       0.70367474297100330       0.95934837666534434       0.68385226120940679       0.74565733216678254       0.70125325444818665       0.69009887751665999     
   1.5304885578831924        1.1799854181233917        1.2802711913484619        1.4406729867207595        1.3409017816527435        1.4403053240277632        1.3611549788212021        1.2336801755818807        1.5109806863958133        1.2532963418252232        1.4248757484508368        1.3081051206836196        1.4375818882421862     
  0.70712172932218198       0.82341431794530628       0.99800313917519345       0.77124828256585531       0.71210751950524731       0.92741800407712127       0.71945467475504854       0.73272672463877409       0.96408558880976247       0.69786061379951492       0.76896506749491789       0.73383347540086341       0.72066028343696431     
   1.3262027812842025        1.2543215822938298        1.5510253166916899        1.4566814776271271        1.4580351360364932        1.5441360045657391        1.1846536364972211        1.5087757064152794        1.1339545026178119        1.3211156920036198        1.3512238712539075        1.1519811791315335        1.4156727884046820     
  0.73774344894187982       0.84245764097561204       0.99837459170762755       0.80238164846633875       0.74431012717904221       0.93999656750070748       0.75171609385772420       0.76026432581510528       0.96881562968045432       0.71298617803599884       0.79459886277618175       0.76988417421337518       0.75143046894840682     
   1.3185818249169756        1.3719797866578087        1.3157098468302826        1.4536045686080419        1.5228422394011127        1.3742358595372570        1.5391009551415720        1.3261220139366581        1.5096055670679727        1.4401557490211263        1.3815794338707215        1.3211108611355347        1.3254611575584854     
  0.76982762259293191       0.86160814957377319       0.99872378287082697       0.83103816339424230       0.77457041527395187       0.95061501801710713       0.78242644151517671       0.78904243925400019       0.97319036809719894       0.72962355674945945       0.81635546231438261       0.80224666364567665       0.78754629386178554     
   1.7598227850425758        1.2757173022023673        1.6028985800868998        1.3491279760512631        1.4833051732008067        1.4163071748510627        1.5623464122072683        1.2793868571790121        1.1432551411805416        1.2844577441959231        1.2094770255730312        1.6238626033407024        1.6354835715632483     
  0.79918376383782541       0.88127053190700100       0.99897424064283213       0.86195328063330867       0.80579853553499681       0.95976457390824610       0.81373925507795097       0.82172276750238793       0.97704394761722080       0.74636368023887179       0.84575909189993237       0.83393121890860489       0.82176741444951973     
   1.4958697221606860        1.6239022928810734        1.3929060065451793        1.3837732094967317        1.5250371203807183        1.3585441990547154        1.5460206332772091        1.1611871750191076        1.2883908834812574        1.4554368119718215        1.3394920740319960        1.2499065254804180        1.3258331984882636     
  0.82947376341068846       0.90054431564162951       0.99921201446538477       0.88684371349949775       0.83793932320494002       0.96814274067605854       0.84510744928545112       0.85440275935769106       0.98105525206939981       0.76101492071408483       0.87035611974007077       0.86498975819269874       0.85371402462321033     
   1.4773759150344192        1.1627072803742915        1.2938524219707994        1.2738097683528042        1.4086079066072139        1.2717542639745067        1.1207314231931043        1.1721812925536916        1.3338361339177105        1.2235174070503851        1.1960796176573818        1.6383860348416979        1.6084102736863066     
  0.86110519405229147       0.91958522032766199       0.99942072415719951       0.91339378357118151       0.87159540210865694       0.97605346890555411       0.87576707162563616       0.88528004423280349       0.98505819155231034       0.77980528744723843       0.89707632589131792       0.89488381002850681       0.88547934337493095     
   1.4134942033561462        1.3987528037398871        1.7879907445842542        1.4719445603257044        1.7652261704658214        1.4441540851200243        1.5243284389907286        1.2527366472300874        1.3688943127530508        1.2371926967151565        1.2956208230252528        1.4198244050262598        1.6036711580320642     
  0.89294171158905578       0.93656923803108616       0.99959140728801221       0.93700380977078912       0.90558111641958194       0.98327436883304964       0.90567597566362357       0.91486347320512129       0.98881244305187621       0.80176396894230439       0.92375277193446115       0.92300761171332579       0.91651082646810089     
   1.4549323523011362        1.2156201094828571        1.6240737909511074        1.3837938216564312        1.1246971177925200        1.5999604867299451        1.4496871931217898        1.6349161302896977        1.2252598405627946        1.8581982363500702        1.6574818285772572        1.4184858461894929        1.2841582289417923     
  0.92657632545003388       0.95469686949673827       0.99973916039449451       0.95852702497478770       0.93812126958406483       0.98893379807212967       0.93720319813945530       0.94368874830171545       0.99215417302634112       0.82385433008564057       0.94911685329204687       0.95055264636738301       0.94489437428620227     
   1.4766953309682984        1.5439023054674412        1.5775146849580299        1.3131431711240642        1.5455811247463933        1.4229058989821775        1.3898627579268652        1.5531296612871264        1.3264618952511364        1.3172958991009751        1.6215289930288090        1.4093007976597027        1.4009912813817098     
  0.96309293332352330       0.97688170370286553       0.99987400133497595       0.97913255708094793       0.96997310186807550       0.99445228036449917       0.96765131921041503       0.97233572901584286       0.99589773707781726       0.87396679714514602       0.97315107028612657       0.97573128011527521       0.97181920851680448     
   1.5131560565167408        1.3460066727027633        1.4997352432048361        1.2955815337541068        1.3964789048769923        1.4537624784540473        1.3335712600071401        1.5383334345682727        1.8798176708775558        1.5646818540184697        1.2755755908483648        1.2465143702001102        1.2453035326688291     
   1.0000000000000000        1.0000000000000000        1.0000000000000000        1.0000000000000000        1.0000000000000000        1.0000000000000000        1.0000000000000000        1.0000000000000000        1.0000000000000000        1.0000000000000000        1.0000000000000000        1.0000000000000000        1.0000000000000000     
   1.2110119416182061        1.8835295609178764        2.0093255911313590        1.4362161473179496        1.4231217306999542        1.6208949568685169        1.2706276730836368        1.3392562333446636        1.4497091737838661        1.3028019914714535        1.3817308905735342        1.2561331788683181        1.5320365055343148     
   46.816984698466946       -13.085167678927744       -11.616548010652908        36.194452159230842        37.279631487161794        37.305841329726668        35.126298003005353        34.384143411748155        24.212054487359524        59.225867332217376        44.261405166696072        42.549709842238066        53.076129053408778     
   54.075808015142783        52.055105343058415       -18.626136637285139        39.200295362521366        48.411386309291444        52.163430611378935        32.661850011894124        51.028331817037461        8.1277584033718444        66.383968165659581        42.514671244022111        43.451968483026675        46.330134387037418     
   44.662870803424532        62.843564920827788       -7.4674354902672979        70.728676234321512        36.254743653390186        35.263348514837908        45.088614159046529        45.858439664932483       0.88076620961548890        60.117126125304559        45.108579371831730        40.122086871013259        52.094478837537288     
   43.937046417983993        62.674106664097181       -3.8549251779336551        57.940385717286809        53.049509008653914        49.450334225263390        51.890512066194844        56.363277558182148        7.0462089239982255        48.882699325970528        40.385643858980693        42.039414420879432        39.622061117132802     
   56.465530086602683        64.886687199768573       -10.467266096829743        59.361430346488007        49.120511619916499        44.924650519746365        53.672537307136530        42.148169456818842        7.4378164881233060        48.969198025139825        52.641654537483859        42.001809024611752        41.538172017327128     
   48.099381018455425        56.817069291834983        3.1396767468175444        51.773689031858183        54.190876063754544        51.175856251054661        45.716005653030962        41.728478827921556        21.673758457828981        46.237020574204855        58.334799660522094        49.114309039062100        52.685021557568831     
   47.801982474777091        37.144966001179085        11.792534735022807        45.466975520681657        53.570755135381830        44.798132196466689        53.648118735893355        60.544559182970033        38.940271216754020        53.421198188638215        48.449183834040490        45.301830369554985        52.446941223601250     
   42.095782277947826        25.321106050802708        58.940118589941278        29.071962027128716        47.276650935456018        55.500675027923258        55.906080397233389        48.506368076049611        66.647603557754024        40.370583930356482        40.349707154286101        52.313178231701578        49.427884961128399     
   12.503833917912186     
           1           1           1           1           1           1           1           1           1           1           1           1           1
   1.6672573200461622       0.36165579914786755       -1.2749254669441250E-003   40.739974584237480       0.14269174379612484        4.4521563695879777E-004
   2.9673818816741526E-002   2.6233683431061076E-002   9.1019802229203636E-003  0.52632262832583354        9.0801011063121537E-003   2.5977037264777532E-005
   4.4674065519493697E-002   44.472992548679102     
