   0.0000000000000000        0.0000000000000000        0.0000000000000000        0.0000000000000000        0.0000000000000000        0.0000000000000000        0.0000000000000000        0.0000000000000000        0.0000000000000000        0.0000000000000000        0.0000000000000000        0.0000000000000000        0.0000000000000000     
   8.9985748899376841E-002  0.20105351939094340       0.27748458020491790        1.9881031007802964E-002   3.3887052838877302E-002   3.1907484754966013E-002   9.8546912014184380E-003   5.2672164420341165E-002  0.49071264296202222       0.26383614783287307       0.13964813097616249        1.3099578226528533E-002   3.0594523592958695E-002
   1.1258272955748436        1.6888770143498817        1.4617692206362367        1.7058465123863198        1.7752333885998399        1.3710348672746164        1.8384857064705851        1.4612976225085412        1.5349750451425925        1.7126336363900085        1.7776989209648082        1.7008356437978924        1.7882438484966621     
  0.14856006977243433       0.37366567541387452       0.46241677194683672        3.8883021270214771E-002   6.7992882948772912E-002   6.1978976310000898E-002   1.9875185600257653E-002  0.10331074921870158       0.60020597813001375       0.31736206985549820       0.19576245052737187        2.5746410716537091E-002   5.9518183957004409E-002
   2.1004910626616011        1.8393182658951648        2.0400272978650849        1.7378426429426408        1.6414224681714977        1.4975550353355132        2.1915704799944193        1.5576054513346846        1.6832956370676031        1.7245408324173819        1.5130432420838145        2.1827812756373217        1.5532786043140421     
  0.16657436658066305       0.50947237422710978       0.55357585721448976        5.7918654936683626E-002   9.6157156340683073E-002   9.3571256766794064E-002   3.0135451897709400E-002  0.14620015016621393       0.68336608107271035       0.36580598861216795       0.22690492568175386        3.7758441098410658E-002   9.0727054616755690E-002
   1.4232222306990270        1.6788224826336071        1.6146713783211439        2.0594611614253320        1.6081555303786788        1.6147083034450225        1.9801554061187909        1.8543711522054338        1.8482038471224302        1.7757825752867524        1.7378690405735149        1.6261580804324238        1.7343463541295705     
  0.18838543167382343       0.62412273246500516       0.62152256729043642        7.4387132393865907E-002  0.12705416276068987       0.11895234058767867        4.0874256298854460E-002  0.18440324736759484       0.73094854131767151       0.39622191278682456       0.25470099281668029        5.2450300124216996E-002  0.11877053017373193     
   1.4342445348476043        1.4477453764440600        1.3812475019606225        1.6038496238468920        1.4885671166701617        1.4479273416942675        1.5869196852658922        1.2959996660630810        1.9247321064850307        1.8042102136193336        1.5882064199606938        1.9098428927601283        1.5088360990293412     
  0.21240974581019284       0.71067199707880191       0.67779419693066834        9.2230632477773966E-002  0.16053436742257257       0.14349728093879838        5.2476001531929398E-002  0.21948714350087853       0.75938764079697252       0.42310894736975652       0.27971686590678796        6.6970416257799370E-002  0.14709237366869082     
   1.6401247380987445        1.5835046014719965        1.5699918888507520        1.6229567620002752        1.5278940811105415        1.5172571075328234        1.5763208395792045        1.7476011671872775        1.4712667607212810        1.9931030751477452        1.3934180875586901        1.5681375495535665        1.3572564470027906     
  0.23707706111983465       0.77919691996571294       0.71482752026009277       0.11038747583072037       0.19675361368323904       0.16854134326785281        6.5724755120884451E-002  0.24816828001902899       0.79035611108800552       0.44650869521448916       0.29465590606358055        8.4823248566068710E-002  0.17688518440744608     
   1.6275703557036805        1.4645523256773123        1.8992175722785529        1.6920000719679034        1.4423888885881626        1.2218800074482734        1.7522064515765745        1.4813741106330041        1.4113916648045519        1.3762549130416419        1.5842396355017137        1.7398587109164376        1.8498006836401648     
  0.26249362024211426       0.82978994568044773       0.75100800806079593       0.12902984663310088       0.23193143128463739       0.19618626907421699        7.9313227586712401E-002  0.27374290839181303       0.81401090287282885       0.46693790822605796       0.31896438276245098       0.10430395557271137       0.21021382763574661     
   1.6598233692516355        1.6058745169155217        1.5967325382865647        1.5607859717054493        1.7948841977283760        1.5117783707686598        1.8742077560567472        1.5453295229561776        1.5416935699187393        1.3660029540645906        1.4329707498505091        1.6088233614876242        1.4645806542301549     
  0.28799433380102674       0.86736870282509282       0.77657581471866033       0.14855530520994606       0.26432093606736873       0.22751309338491896        9.3758096517282827E-002  0.29733219167160008       0.83452986737313983       0.48693895232402384       0.34540908526149738       0.12375014007557207       0.24526615307088237     
   1.4248842932709995        1.5074792745040217        1.6881427772000324        1.6546402652267949        1.8610667216886403        1.4516973104351363        1.4563875912717696        1.5752595332047343        1.9331474608975141        1.4403767867764323        1.6389093597047126        1.6314452579829277        1.7961913113934000     
  0.31298167915880809       0.89578887534556995       0.80417560618580397       0.16960137454011909       0.29642548917899819       0.26066978587579598       0.10653434056870413       0.32002182213038910       0.85145740405517290       0.50884364282036942       0.37175269553184509       0.14270875156764151       0.27490592885244552     
   1.6554542769258977        1.5087879183883168        1.3742222765570982        1.8616469421966955        1.7742345023010313        1.6859980114558695        1.5586851275006588        1.6629980477028534        1.3315345610091560        1.4894025641050688        1.8326266453538627        1.2653822625945874        1.6189563028283309     
  0.33714086147689898       0.91692828316123232       0.82677935549431947       0.19100462487627531       0.32691221392444764       0.29237977910051061       0.11931122774036222       0.34415295522345102       0.86666884354672924       0.52998173452687147       0.39876765421908744       0.16379383920206766       0.30336145571881556     
   1.4537541598319499        1.7095504631633631        1.2528653700971102        1.5048768696324910        1.3407192060005837        1.8767908722008717        1.2594350723933552        1.9248853363235057        1.7169267059154196        1.5347341191623314        1.3988559792145410        1.4983496496555149        1.4582598181415012     
  0.36267977191566780       0.93561272530172801       0.84830560887712825       0.21555133287856554       0.35853785842675318       0.32341695049940800       0.13328930100327166       0.36873077613838029       0.87996319335218831       0.54813631288870535       0.42682920860076484       0.18675548099006609       0.33161048457786685     
   1.4726267265498547        1.4069575067285869        1.8059966114968866        1.5140791294731759        1.6102874596333314        1.5501235376141600        1.4735362685341242        1.5434790768157143        1.3699165120567962        1.2450194655233551        1.5922343053219041        1.6604691250535584        1.3460543699461489     
  0.38741175061059113       0.94843941961182510       0.86397217567082818       0.24590052521755182       0.38947370669827813       0.35566204868976303       0.14891992616711303       0.39212635471721924       0.89302942307772759       0.56628914870229807       0.45394130868942467       0.21765437718803415       0.35786933237849755     
   1.4708550983766937        1.4627837867679054        1.7012307315626123        1.3566324702864481        1.4316205404067479        1.7892536814986151        1.6410610270484405        1.7883365505695321        1.5759528338559317        1.4784011261533212        1.5092083108923835        1.8873851806990121        1.4766010600418262     
  0.41623783253128427       0.95912224618174435       0.87821064250076841       0.27583447985897369       0.41357809964319175       0.38588212154072832       0.16452494149915461       0.41651541979549700       0.90375763156333588       0.58346639956678059       0.48124137965807140       0.24928687323192980       0.38788026146232135     
   1.7539849756365982        1.4626081037281489        1.6147096523245890        1.6125979525161764        1.3372425816697529        1.5271772099631264        1.2160443170903643        1.9513787643102514        1.5325312319967208        1.6789731444438314        1.3983330427153471        1.7640895189593071        1.6357775223847746     
  0.44139937089853587       0.96645157282674499       0.89052382996886237       0.30454509563124238       0.43963026502126790       0.41707814301232227       0.18112065417131912       0.44402416650548726       0.91402554798266877       0.60075984860122666       0.51111708549361012       0.28494275828848992       0.42078559138452060     
   1.7848851516489754        1.4340603447456788        1.5949011199475307        1.4474369928938766        1.1588464475946065        1.5391669822438248        1.4965625706538388        1.7148323374091108        1.5152190562704191        1.7505458337648299        1.7774505689859712        1.5933394429656156        1.4697564036197397     
  0.46745062785216990       0.97256891160108583       0.90123252404963605       0.33206300631090518       0.46566821635617794       0.45020888015912541       0.19937858117469220       0.47618911273446962       0.92269287628638419       0.61673051312006788       0.54272083881380051       0.32040690122120380       0.45619544096705145     
   1.4350811867298003        1.7921775943354250        1.5254713918113116        1.8507870025582560        1.4029754415978950        1.6205156912919578        1.4442065226351122        1.4946204176356477        1.4296626599500228        1.6219430157632222        1.6024943636149629        1.3974930489098860        1.7208286300261750     
  0.49282608444218801       0.97784865671220755       0.91104914144422267       0.36483937969168656       0.49121982573609835       0.48387840581303465       0.22073122648007812       0.51125876514493962       0.93057029686303183       0.63270588110210257       0.57558512972187936       0.35728442908536551       0.48974050468239316     
   1.3468212395677475        1.3983080362582618        1.3175814575403935        1.5371595546715677        1.2613063366179675        1.4568365248545101        1.5453369954280542        1.3885154000568622        1.9909490582790346        1.5398067177279955        1.8091947105612518        1.7457935423048709        1.8092227544343362     
  0.51925796433363891       0.98191393711774877       0.92054488393215728       0.39972001903484672       0.52157375835955144       0.51750254617550784       0.24438521805829466       0.54316212218671078       0.93748286973706696       0.64887754377589657       0.60734660429642362       0.39442347821735751       0.52517582784069006     
   1.5608976164417232        1.5228613351809479        1.2017257305752034        1.4613416241591182        1.5495673206109752        1.6860895999376051        1.5039980421062404        1.6700532251893554        1.6955523671047095        1.7861181077439965        1.3391383857777985        1.5505041509995838        1.4718615116267508     
  0.54758654274023855       0.98528358740739252       0.93164847767071746       0.43709724125176941       0.55088990933367243       0.55167565438664068       0.26831531199064335       0.56758371227597482       0.94422241442152344       0.66434120435806054       0.64103148238303287       0.43009533256168819       0.55612531927573083     
   1.8907341913171185        1.6573378392739835        1.4236717591769377        1.4747446790183976        1.3345803757930672        1.7946925552770170        1.6320954153711462        1.5846280809898512        1.3040699457178218        1.5531631311851863        1.1942550787021309        1.6731978473825573        1.5688315940729749     
  0.57771152178231078       0.98798973970716220       0.94151273592224949       0.47404671390729064       0.58092360948097954       0.58589882702981533       0.29594208012509904       0.58997248938856661       0.95067574199262295       0.67881596122223731       0.67166441027426471       0.46615110557515022       0.58774298442536588     
   1.5838649829672229        1.4431666464564572        1.8732932419258874        1.5241474127071484        1.7183986824968542        1.8122073186746768        1.7250500652013177        1.6792168148406854        1.5652946833771393        1.6619773376747093        1.6336364164449080        1.2922257851178258        1.6296831869597612     
  0.60844795259727436       0.99046587285294230       0.95006638092491913       0.51426934699758653       0.61361526481676554       0.61765174663312206       0.32179279597200361       0.60901542832053557       0.95676693565029947       0.69299189829725916       0.70408179970076545       0.49951790357366160       0.61936312520470660     
   1.6689737973695189        1.2802951606802706        1.4116911200855242        1.6590974159237255        1.8659456878530776        1.5380000622623051        1.5982155547997683        1.4946779183310539        1.5353557523607311        1.6107478575769894        1.4235595866797228        1.5267863720518717        1.6286244824156975     
  0.63778083098833549       0.99232686219132538       0.95825192469698817       0.55361797312770211       0.64485498243442674       0.64954310305257790       0.34913333220041010       0.63127964379069890       0.96212455548313325       0.70875579899243579       0.73302496276039208       0.53320887046374110       0.65039580343774850     
   1.8239166901284423        1.3691734924302825        1.4357934504881424        1.3594382122903734        1.7855405773026183        1.4003673444023841        1.7128273272591643        1.4948913366569985        1.5363587677881552        1.5717555189551209        1.7687251655569021        1.6393743027823025        1.7346669816898723     
  0.66504645840763310       0.99389325624549418       0.96505683479686588       0.59670545398943065       0.67349403953223941       0.67713859584003000       0.37718220010480524       0.65446209113933806       0.96712238358111147       0.72358668785051083       0.76194379594387351       0.56753893139952760       0.68010833766060053     
   1.5645386943142199        1.5406816240764063        1.8238201909403908        1.3943854911803215        1.5386890082751912        1.3518913070011565        1.4483801657426076        1.6773573866903415        1.6892407626514765        1.7293680173985595        1.5343059691216483        1.3717598973319787        1.6171561809036490     
  0.69189055277234490       0.99514549780423645       0.97119354740054853       0.63927519499570584       0.70364292567552744       0.70900106168855703       0.40943736914317996       0.67965457225137471       0.97147565218767296       0.73661217630723264       0.79137185932911036       0.60304211052406664       0.70957731200806218     
   1.5742374308805223        1.7085229236489019        1.7049595489768981        1.5757344738716330        1.8274959438371980        1.7441269248441345        1.4288617703196134        1.4568002797959070        1.2751980331727746        1.5932638773471606        1.6292632045344553        1.4137759227324158        1.6473134664247606     
  0.71910664742858077       0.99628764479206677       0.97622055191404278       0.67812611835908609       0.73428684416580003       0.74092241640115919       0.44830411434587231       0.70500784905710667       0.97521506796484203       0.75054980047526410       0.81990840345509464       0.63877096192484850       0.74142333969381513     
   1.7087212263402876        1.4343551855697338        1.5559851681733654        1.4017146496071156        1.5372536301374122        1.6052487416791366        1.5269629539961047        1.5752184135286962        1.4608127265425583        1.5021401029680272        1.5063053843058429        1.6276124500336122        1.3784328503629240     
  0.74864903030903773       0.99715329273663822       0.98149556768496893       0.71344515781653428       0.76961216210450389       0.77411556432929385       0.49199742501105886       0.72836750035373032       0.97869855929386063       0.76400311329343695       0.85256621953482348       0.67292808146833583       0.77751829489703084     
   1.4457022855303865        1.9302209273056885        1.9426549065298331        1.3050502730974705        1.8464138381034374        1.7341805421861314        1.2485085461626604        1.4326585588196792        1.5243751148534870        1.7076845675471639        1.5695550167034480        1.4647745510998647        1.6982097655893287     
  0.78049566105509594       0.99789622678113088       0.98607002412311628       0.75058520782305915       0.80328743252500312       0.80609442410243459       0.53729447092439231       0.75514570727879382       0.98217018346090401       0.77662528009592746       0.88074770572467675       0.71138626538592475       0.81348013131418040     
   1.7990492549709194        1.7506159696118049        1.6144863829586786        1.4494341104181103        1.7261474173496592        1.6582837544305844        1.5615775809832309        1.3726333424103476        1.7365408401929812        1.2807143489437001        1.4924434936993829        1.5643212014433294        1.2030203366019352     
  0.81256541697047302       0.99851401026763664       0.98972784418138593       0.78544150705900706       0.83500446063084144       0.83862244877508163       0.58683003765153563       0.78219158336846284       0.98551492792880557       0.78962662931006899       0.90597703907100624       0.75560949076941186       0.84684807929096773     
   1.6004559172871036        1.6959498873132399        1.7227404136968993        1.3409424120177322        1.7457422620538487        1.6489172159783376        1.4842767917512285        1.6041818045403011        1.6078461053447777        1.5854689706151199        1.8283577943106668        1.5769703919317437        1.5143321350460381     
  0.84515774521931997       0.99895477163002699       0.99265083400859633       0.82435486603503727       0.86908700561195029       0.87243174871600282       0.64099179326320099       0.81211535610808028       0.98875301862512155       0.80368345610701286       0.92924134551822934       0.80301627801967135       0.88039230833876958     
   1.9018510190168403        1.6717788916852754        1.3295872172967134        1.3859881660894600        1.4515032001411865        1.5636987220209217        1.6112701900298521        1.3211138161510203        1.6982473634619819        1.5058090614635273        1.5616785439304453        1.3675233402135898        1.4180372079907260     
  0.87508749931010565       0.99924666931575756       0.99492122973761721       0.86951707762594233       0.90143087657513099       0.90571008890550164       0.70034205443211717       0.85028740612037612       0.99192665287935478       0.81953242648334212       0.94838981018295443       0.85264029449859702       0.91258224781721786     
   1.4197591097254443        1.7939645344665105        1.4436579893705075        1.4851396809648905        1.5454655974170677        1.6759485917929997        1.6161070878598929        1.4215414529748858        1.7160496357479673        1.5042954699643272        1.3671445711693873        1.5970253657016138        1.8619052900331146     
  0.90184498564836657       0.99952552883023238       0.99675288720449928       0.91342868479010697       0.93433491193700169       0.93770466095763050       0.77475109922176766       0.89129391729157514       0.99468485137256601       0.84443600172710220       0.96559612616629631       0.90178069393211047       0.94236514209881628     
   1.7209047506781310        1.5257681695161636        1.4729125280446473        1.6801955512999174        1.5905765173519739        1.7582524711262242        1.9277363409081245        1.5961979170354077        1.4705306388093982        1.5325058731194656        1.7348284881159812        1.3847667818922216        1.6154244188433344     
  0.94337308480032211       0.99976276441511625       0.99842201969922206       0.95900995142192258       0.96655682974415658       0.96905692371216290       0.86293181139376851       0.94744648355503580       0.99735693203515852       0.88710968711839799       0.98271655637660182       0.95140141630269881       0.97057314294496555     
   1.5758031296620365        1.5703514716189488        1.6828133329476012        2.2270165557604158        1.6326317857377965        1.3746576933943977        1.3665044449231385        1.8147083570431926        1.6538729653316975        2.1609226112139166        1.6881086169442789        1.4502244181024579        1.5156661127774922     
   1.0000000000000000        1.0000000000000000        1.0000000000000000        1.0000000000000000        1.0000000000000000        1.0000000000000000        1.0000000000000000        1.0000000000000000        1.0000000000000000        1.0000000000000000        1.0000000000000000        1.0000000000000000        1.0000000000000000     
   1.3371000281091852        1.9980173543931656        1.9837704908428941        1.9833266254278887        1.8314021136922725        1.8368326252662179        1.7530803435382789        1.6909200950816439        1.6312440301861049        1.1836089117479200        2.0700205078790352        1.6611608336529526        1.7819879709763460     
   18.190448536460508        1.8063759037741716        5.4457634668933697        25.459119403392151        14.738715307615497        10.469835913614153        5.1498486062322897        13.997710583929070        0.0000000000000000        31.069509760640859        21.608244532137739        20.357123465451195        17.705536466586590     
   33.963583684292217       -15.363524035582699       -1.2697866860580018        15.357022201262776        21.536073150678764        22.975395686063251        16.981435873179691        19.668974476879761        11.924765484030404        22.795929157510599        29.784748511304478        25.097617481172907        28.091599611865629     
   31.157645153218997        10.953869503351310        10.830768336168211        16.098723607038504        14.561289397501540        22.003151108220436        19.938548808715755        21.953473583610446        10.555451705949551        22.513067648912571        19.246917508996994        11.425211913452365        15.295835727544748     
   19.765156959895975        6.8580988148095088        19.916985113452171        19.687122822984037        16.868683243506801        28.227376241863094        16.294975503079687        31.217940369776830        12.808933220713172        22.196941222430333        24.608529158503373        31.733930831276737        25.924075869727531     
   21.093449280238417        2.1888101385392189        11.514464826581447        9.8980778796093603        16.928892011447843        13.245424721661056        23.038316243406360        21.146698830293147        10.686593395704513        12.961038229330466        6.8253154260329607        37.805203251982668        18.179779668026853     
   14.613289857930853       -1.3106816456482142        17.963082515013770        30.640507968344696        25.574066119644829        11.790934479517825        20.913517747349143        21.615315603043907        14.815318976623388        21.723978222011119        16.409551004465939        13.679493570021723        35.561053814951208     
   5.6921905187378066        13.089434279604029        15.347903439871828        30.904751037701004        10.655789187076229        18.151571137984305        20.183167103358223        21.238485705735044        8.7155164975640886        22.493161057887892        8.6498495970939349        14.336256713669121        4.3119934284294956     
  -6.4698588239410331        32.916650747525004        27.136071006104345        27.724306838758650        20.551141157216591        13.258288629927005        21.636347417284085       -13.948081760833855        22.914697731855515        31.062947271551081        28.915658223530929        13.849842368806124        19.668085004311042     
   7.1411181037262352     
           1           1           1           1           1           1           1           1           1           1           1           1           1
   5.0939529229389304       0.39691347083387246        6.0948766106426137E-003   19.160653657660173        9.9267512268872732E-002   4.4948031443857891E-005
  0.19804340805901816       0.17435000461141623        1.5375592837909324E-002  0.92921364945679041        1.5373340337381382E-002   5.9449748065683516E-006
   5.0000000000000001E-003   20.133707697584221     
