   0.0000000000000000        0.0000000000000000        0.0000000000000000        0.0000000000000000        0.0000000000000000        0.0000000000000000        0.0000000000000000        0.0000000000000000        0.0000000000000000        0.0000000000000000        0.0000000000000000        0.0000000000000000        0.0000000000000000     
  0.11863327474714322       0.32049270987155742       0.20347016917280655        2.0671670808171391E-002   3.0671372876315755E-002   3.4013330696418619E-002   3.7073500306220843E-002   3.6461990653052383E-002  0.39824007422210250       0.19791463305082360       0.17384192432008416        1.9398991074397579E-002   3.2083203635095675E-002
   1.2347891438359930        1.3035693606157976        1.8685609568893011        1.6060737480907612        1.4054146776228589        1.2966018242545820        1.7744640998513872        1.3592791570920320        1.3952168949319248        1.2907787273696762        1.3824472435421122        1.2341840111640630        1.6020571303742084     
  0.18236788980930393       0.44720254305829538       0.31068179387816219        4.1154278989288848E-002   5.6076948862452958E-002   6.7031544851098065E-002   6.3809488068471476E-002   7.2049480350873496E-002  0.52119129272356979       0.28395888431900884       0.22432363168476294        3.6659671828817041E-002   6.6186113720432135E-002
   1.4677851391353849        1.3464252879620455        1.4373378056231314        1.2520583103552796        1.3225815913890753        1.2541059739405671        1.5480487571000818        1.3344804200237055        2.0187109808118757        1.5905661598397931        1.4106256053916559        1.4674430506966061        1.2997591208505144     
  0.22433970353027818       0.51930851965656255       0.40002916585430504        6.2860019083822674E-002   8.6993816610977520E-002  0.10271530136404042        8.8610179487514262E-002  0.10825844784224750       0.58355367931857394       0.31309409888712747       0.26649365454309470        5.2481551210746880E-002  0.10036514621654863     
   1.3463661524543149        1.4910668859371810        1.3620241178470269        1.3814723238164859        1.3779052778966190        1.2645668587933618        1.9959882386487919        1.4989856746974728        1.3995469721295564        1.2292025550893717        1.5375314470069701        1.3297874933074014        1.4293414536953857     
  0.26813084634721412       0.57724141028328013       0.45363455994311530        8.4597927706453191E-002  0.11938272582450563       0.13233731607643123       0.11440757090576870       0.14236270896401032       0.62927730203804866       0.33931516225531866       0.29711574809359798        6.6797059408520418E-002  0.13823236457245097     
   1.5083973843600351        1.2172792864408635        1.2539615684763927        1.4514833559138682        1.3295726879601373        1.2486192206110867        1.1997387787091813        1.3667753332941359        1.6912259258940201        1.2697649349932025        1.4667547811669377        1.6150680273253986        1.8044174267637629     
  0.31204626763781473       0.61926656136420077       0.51815952189260828       0.10565322542074054       0.15182476230511904       0.16472525525574999       0.13970702177352060       0.17186835522102004       0.66092921050416398       0.36325204981314418       0.31598865154922434        8.1601564761853845E-002  0.17244402300438788     
   1.3054139127226818        1.4091845978816144        1.4783432658291422        1.1499496669940157        1.3409537272780290        1.3890622954936793        1.4863220761409182        1.3729375427291006        1.1646317810728155        1.4617825705958218        1.1593563861677327        1.2677210649329518        1.3169646371048074     
  0.35451683088865144       0.66115387809766468       0.56840127709835897       0.12788642617253837       0.18539459523798285       0.18884713518941396       0.16373119183132914       0.20056242397459867       0.69153672749892781       0.38797792616426324       0.33635276671261077        9.7962113742025334E-002  0.20308411992718664     
   1.3222438375245267        1.5065618231112659        1.4183739084117410        1.3354060421590577        1.3805313990717685        1.1968895368055055        1.2266761377617244        1.4941832123837002        1.1523625329646281        1.6534954556607251        1.4822616045318622        1.2824361040126573        1.3495046021457300     
  0.39683030331679364       0.69501626217346646       0.61348043117568019       0.15111226279848808       0.21562820140939593       0.21875863844159940       0.19170322733621128       0.22910979871420867       0.72014217986865425       0.41029414634170219       0.35857799438370730       0.11745104877425867       0.23499355682060211     
   1.3309479929089472        1.3017523864636416        1.1517556377174392        1.3429563326561267        1.4558796829629761        1.5001804535966188        1.3544904009170846        1.2007381466289695        1.1109190439947536        1.2477351149358138        1.3790069488918695        1.2763953787815423        1.4215334218583562     
  0.43774988169671292       0.72574372496103812       0.65745753127268458       0.17571245043494782       0.24786074086558096       0.24853396737382388       0.21886891361958330       0.25724536910636064       0.74095810813088592       0.43604025623357023       0.38023470060936831       0.13999309197161022       0.26949157642358379     
   1.3845106754179510        1.3118808314269672        1.5121420352691128        1.5294602253044374        1.2352408626493530        1.6078417520023023        1.4644059467506905        1.3791265424383485        1.1495069877677688        1.4523229278608445        1.3896997512756899        1.7203330576674298        1.4718063706459603     
  0.47260256997132422       0.75358338367467281       0.69517672920558971       0.20295768248751175       0.28049514270105330       0.27710059482845412       0.24254308292152735       0.29058269871455228       0.76204678989450902       0.45876354437223077       0.40000855130425578       0.16352366041365610       0.30648019545626487     
   1.3510595295532202        1.3461192145630327        1.1617845852161932        1.2052804369391747        1.1903194521349623        1.2819798202778865        1.3427748998531046        1.5792459560499874        1.2941838745226637        1.4644219816033082        1.2842218711444096        1.7738708140714017        1.4901190663455230     
  0.50624137648679235       0.77922604035179499       0.72765587008313259       0.23079481496144866       0.31554779033060271       0.30785247026267082       0.26816495100347520       0.32048955597885320       0.78045879434639764       0.47863986511818796       0.42070290901425250       0.18769981939979910       0.34478805410858621     
   1.2587658536557136        1.3640556587752988        1.2735287095145260        1.7079178273905082        1.3166434454994349        1.3078001019217653        1.2296447383456721        1.2368731378511713        1.4429705980998377        1.2133916987912607        1.2992125784369901        1.3658655374863866        1.5106725490955308     
  0.53568053523914716       0.80349888261041358       0.75818260564069917       0.26113013601342905       0.34849630374683105       0.33851181980479661       0.29221276602229046       0.35312756047668076       0.79744152221298914       0.49528374789785706       0.44301253085174358       0.21475087755904337       0.37628602081961909     
   1.2716554693453974        1.2854512551407704        1.4420548448943276        1.2982021029648001        1.4342215935625706        1.5532440216426067        1.3703199939631674        1.2259608618110782        1.4702092393062187        1.4166074286902515        1.3199816820172618        1.3646039414377102        1.3679793812187497     
  0.56705830985476036       0.82557628131101912       0.78110142239160352       0.28658049596285406       0.37799361460165337       0.36876598463562127       0.31753344454406679       0.38220454519456687       0.81313316625042986       0.51128778989312085       0.46523403081918907       0.24362691755645960       0.40319001550132783     
   1.3358121370762148        1.5964230083775419        1.4582100945517484        1.4959189215345876        1.3582397369001686        1.5274548009280475        1.3143647229110089        1.3039386181856210        1.3632630349457995        1.1912983000238122        1.2274688294047842        1.2275471241260036        1.2231009157209201     
  0.59809877660525557       0.84460278770723318       0.80111698370587781       0.31501759924206124       0.40805192706528826       0.39957039725717297       0.34177665153171433       0.41222448470666062       0.82761762546905360       0.52687979952447661       0.48936114284179305       0.27406599484980004       0.42979473413447072     
   1.0881597649412884        1.3755973576244775        1.1527846663973176        1.5403109292605481        1.3038166136043274        1.1755290798218532        1.2577421480013842        1.3565938467239567        1.5696711979314935        1.2126053552895186        1.3750172756693837        1.5971575386365924        1.0815024311168056     
  0.62920434745899212       0.86097996191421944       0.81938039859212097       0.34757759106203051       0.43866607564877813       0.42707870372217899       0.36587951633830279       0.44425570465952025       0.84170597928832147       0.54381641920833934       0.51634771180657024       0.30400847477644000       0.45703636492957211     
   1.6166449342738400        1.3564575448513347        1.1337717171500419        1.2720689202724382        1.4587112839671368        1.2404713415078277        1.2556389692681751        1.5541706056415658        1.4133574833233717        1.1584871959067191        1.3838782483579537        1.4420008834983589        1.2138948818436086     
  0.65971080474350563       0.87661240755812497       0.83956102472560079       0.38340647541677270       0.47398586148775934       0.45523883752120120       0.39073374219065687       0.47651509259567587       0.85537308367960652       0.55899073240255659       0.54291841826303211       0.33642589329051797       0.48469954792195441     
   1.4439828146271749        1.3606800676685942        1.4649267923122233        1.2163570008433811        1.4869597970124151        1.4386997962317343        1.4068374325667012        1.5256272323854350        1.3158473086562115        1.1583350244772215        1.5511660422044589        1.3567762237955949        1.4495706591161071     
  0.68814672713918867       0.89039044828544522       0.85780538849276611       0.41978487599972958       0.50781149590089858       0.48273254431931717       0.41598866408061086       0.50697242542066601       0.86643556596684346       0.57473164585325931       0.56776201223966249       0.36321851770147062       0.51158281181073018     
   1.6211660539239838        1.3463329513270723        1.3041250112565461        1.8915017462350301        1.5176397558698813        1.4634732813663518        1.2433459861667195        1.6377640648551515        1.4291336097779863        1.4616849699684091        1.2482308954803547        1.1625318395196718        1.3134850568499701     
  0.71429147494975842       0.90270014079026650       0.87752195596790805       0.45612960257672452       0.53615618884354843       0.51210616331654535       0.44160004896150290       0.53606650752112872       0.87652144739381732       0.59209927766813997       0.59406464374178003       0.39568630085985174       0.53826321076133499     
   1.2041175055329996        1.3740474186734415        1.3726361495101314        1.3824476222229978        1.3180975010019176        1.4118835041347315        1.2301108530104969        1.2725215399937533        1.1235825567222724        1.5202951234011559        1.5448171993545354        1.1933496447117433        1.6479433423012175     
  0.73873324992987033       0.91496558180556564       0.89398030613854707       0.49570644253343132       0.56477560087004985       0.54413553991853858       0.46750459538897443       0.56676711671255109       0.88547104286237577       0.60845197853701471       0.62018878171689817       0.42707599618431030       0.56627788317545424     
   1.4348283800958412        1.3600719765318732        1.2868724439210868        1.2848177248744517        1.3747069819440103        1.4914231303197889        1.2604814866842928        1.3846144617666083        1.2514158810394569        1.3408006456005082        1.3685797719220971        1.3981653680290536        1.3006449419336781     
  0.76318281949615219       0.92572306059105713       0.90886862725832185       0.54100066427454319       0.59632258911192493       0.57909258003722752       0.49389013292760303       0.60071334964862055       0.89430330344722897       0.62638453317176024       0.64790281223644186       0.46027356996123819       0.59338865014859432     
   1.1676057812458243        1.2231987068641645        1.3173129448835810        1.4523043090754477        1.3966718318238291        1.3591727310260524        1.6407246863954530        1.3406594755499670        1.3989015772793012        1.3781647922674094        1.5045053942103548        1.2701015033326526        1.6612612733652674     
  0.78626023204189477       0.93518195082335764       0.92226205505706849       0.58686000105660086       0.62030242664466317       0.61192321730017640       0.51952591474963328       0.63231561710170592       0.90381898359285973       0.64499031719850908       0.67574863914555505       0.49245932958997868       0.62206158827022384     
   1.5366610762505961        1.2597029534114352        1.3744260310526777        1.3475376563972481        1.5715347766154613        1.3897674920850724        1.3244410086545471        1.2808795915241045        1.4773134873384852        1.3231872158785800        1.5183790614793300        1.4667024336259979        1.2567620504592316     
  0.80914922004912482       0.94480495709414791       0.93434044339987943       0.62921667435917628       0.65353108372666879       0.64254966374539124       0.54541226473468796       0.66273520301360644       0.91340534307638965       0.66203040021421089       0.70080039576678588       0.52990295792666919       0.65221873064269364     
   1.2695509205635376        1.3284153880560556        1.2868896081731949        1.1567104980168026        1.3115513260437590        1.4552814064317001        1.2356482542261955        1.3001253835836619        1.4330669018949982        1.5035001218087036        1.2583023716284871        1.3850098364946246        1.0624976189291069     
  0.83125155592109279       0.95408184322892520       0.94476815548801230       0.67104529771034271       0.68220586181774612       0.67219112422355309       0.57181956131388900       0.68928303008022485       0.92278326310327929       0.67870483678959947       0.72479579454217458       0.56468769832169818       0.68475123379917313     
   1.3712389115640762        1.3228892493729287        1.3009676777462060        1.4078162675210153        1.3598242621776391        1.2171368110726331        1.1764165580557393        1.5164619891643039        1.3193572670086262        1.4369307839653171        1.2012641698610758        1.3219200935282263        1.3838007494306175     
  0.85167373381231481       0.96203465312850167       0.95375862269807477       0.71223779591168523       0.71057209533295584       0.70170933032381411       0.59968122607323171       0.72228738548736948       0.93071285543881710       0.69634874124542689       0.75057555760162509       0.60239960307202400       0.71899933285639139     
   1.4739830102800970        1.4323675061765131        1.3715088739967229        1.4012786753894519        1.2264168978770797        1.5585655828517913        1.3344231329872236        1.1943773129676809        1.2548189192862806        1.5482923710968022        1.2685633955514966        1.4532638393654040        1.6507141457287560     
  0.87226040143810835       0.96886727140286621       0.96143288582128061       0.75443473165323072       0.73751194343742421       0.73258465153608465       0.62796831825926547       0.75632191700645912       0.93842957109134595       0.71579352703107990       0.77642289659185326       0.63806774855686854       0.75518645552698727     
   1.5354775689513060        1.2502798106427806        1.2594153241988824        1.3381750650146400        1.1225421552167665        1.1583951686818854        1.5529943008757556        1.1958981866164129        1.2269392580400675        1.4735097635254981        1.3759290882243711        1.3292098305677043        1.4825296771059209     
  0.89205568629992116       0.97540148691715167       0.96839155763891605       0.79239481881530105       0.76834758961149197       0.76707519823094805       0.65621348245624855       0.78644317591563351       0.94586530220714471       0.73620806240056880       0.80560258864407541       0.67062774312319584       0.78635422624892526     
   1.4065709390636680        1.4617580712652898        1.5355461690017171        1.2859438712821742        1.3510120329237862        1.3734651527325072        1.4467283877309298        1.3536654670503425        1.3604702898038725        1.4915528582843598        1.3877237963146449        1.2633456516958603        1.3357918490687770     
  0.91090677569846734       0.98118413580384622       0.97497330018310713       0.82516408537838004       0.80185172844064834       0.79729194002985482       0.68479422684539681       0.81921200849339271       0.95323401863746926       0.75595424080512574       0.83532749747032120       0.71271867542482792       0.82309110957586007     
   1.2735407022340981        1.3801372367857381        1.6373975321942216        1.1716216789275222        1.3688960754309674        1.3724261821277504        1.3688702646514732        1.5068861468742920        1.5051302251485565        1.3577514525916363        1.3662504634598769        1.4322055939783580        1.5676733165446752     
  0.92730287297995151       0.98588894832963470       0.98063662057916390       0.85406175623036096       0.83719923422312481       0.82976785921277529       0.71468805237050792       0.84634084444520652       0.96049343261469655       0.77308534924278660       0.86541276574872161       0.75820996030405652       0.85771846555756415     
   1.6814149704892587        1.4805348899893087        1.3032830089911638        1.2322153724519838        1.6680194191827662        1.4526474318456244        1.3014464252930378        1.2676980180562820        1.2986277829037733        1.5016800534918142        1.4920173390612985        1.2755774928956016        1.2770918324494014     
  0.94416627854332846       0.98980119607212491       0.98558803692337282       0.88998922012048620       0.87195052941972984       0.86237596851405363       0.74799663787240023       0.87967269001301263       0.96829548390358733       0.79658932443899555       0.89238411581679222       0.80566600482261130       0.88984190613669645     
   1.2785257576493456        1.4299918257066542        1.2677086259373282        1.6244020283615761        1.3486412301048194        1.5364753381847396        1.3192835973263151        1.2463381263447579        1.5115631668472931        1.3460095758648867        1.4218004383160099        1.4047184741348500        1.3233772326953142     
  0.95872807883588729       0.99319031504441901       0.98960209761812257       0.92537243131328084       0.90557564285069647       0.89477079386764102       0.78708790457700473       0.90845692750870788       0.97480495162246783       0.81568516620411868       0.91778090866016226       0.85788846517465422       0.91994133164493985     
   1.2085906484427495        1.4327197527610533        1.3455591957303443        1.4679989869237304        1.7572450762606864        1.4637881042836138        1.5070779519949598        1.2506806148316894        1.5237192130216761        1.3944054950990241        1.5757550607951309        1.6249414650212604        1.1218490963000087     
  0.97287670107634172       0.99548616952231694       0.99295993703099772       0.94912226453878468       0.93629927104555088       0.92908753738935435       0.83152389330295340       0.94058314645846675       0.98113802237571168       0.83534954252772153       0.94293618420304959       0.90702964291693611       0.94709697041429153     
   1.4467308064063535        1.2323636609911250        1.5467964953839179        1.2192023078436480        1.3877679196986830        1.1982222454823408        1.3122994402965997        1.6206571265135032        1.4211268557647014        1.2522538770965717        1.4452033052759736        1.3366279239993410        1.1766876435824201     
  0.98670233135276331       0.99775500010033358       0.99631872928653853       0.96917899119562123       0.96921505525362350       0.96470797312614487       0.88709691838788041       0.97080330244112412       0.98957812009413981       0.88676455112797425       0.97017179722110547       0.95472591632717130       0.97179857753821508     
   1.5850346987535042        1.6678095576028997        1.6051589370583565        1.1605659345377801        1.1868540655091562        1.5685631758715426        1.5492103030547275        1.4474372459247580        1.7026158387130377        1.5006560883578068        1.3281975427294785        1.2481179077930522        1.2430608923293596     
   1.0000000000000000        1.0000000000000000        1.0000000000000000        1.0000000000000000        1.0000000000000000        1.0000000000000000        1.0000000000000000        1.0000000000000000        1.0000000000000000        1.0000000000000000        1.0000000000000000        1.0000000000000000        1.0000000000000000     
   1.4301655449597057        1.5311748844775122        1.5544281691995236        1.7036847805769735        1.4864263010850969        1.4024908574398631        1.2563906801512958        1.5518230285184087        1.1609664496533405        1.3198091515681001        1.1610947784094152        1.3127225976333150        1.4768705839593235     
   1.2779904762435881        27.281316553202146        35.116739805036296        10.618940927999033        9.0131596407720895        6.0406122998051197        12.645025424594213       -15.026790295495214        10.975148131602664        21.044650700215744        5.9814178192097485        1.2910018297416381        6.7622686247849204     
   12.240901154178541        17.527828425630755        16.793888222620037        5.8872204757174131        2.9865292224136533        9.6447491694544691        12.216456054193271       0.73358057852365044        10.975148131602664        20.186066693846254        16.916048724464297       -4.2079901475628025       -6.0073198819257243     
   15.681561952142612        8.9786787217722317        30.965926870704543      -0.56296467256849336        8.7250024779642832        8.2956582852968594        3.9511350221543746        15.931819061248991        14.705596128636156        5.8350769736167933        5.5997421762406674        7.1352830088936834       -4.8552067085426662     
   19.084626658697104        15.608273275854225        10.798165317526065       -2.4173267755941237        4.1277282514485258E-002  -1.5001083866122324        1.8898254965171732        25.517524494649329        26.556804634267770      -0.99899535688777008        7.9984039642194578        2.9945031447957247        7.3736763809281980     
   9.5576167474861133        9.0340061403869782        3.7570593939767241      -0.55656519621642575        13.154486220066236        1.4892200436444396        8.0966142798861860        29.234178512676301        12.507490598297350        6.1027771012322063        6.9100469202472992        16.568671956889613        3.3228885674445761     
   13.530626129900009        8.4905456758640963       -5.6243568800067152       -2.3668053403990652       -3.6321055484467104        5.9661105649390915        10.414180964420520        17.374546936558005        15.949682895736306        5.3944501646633709        5.0775823326184657        4.9546258681362776        8.5956748176713127     
   6.4818220643043700        8.6716998333092494        2.4555134685147304        1.7683536429862567        9.3956390714842506        10.794552258239609       -5.6256567073833166        6.8600322079535081        6.0893526350270486        11.295852884731771       -1.2634190998116983        7.5818560744181145        14.639450227233855     
  -2.9133599018509400        7.2160583349835576        7.6286663809461936        20.103139533701619        8.3001401922978815        9.7557142823903931       -25.233547182678848       -25.132573118172118        8.5918179766099669       -1.4747579148186079        7.0198209261060223        7.9910441990429746        7.4143631543460309     
   1.5166351437460710     
           1           1           1           1           1           1           1           1           1           1           1           1           1
  0.91168686307011426       0.23929956193384483       -4.2137061339418578E-003   7.0693621215160851        1.7498240293198027E-002   2.0529647572057036E-005
   1.8787872554515146E-002   2.4919653407184109E-002   3.3812277219042119E-003  0.81465910123146001        3.3801994690316256E-003   4.4669239859900160E-006
   5.0000000000000001E-003   9.6208172476117184     
