   0.0000000000000000        0.0000000000000000        0.0000000000000000        0.0000000000000000        0.0000000000000000        0.0000000000000000        0.0000000000000000        0.0000000000000000        0.0000000000000000        0.0000000000000000        0.0000000000000000        0.0000000000000000        0.0000000000000000     
  0.13767742862296253        3.5672685324904425E-002   1.0166457886266834E-002   3.8074106751541735E-002   3.6411586571745001E-002   6.3107192687864355E-002   3.2231784643268008E-002   3.9488582548033384E-002  0.41134760643297008       0.11585105953894807       0.14964831128921424        2.6230346655026045E-002   2.9140824208950419E-002
   1.0281276491399809       0.91260694968745670       0.97611577364301882        1.1261187797684939        1.1936149435288097        1.1406027951394615        1.0414156989458532        1.5577592676138805        1.3920352144787445       0.96783710643089083       0.86225310665484745        1.1418796683159742       0.90635863171179509     
  0.17824275551663032        5.6164215294733852E-002   2.1551234909619923E-002   7.3954832546416147E-002   6.6140700329072030E-002  0.11030650792714901        5.7247898586772900E-002   7.3010606759678909E-002  0.50077504726153421       0.16506605227635812       0.22880497208179765        4.7499634139784572E-002   6.2820272638453523E-002
   1.0020298728701380        1.5126560228936818       0.88288382034381108        1.1088516995522197        1.1783429063343394       0.95157821778672003        1.0035904221023413        1.0848986092402271        1.1085079368666340        1.1897792141430992        1.1534703107868427        1.0028136097363503       0.94352217569601216     
  0.22048381601662898        7.1410758541078465E-002   3.6344923102112396E-002  0.10958216846038173        9.7419844400791586E-002  0.15191239116338154        8.3578270142461247E-002  0.10220853073247634       0.54550516465074206       0.18869105786991841       0.26452459527827044        7.0454883504257534E-002   9.1165783624390914E-002
   1.0593702926259434        1.2786321315988161       0.91535621425785352        1.1501694473706130       0.97694837470955798        1.0298798647836827        1.0720974681343973       0.96275295943658035        1.1331135088520428       0.81940248045566400       0.95246654964823640        1.2736611162376641        1.0691735081402987     
  0.25784727043383709        8.8238795668481848E-002   5.7821550793755006E-002  0.14725696621084608       0.12784596100945478       0.18907926083039650       0.11234323313779124       0.13323945265578779       0.58463285253480701       0.20938429180186882       0.29519687352635465        9.6623969164770993E-002  0.12621825994041297     
  0.98530030809126090        1.3496096135190541       0.93619578492723388        1.0531925634144714        1.1461016595327718       0.97576069525104048        1.0249840827451686        1.0377688858929013        1.1193655126210627        1.0073782277632963        1.0665040385032680       0.97691138623381890       0.99699758858719989     
  0.29460518382912931       0.11970983224715580        8.6391069517698607E-002  0.18550146265218209       0.15767337538551809       0.22290384607845054       0.14357185033524270       0.16546272965951023       0.61643106618638088       0.23128130004609787       0.32835316328650593       0.12731628865263489       0.15831368014734584     
  0.89818244337326592        1.4261253215623895       0.93607107466088979        1.2050712527798697       0.96248092081829051       0.87139169110322623        1.0524417762872025        1.0032818100852321       0.98186916231385601       0.96231209539520457        1.0749654795692087        1.2907759792318882       0.85404556443119006     
  0.33767933678960510       0.23129913922759165       0.12052167196888884       0.21897752016865446       0.19034822617413238       0.25774714352663292       0.17505697881280713       0.19630256135454585       0.64428076477768703       0.25239274229332753       0.35573543905559118       0.15762657867973162       0.19085138457433390     
   1.0387483624039666        1.0160513004005611        1.2228342049718770       0.89345562463614991       0.95302078231289489       0.99439361326752962        1.0433111888814470       0.97814223112766896       0.98149916523279201        1.0626114974087058       0.93610115273771310        1.2802817511208606       0.94988936920671507     
  0.36930163679245054       0.36261139797680880       0.15679970855991934       0.25721684431539393       0.22400535525626758       0.28777178449977608       0.20757905337428087       0.22741461516219424       0.67403751701742454       0.27198527362248720       0.38337497460250586       0.18774016208617675       0.22218180893154288     
  0.95716212155326785        1.0891780936652031       0.99307321307185814        1.0938061005955442        1.0687038788771126       0.94961472288439219       0.93944354335965685       0.98714941043704585        1.0025267922293590       0.92114083583808448        1.0432468273500846        1.1364115012800950        1.1671727785185011     
  0.39895871754159062       0.44403093036782215       0.19755112587783780       0.29940950056982019       0.25785055132635587       0.31719623441675071       0.24303765720481404       0.26288643315042648       0.69715831241005366       0.29209204091365892       0.41235336572722314       0.22016538522430104       0.25304056027366245     
  0.91868230960836772       0.99142234448014954        1.1573466225160078        1.2066432426297908       0.89957352455555872        1.0375566314155817        1.0439423043971383       0.82979787968744023       0.97969949765708564       0.95701422369394917        1.0035342201475612        1.3728800559389007       0.96476036321981684     
  0.42907574880665927       0.50731147588120806       0.24091015838353602       0.34212705613942312       0.28825285334845463       0.34711342045376720       0.27836878105542545       0.29485009098667159       0.71711966966723673       0.31135258846854397       0.43960019153378205       0.25160111475229696       0.28019268642584633     
   1.0031286655386176        1.2335513735514319       0.97387031962456982       0.90617186849128339       0.89405809402345759        1.1952439720381047        1.1559428923726367       0.89901049333921923        1.0193033308270791       0.92494814326908370        1.0069098979742970       0.95652196691444791       0.93012488467361720     
  0.46040782138583769       0.56396526755547949       0.28727509208010527       0.38437161950250376       0.32105894003787627       0.37653669865802464       0.31545561416662915       0.33034366792906233       0.73734504751828889       0.33043380505398856       0.46763678297681521       0.28402454988740289       0.30853369676414949     
   1.0488440996675925       0.92667210892318941        1.0223254471518581       0.93892073598404813        1.1095904379874235        1.1803189784297523        1.0493305040075458        1.1234562243326180        1.0022067881889478        1.0006083842767102        1.0181200105938850        1.0770471209492973        1.1028844630306864     
  0.49213650659020775       0.61489093546743501       0.34380526833369884       0.42028431247986359       0.35461393200570090       0.40556453412151094       0.35068743798673407       0.36292211897812093       0.75517563948934374       0.34827151771011411       0.49545406352674737       0.31764041112726249       0.33906798875610006     
  0.97416432953536924       0.96498307947588813       0.90463409924095006        1.1130049049560786       0.97529587772247306        1.0363761549888979        1.1339270093181717        1.0573585369393625        1.0153678570081797       0.95422876157276793       0.96789830433013690       0.98964468221950264        1.0132369732286863     
  0.52139186293517592       0.66054919174257365       0.39638452974351113       0.45296355395166094       0.38775614291381189       0.43303085066390706       0.38400768141890262       0.39432739640877318       0.77180036849369837       0.36591047925685877       0.52087669973572581       0.35157062778388226       0.37208226816222084     
  0.86378798651138322        1.0715011596205199       0.88010554265515673        1.0547071588219323       0.86886790623974031       0.95224322220229918       0.95973638755421531       0.90307207091295960        1.0192812451127575        1.0274197815896353       0.94254007429563558       0.88675505001861388       0.97351689411326703     
  0.55311714879607576       0.69985618167140973       0.46205109049649157       0.48800781830583645       0.42079732199692504       0.45922084843131294       0.41325493020574161       0.42140665866465749       0.78750746807887917       0.38243438952175701       0.54963875969264997       0.38739559587506039       0.40576794616521850     
  0.80751879493409762        1.0973048615909733        1.0113610066912186       0.91813919618842277        1.1060707161473700        1.0655646819622449       0.93266859216030196       0.95218363665332473       0.80027406826673819       0.92215884520431934       0.82537516661152099        1.0581379478833777       0.97569865739496853     
  0.58320034686523781       0.73409227676784061       0.52634247496948794       0.52291778251713927       0.45088555008317160       0.48417077548418008       0.44407560010712205       0.44695919993124777       0.80146722871869813       0.39791704539773598       0.57806116329253288       0.42201760862843485       0.43676736739540400     
  0.96338985765503926       0.97660304567757605       0.93029591876887507       0.83816832913920181       0.96053089602363451       0.94977847261290549       0.99015714646587172       0.95341705629347218       0.88243463198721106       0.87758089556107866        1.0963443344718080       0.94779357706069378        1.1418325958722506     
  0.61412732838147377       0.76182597703584032       0.58685084111893338       0.55426526616858462       0.48595435426029615       0.50743261459396227       0.47484923419218411       0.47533797727887689       0.81608936728563419       0.41382459037664648       0.60574782197382282       0.45412422585081413       0.46547658111285023     
   1.0642990649335411       0.84201314993633980        1.0288766071122473       0.84199021556070275        1.0001521281116903        1.0162426466976222       0.93896808863436165        1.0287259478458350       0.97565917798524848        1.0481779168729324        1.0919159381101438       0.94335444952575831       0.81801695257427187     
  0.64311704348004972       0.78898724423419442       0.64470333100531452       0.58199415214062955       0.51855401051700323       0.53035662051953403       0.50540444537934570       0.50520222269412851       0.83024966245891219       0.42987591974180073       0.63155850975847017       0.48384244478341398       0.49434020498512432     
  0.91295777596374006       0.82545667744141993        1.1608569533568975       0.93208539040587146       0.99908729021401177       0.85733626153040088       0.85646982384752279        1.0575929811811540       0.87493567409455864        1.1469556448836578        1.0533660416584838       0.90437407733179365       0.92511086037180990     
  0.67070826361838509       0.81345107130697758       0.69487407742228779       0.60975565548443644       0.55191263702482463       0.55450983618313276       0.53456394989046296       0.53691804993949122       0.84258546532983880       0.44573004203715844       0.65714109236828455       0.51220582042594243       0.52232135596177087     
  0.98773290092288613       0.99005144829270242       0.98455126376437885       0.91585836645969643        1.0993829911560988       0.89249931957708539       0.92199972955004050       0.99388171686174853       0.99321374638427451        1.0786473245675612        1.0039419960593232       0.97185981200161642        1.0232672709889565     
  0.69645447914502212       0.83493130874717192       0.74350722915674916       0.64188440887721498       0.58277929339148427       0.58011827877028233       0.56282440300431635       0.56886732560948550       0.85434864869926941       0.46369020550619944       0.68452625428742808       0.54020147107543870       0.54886737560523979     
  0.87004639482153756       0.94213869818526064        1.0459086137107754       0.99890244573265585        1.0733786216446859        1.0470598090814724        1.0180012999504466       0.89883889570861597       0.93982290848849115        1.0152114801278140       0.99673344904505201       0.92658030120271317       0.95146952577767741     
  0.72198535488817650       0.85567451687819562       0.78881749226950837       0.67107242672391010       0.61024710822935624       0.60401953880519876       0.59045938404332876       0.60052294010798546       0.86624565420430233       0.48329015434687717       0.71060247663938614       0.56914219914945208       0.57768266826777548     
   1.1567083623904089       0.95425779248570697        1.0458744241392035       0.89353389064977207       0.84303625268991667        1.1392663292662035       0.85862382779811142       0.91904768548304738       0.98837115324447700        1.0727821459492237       0.99342405407261558       0.91641079203173959       0.98479122270338648     
  0.74892847704812204       0.87150641046578170       0.82236322410618201       0.69848123067134493       0.64177690102444740       0.63114297641705164       0.61914219922692948       0.63398898720174435       0.87614897531963798       0.50174911204624750       0.73518206502946415       0.59883986149081869       0.60886297430736713     
  0.90904812473068874       0.93609145142632821       0.94286582307946110        1.0765509649335505       0.95824370302591588       0.92595864417903573       0.91195255761466187       0.84129139256574792       0.90454735436056488        1.0060137959510858        1.1239710799708571       0.90231425042982938        1.0401747920332056     
  0.77324764366194831       0.88837936783784288       0.84976239998449354       0.73039831620526374       0.67221324527813364       0.65917973092040782       0.65310792863899414       0.66674328000407501       0.88680079488264207       0.51835132701099818       0.76018788260101100       0.63533319051164705       0.64275924696455489     
   1.1386450865438413       0.88846431451387509       0.89251872698611157        1.1187722149981696       0.94177708459194920        1.0826205779416407        1.0593735768350370        1.1743276043839583       0.96874908270022930       0.96200619290201794        1.0589290746828370       0.99933142701338207        1.0501806898502895     
  0.79737079785197895       0.90238656799518702       0.87581498202592545       0.75974881237899150       0.70109039839540210       0.68733285214904916       0.68857938615180070       0.69575958907451529       0.89682603759641100       0.53852909105818869       0.78519160069680272       0.66407128474912258       0.68023502208469822     
   1.1085777147958007       0.83598944855652679       0.93347936674513410        1.0507271078858214        1.0607013013334503       0.97433239178036768        1.1959791038719099        1.1090461302572587       0.99555163057665219        1.0360621928270592        1.0483129109922142       0.85004529129428652        1.2264098816575235     
  0.82114265700069577       0.91766644295447031       0.90064690012989135       0.78926710512836307       0.73001114440080961       0.71558199625329266       0.72277851185242958       0.72312253231600265       0.90631205169070927       0.55605590421598872       0.81331249478101886       0.69747047008369956       0.71972449544675277     
  0.98592099381271936        1.0406598085386765        1.2044794587826562       0.91700986344474111        1.0348633095721800       0.96159088953066485        1.0560322731442369       0.84336905174688570       0.78826405815400924       0.95502202297267258       0.89684063091010968        1.1516862767487921        1.2107878772376404     
  0.84427449917612751       0.92898261351050060       0.92295674587082888       0.81742521299022386       0.76138011800048888       0.74341241746479003       0.75665813900850032       0.75090424340479445       0.91574112609101466       0.57425889370605909       0.83734651312167441       0.72696799694134329       0.75118103180071794     
  0.97096462762175439       0.83003723764792892       0.93378506037051467        1.0189082260831228       0.87267769019689800        1.0468165242921086        1.0088240984454879       0.97632994214433322        1.0401780803980771       0.98802513716773444       0.92191312331703723       0.98978215148312554       0.93842603248576273     
  0.86445626554567834       0.94134688794975341       0.94009403782156820       0.84364417213303866       0.78987684904948685       0.77012177937695103       0.78642360189116967       0.78011848185456334       0.92525726916259621       0.59367111611261880       0.85841673938294771       0.76062200204158914       0.77980002192884745     
  0.95691612503199930       0.88211144440667044       0.93978255117278064       0.92736645955508279       0.98229940831296814       0.94234246180198222       0.88963506812841642        1.0450934756807964        1.0237874011817965        1.0222288955893652        1.0063786679123548        1.0589962352577313       0.95082344391158291     
  0.88386513046222737       0.95165417666849084       0.95416720706523528       0.87122911898029665       0.81895210499420079       0.79771512875478301       0.81334309636797986       0.81424175058153025       0.93322048349455144       0.61552508682549689       0.87708000872651248       0.79563497457920118       0.81088813498829659     
  0.98149531211194008        1.0671643604764971       0.94477440564036597       0.85582146030572503       0.96894959923860791       0.92793315694033540       0.99118540926986054        1.0135712090310531       0.81446058239983832        1.0334625159389401       0.80699479786573547        1.0012509952689315       0.94113125102928596     
  0.90614211300356751       0.96168772984600548       0.96575096588405474       0.89637662406354213       0.84896821154360469       0.82909112459942436       0.84430647391294478       0.84329481577054133       0.94210180758827111       0.63956121794512655       0.89495620549710142       0.82833672685902970       0.84360666245432669     
  0.99099124410253492        1.0397608600752892        1.1824040513927880        1.0794356850283739       0.85727078570031778       0.98997568747036091        1.1054072976842382       0.96762653203206606       0.96434336703187828       0.97173222603946030       0.85430558773726151       0.87490773929267629       0.98009810647877627     
  0.92634927078844898       0.97130538280948808       0.97608333990431950       0.91770583874519884       0.87707382987913374       0.86041556195869140       0.87371056513213863       0.87615992229730932       0.95191739780371243       0.66381955986485186       0.91487723442737923       0.86286304016987314       0.87869055690589803     
   1.0346707213631916       0.81034879273386295        1.1362885336479371        1.0647506932252746       0.96127551836820224       0.91458795147784022       0.83545128149985826       0.99016696773681689        1.2740057326844452        1.0624790523416376        1.0837074061310310       0.84510712494189788        1.0164426098546340     
  0.94565665702693946       0.97972366718630044       0.98481607452871056       0.93866475207492461       0.90705958110394047       0.89232944031627159       0.90013966362232700       0.90554798631615108       0.96214930174628688       0.69157908578939886       0.93611413898632378       0.89850298040987131       0.90922718857495277     
   1.0288006361697766       0.94310957587615696       0.85886814173190162        1.0514425865427033       0.96556625615642355       0.94274047266832162       0.90690014114474327       0.97675154538929010       0.99741025755567292        1.2184503152055044        1.0090244388432024       0.92272745512696797       0.93192400497736816     
  0.96492562489180944       0.98764302704190643       0.99125861899887824       0.95763022318672975       0.93765448487349334       0.92306513165339121       0.93151154465536323       0.93543199070821459       0.97249990853094548       0.72217331325515888       0.95637405486684868       0.93311355907663718       0.93569741415405616     
   1.2847162914866874       0.83894099355882701       0.97860339559429033        1.0117982332788895       0.94851142743484707       0.95886266374392060        1.2009874916949170        1.0493973176691285        1.1541195828666113       0.87964788017704676        1.0021037402844442       0.83821761307451670       0.89354702609435388     
  0.98214197784051438       0.99377412268514931       0.99598515209075789       0.97827080511048625       0.96760302391747088       0.95386482307175113       0.96613377518532262       0.96666946109682128       0.98310698852406020       0.78989999274166145       0.97901544465797596       0.96704435468576444       0.96722124666329123     
  0.91994877636611982       0.91835217776552314       0.99537592620466642       0.88979721726052985        1.0145500550677429       0.97967664148175526       0.86340776808665487       0.92693559422930738        1.0989394044060325        1.0546414160045667        1.0163389608975348       0.95335910917453182        1.2861529019337306     
   1.0000000000000000        1.0000000000000000        1.0000000000000000        1.0000000000000000        1.0000000000000000        1.0000000000000000        1.0000000000000000        1.0000000000000000        1.0000000000000000        1.0000000000000000        1.0000000000000000        1.0000000000000000        1.0000000000000000     
   1.2835430458362986       0.95841942765286947        1.1788942684963191       0.89535358286208155        1.2473040895037311        1.1548514834428771        1.0518896558558177        1.0492022334605002       0.95955253327353462       0.93477594836263955        1.1802074027085783       0.81801462797994651       0.97878396784131760     
  -1.7977402258407540        11.165124599263750        11.046318898691501        9.5107113329818969        11.291472825036360        11.259893230497529        4.1671914900075304        12.009709349605686        10.222083319926606        8.2954337667734617        9.3627133362245374        11.801375521513384       0.74900158095349667     
   7.6609460229420669        4.5816366009163012       0.26122210952310265        3.4088491015076237        5.9493338832171609        8.0199974948282424        7.1694298962881042E-002   8.8482620573947894        7.6667471942464349        4.2256624067460926        6.9637244798778122        3.7299022235645056        9.2032105302580263     
   6.5681549187216977        10.421113923521526       -7.9873774757483904        5.6436283847437432        4.0357259156115628        10.531809392557017        12.700267084809749        4.5193361203446081        1.7150992544537733        6.4966343574966405        10.431635619104112        1.4554800729411721        14.238056414473974     
   3.6953432374349733        12.789180154641198        7.0645252976242929        6.6868557007682830        9.1332861208582123        10.228245544686947        6.9262898063916509        2.0394209312979186        10.721229924798251        9.5380677468778217        8.2218126953738029        5.7774128833989566        9.7994281422968665     
   3.9415533084056174        15.057465621722717       -1.9051010115963318        12.089438760492657        3.3084907529182859        3.9225237794112839        8.1817797781527730        9.8497969768192792        15.594663508653822        3.4995287262990358        3.6756243956343990        4.5465868941700780        5.0132600255953275     
   3.8414179653572624        11.337454916396938        2.8569728096601086        1.7942931328636011        3.2838485819026211        12.522197782792716        4.3007258564907831        7.5157835142137444        10.405867750020729        2.5026103568933689       0.57462292305756613        5.4706050553941594        6.1986096785131117     
   8.2046065785143973        7.7150562110384353        4.3672868639737255        1.5406785821813906        2.6172192881489984       -3.2059670096514274        3.3799721756093630        6.1600562146658104        8.4412932390880702        11.104651740610674        7.3255451702975503        6.3777063680221246       0.69148607682628249     
   8.0657329790737524        1.0572256156325930        11.079801502179624        6.0218417245388398        4.2788641725885928       -2.9723902243674836        6.3186064166128331       -3.5837343333689766        3.5826336191173556        10.127350891124292        6.0811809985944398        9.2723837603889336        4.4260538535326130     
   1.6294997233011709E-002
           1           1           1           1           1           1           1           1           1           1           1           1           1
   1.6426256312697004E-002   8.6258894814385152E-003   3.5513977985661139E-004   7.8206876167438262        5.1906654176967881E-004   4.5408917398845492E-007
   3.5164636032525423E-004   3.0789162103140195E-004   9.0822960927981912E-005  0.66119388872326135        9.0812177413480049E-005   6.9000612419892541E-008
   5.0000000000000001E-003   3.8374714486407671     
