   0.0000000000000000        0.0000000000000000        0.0000000000000000        0.0000000000000000        0.0000000000000000        0.0000000000000000        0.0000000000000000        0.0000000000000000        0.0000000000000000        0.0000000000000000        0.0000000000000000        0.0000000000000000        0.0000000000000000     
   7.8237032502599863E-002  0.24000305424101939        2.3695615418090000E-002   3.4787023066868192E-002   6.0146398677885030E-002   3.1826926729335882E-002   1.5131161471708208E-002   3.0302506281475797E-002  0.50811293533822455       0.22068288077684553        7.5523378596504709E-002   6.6821337288664795E-002   2.8381094821621659E-002
  0.50293314887021023       0.59455307396912027       0.64630140879775244       0.67751344076714359       0.75381089313123706       0.65701115676831068       0.79494859932141970       0.69539127029865877       0.65121169262509004       0.58023379439820399       0.77047666405820703       0.84694868292567649       0.65299220014809012     
  0.13648539263690876       0.48983024167057393        4.9051207112387862E-002   6.8931887930297600E-002  0.11502316222484205        6.5103738956750604E-002   3.0214742127435384E-002   6.1492428795865743E-002  0.62109291613144313       0.28166357609359172       0.16071226941107164       0.11212706974887156        5.7133832611058005E-002
  0.92190420136448725        1.1104252730959367       0.67418701565380379       0.71991174237141176       0.61067814618185701       0.69144266132397547       0.72612234295609657       0.75749196852411849       0.77329083259537934       0.74908997153028201       0.60936702906957363       0.65469155712038229       0.70742552593048669     
  0.15383983503745002       0.52198154670542041        7.5509122906935913E-002  0.10403037151345268       0.16399141901414666        9.7240550302895135E-002   4.6065869046110999E-002   9.4513404587056565E-002  0.68101672934440549       0.33332125120354739       0.21297662515861024       0.15336710268000098        8.5963085752123525E-002
  0.79613009229282916       0.61515064570538369       0.66617085230624751       0.74393804971175281       0.73245582107479279       0.69686890383790079       0.70279929209631486       0.62987243928947467       0.84375480280781234       0.80448189404583537       0.65332217468111009       0.71095461274636496       0.60866599385652309     
  0.17173712912450476       0.56064264016575438       0.10333532804369810       0.14133992450366711       0.21089131175665460       0.13010966726231021        6.3628731840485120E-002  0.12838108457144873       0.73708483079165488       0.35334144564006786       0.25379507213528812       0.19083805052456995       0.11678476821184741     
  0.60948271945146282       0.76462908290705389       0.64798812864063127       0.60553855823504454       0.64192434631215023       0.73924267452232106       0.60353735632045669       0.80722666713931601       0.89358594147576187       0.54542208652068602       0.57322070055056529       0.70797998189302502       0.67167516398370075     
  0.18912592549256940       0.59391575130534935       0.13043656496151937       0.17581933968944202       0.25435610458097374       0.16143316774549094        8.1211103857498634E-002  0.16318157640077313       0.75514090049769367       0.37268780192954981       0.28254234000028977       0.23007930045574712       0.14881787467676469     
  0.61644035728488800       0.64996478126296664       0.73897017526121778       0.70125503367260233       0.62783651845208532       0.66960382437890931       0.61301696698498453       0.68779991534620077       0.63905012074789747       0.58196920555255294       0.67546951559202506       0.58251003085181596       0.78206005393319411     
  0.20579785786608651       0.62520389020488276       0.15550345372259639       0.20916811704270033       0.29607474384757498       0.19199476583641409       0.10006830067977597       0.19517690386664996       0.77734202138911657       0.39456864848931755       0.31123796625206152       0.27160500286834549       0.18088128399868753     
  0.66821963005943774       0.75079070328402320       0.59503777758305432       0.72027336127534536       0.77793321202395405       0.64191740264096109       0.64391294536317445       0.68964216418330959       0.61297785323332210       0.60463245267130739       0.58965503223670290       0.63981394389271440       0.71108948819998341     
  0.22340591144316491       0.64972112970572160       0.18002599166293273       0.24214370663367518       0.33950159194114715       0.22198430779771527       0.11873938701049089       0.22542721272219871       0.79736021012844860       0.41667297015543209       0.33780466169416734       0.31463514003049103       0.21297772194378656     
  0.63601931729651051       0.64341506769780055       0.62187675120006847       0.64500278396921862       0.70934226542649925       0.63621436427152223       0.65983733864173344       0.63299330290530775       0.68778886449904042       0.66807359024865653       0.71135542541491703       0.67516469511659882       0.70946551075363340     
  0.24177305904472157       0.67113831472054608       0.20418418678722605       0.27299058340654042       0.37937181359893835       0.25147674340106196       0.14190649058704119       0.25421397138155982       0.81345483939565533       0.44038328528052789       0.36141318878559042       0.35887417674482713       0.24529108114573581     
  0.65408401628859036       0.65420522573185058       0.58597251236126668       0.65658891074859038       0.69220666515346663       0.64094257533709320       0.68254957992656695       0.58558994108221052       0.52382708462768479       0.66664700393924736       0.83109099772603612       0.72630825678715982       0.63466014893999445     
  0.26224486984059781       0.69339051797968554       0.23075882561044514       0.30453970413789955       0.40978213834247701       0.28025511504475487       0.16433644716884127       0.28267543049926086       0.82826660756316928       0.46029091038490666       0.38783346989587075       0.39728964215776613       0.27803884973185894     
  0.65505564112277359       0.63457762912324223       0.70860448461984626       0.67120698020438863       0.67468224945427846       0.56776542511581196       0.57900887258814004       0.60631918149154707       0.63983409659986523       0.67700165441900062       0.74895224784758985       0.59971535035513224       0.68230521813831235     
  0.28469446982053498       0.71589022245663470       0.25862913054488096       0.33608815614550336       0.44018582656833249       0.30935797449863195       0.18966241219366389       0.31399019902010672       0.84103069277065845       0.48211697740552600       0.41080709008125282       0.43101976126473351       0.31008057993667465     
  0.63624825155815001       0.80357451856219164       0.63296433990404255       0.69752662538424159       0.52017252781639112       0.62441426425894941       0.83466883065265940       0.69082541970172895       0.56285931813545997       0.71938753494753349       0.68486535698270334       0.54898619894598766       0.65015344033099720     
  0.30618052997356726       0.73474410345698804       0.28558104212323698       0.36599894299177788       0.47126652473618208       0.34029442036387214       0.21398388766280294       0.34783712850503662       0.85350210284468653       0.50357332556684831       0.43426711301404997       0.46533169215907089       0.34304187042546402     
  0.61864640007860672       0.58711214632137565       0.65387687625605662       0.62937325128235377       0.65890533303039511       0.60248460923188252       0.72944113598605809       0.65955958699825468       0.64842027455269247       0.72693275344612407       0.67371730579718525       0.65123968740247518       0.61831714141112681     
  0.32610121536142372       0.75360105857270243       0.31251568881438407       0.39568310408569857       0.50232371003852727       0.37286856390055734       0.24119999158294894       0.38397172400644758       0.86471474493651301       0.52369429210658147       0.46058151988427021       0.49863488499467479       0.37593017129310369     
  0.64424944119825467       0.78281777885739179       0.63697019328188553       0.61982617444135846       0.59109044811764022       0.63853260222291519       0.70217201477362545       0.71800821298461415       0.59186087382504704       0.62054472210183964       0.71963645169138335       0.76848327318275322       0.72106537639400481     
  0.34527888777359861       0.76924644388493391       0.33932303617728726       0.42767241402526501       0.53725877434533564       0.40668726271324179       0.26983703601348341       0.41866641570764557       0.87546437104947072       0.54029385487153625       0.48976517494876137       0.52887581053614374       0.40680825541449572     
  0.57157672509334134       0.65657156922775339       0.62308650224648332       0.67877256863454716       0.65537326374155469       0.63794614829160334       0.60694691518550847       0.64125944248677758       0.64627854474438007       0.68409733911321091       0.71597980617231716       0.65969630344554775       0.73391033059642619     
  0.36599985264504253       0.78520661398879510       0.35990836435300622       0.45900781577955252       0.57207068264061078       0.43721461014954682       0.30175344536348914       0.45203859004194258       0.88546832263866071       0.55591353692836554       0.52084697091185150       0.55462362344302596       0.42838751373382478     
  0.67761085035383739       0.63051034738338751       0.56912165320117303       0.64537607169349098       0.72624265699352664       0.66042745274147585       0.69297589227147305       0.63373682265651377       0.58908829965379350       0.63907079173319237       0.64843902702314771       0.62324172068371630       0.61421915860571363     
  0.38936760057162861       0.79949475681876048       0.38167361149104706       0.48776754714683690       0.60773973183434260       0.46883738071992287       0.32871542988224206       0.48392933658774262       0.89522702675919053       0.56953142480106944       0.54983025785439343       0.57850322331112169       0.44949181630703328     
  0.71262549987346313       0.59547979516535665       0.58984979512526325       0.64510878674664585       0.72409056452477805       0.62080670019790674       0.63842891891522380       0.67260285816393994       0.63741292599336696       0.61057154557622595       0.63345310360739826       0.62427021812649364       0.53999140332272044     
  0.41444259938628070       0.81229397141200188       0.40310343699749196       0.51551520623835412       0.64849671450493385       0.49860003034259975       0.35235445560566403       0.50963423138548303       0.90435248790678613       0.58143443635262759       0.57784081848327418       0.60182793174046212       0.47078775977037468     
  0.67925643955393100       0.60709625972588821       0.59941068247853946       0.66950537733591020       0.70044398988872536       0.82036471680197109       0.68838812620932210       0.62922352196411135       0.74056349160443369       0.59439348396907654       0.60187311427941848       0.69413958918548657       0.73543132516738430     
  0.44073999872560338       0.82116081439513655       0.42695166229546194       0.54449864745328802       0.67828562863363429       0.53080111158632659       0.37592273658848241       0.53626714627782768       0.91233933544444590       0.59261741444043714       0.60887104480588694       0.62523229729679930       0.49295781314156500     
  0.74281686484916776       0.62634111498531009       0.62186977518107656       0.60038134802820875       0.60373647458808466       0.68916535690316316       0.65952574275962894       0.68742526524140413       0.57891481226834995       0.54050225436190580       0.62460170564511241       0.58172162761584212       0.60219467260689707     
  0.46802723774268640       0.83073280837262442       0.45587949919505510       0.57681790424433699       0.70934470458835919       0.56402169473412622       0.40298122270468190       0.56217166416160769       0.91985300564920447       0.60390979644248743       0.63658402178315487       0.64917034961490283       0.52125274004558741     
  0.77439724872654259       0.58925857428559014       0.74673282404807528       0.63153916681316646       0.73065956312779490       0.65361909856774092       0.64223097316247146       0.59717404637622284       0.66209787987865443       0.57495077168884168       0.60623955193395285       0.61064642586637596       0.67547427390415726     
  0.48834171759927103       0.84010655955814439       0.48505252460467368       0.61128479978615091       0.73992229104007445       0.59879371168991036       0.43495779767240478       0.58929555871804784       0.92683002892664468       0.61836683514911039       0.66439353233783904       0.67370581146886743       0.55150931727730468     
  0.54392346140454151       0.56151378744316849       0.64071864886484942       0.63385140041117305       0.59411842514570490       0.67881410753988325       0.64592779990234328       0.55842435265687185       0.64201936855539921       0.82142244358042893       0.62104198574737279       0.59119953478901532       0.65369349622936568     
  0.50726830755663477       0.85065019174541012       0.51629453188273555       0.64650702544483152       0.76884527933201507       0.63032987862194578       0.47095695930628811       0.62266621973206149       0.93394586724075546       0.63384664560706572       0.69162968987082829       0.69898678663777614       0.58141644753905020     
  0.60987976803380273       0.57420426951701220       0.60100626107518051       0.66044173289269392       0.77338955734861925       0.65487846174363940       0.62454793701111322       0.72318693420948132       0.71596991692017231       0.55948576779591463       0.65604813899119108       0.61898316153779398       0.68503180267691777     
  0.52644364174677372       0.86330947392790225       0.54931617396632504       0.67695921302768425       0.79426789483561966       0.66074295554684626       0.50717315674753716       0.65625774353012889       0.94049827769981165       0.65011445744832796       0.71872390061234326       0.72546676867886417       0.61525708015670899     
  0.52904403382404208       0.57433952216354600       0.57945931957369390       0.61748718903241984       0.59579221691175721       0.64381828323528123       0.62876582576968043       0.62799785093759375       0.61703780906179972       0.65616629940282356       0.62947007780313169       0.64841666226063210       0.57552274565546169     
  0.54694068505095028       0.87494675463435145       0.58408312045655419       0.70130073799587400       0.81924451529219122       0.69132104675237260       0.54703795203460814       0.68836855505712324       0.94699192741521310       0.66697537347371871       0.74693949377705393       0.75337750150044380       0.65594368578256956     
  0.65918396719258243       0.56395358731686229       0.72363756056041939       0.64089729070140067       0.63190215651591930       0.70730246369465366       0.66529314468352008       0.65376926083153852       0.71997188312997229       0.62598823528443803       0.69548978762603686       0.69466859433637773       0.70290675580843209     
  0.57422770692848857       0.88638376003988739       0.61774536559567228       0.72415054618466523       0.84376534063331021       0.72614280360698735       0.58394409111988255       0.72152550727891041       0.95247207298236236       0.68323279461963105       0.77611938223368082       0.78118877819277155       0.69445865179711552     
  0.82397246028766236       0.57307583894791381       0.79861315290336488       0.68208216721533799       0.72174810876772244       0.76148993381505214       0.57388013076184075       0.66279186780644539       0.63287430354583152       0.62296725620692184       0.62008115079297421       0.73705896432518581       0.64060395404783332     
  0.60522115460498738       0.89778302550489186       0.65745046144445662       0.74768021103827098       0.86506487661465814       0.76100437039874580       0.62364070966598750       0.75272421538507406       0.95673385946939338       0.69908819965495794       0.80556309654106251       0.80857750554201147       0.73008554281565130     
  0.58576160906583330       0.60709485338228841       0.77040234059349288       0.59119516787458304       0.70215155943083796       0.69160613736070753       0.59181342401986725       0.58706000343108045       0.58189977550467487       0.65918224306456041       0.64070556839553339       0.60162121267033386       0.64960353373323831     
  0.63442752903103949       0.90895287161273786       0.69760658653373020       0.77446868631135624       0.88399937931997319       0.79603626649086379       0.66416052914781021       0.78375908526874638       0.96044001410555035       0.71518188621906020       0.83389302219668049       0.83477932265008747       0.76356697419884678     
  0.60356347116822329       0.61805222416224537       0.63077039843413141       0.59190361806822867       0.62349765140180724       0.74531247102516229       0.64194998459996522       0.62039913180002615       0.55637559461664599       0.74987200820368505       0.69235918000323493       0.65178578674662602       0.56686102944694938     
  0.66722953793290452       0.91988690213682722       0.73916467403776975       0.80644648157634591       0.90175603692637429       0.82492509818818283       0.70383284062304297       0.81339567794146139       0.96397898164633145       0.73403508051600541       0.85905282155093687       0.86109503141583510       0.79808716479695230     
  0.69204144348410990       0.60555694810960015       0.73916693159675673       0.70686178784531528       0.57450190899759712       0.60042789832758114       0.63930509253815115       0.64875637958800514       0.58066678226190582       0.60252959493399161       0.59502425361479261       0.68808384003805634       0.59533818850380893     
  0.69860394969220629       0.93120359505650141       0.78060617736813120       0.83982202618275947       0.91936915631616845       0.84957908712928354       0.74379589321266038       0.84455550536241064       0.96803084034995990       0.75308365374965747       0.88459483332346434       0.88501512745148592       0.83420094526030952     
  0.61536639456186348       0.65868480724805667       0.62704899784938994       0.72643642867760672       0.60732032362433819       0.64949906887201048       0.69656555298912104       0.65778052119492514       0.69506866182572002       0.64815452777526827       0.68091789007761994       0.64572577770066497       0.69155297121721393     
  0.73608412964261349       0.94280963239033533       0.81781013370574196       0.87294303804114870       0.93610829534407447       0.87424693139629417       0.78802360866834420       0.87393649088421654       0.97287055243067422       0.77435682637656922       0.90855218586847264       0.90909983292408081       0.86979814945252587     
  0.61342518332390172       0.62714137519999891       0.63715586258574064       0.64218556593313925       0.59864037432554740       0.57704081538554675       0.64784264521813684       0.61762054151361201       0.69673146182424517       0.82689776926318115       0.55624402127654171       0.67200191003447363       0.60274337149215862     
  0.77745353622804036       0.95451142957840085       0.85785858028731909       0.90461826540235113       0.95265049480948127       0.89895324215267514       0.83533203163138525       0.90338587615210886       0.97776874607286213       0.79332554029998603       0.93149441748849393       0.93178716008862650       0.90276231860915357     
  0.61132802134285202       0.68989256131168308       0.72972178368123908       0.62050058058465207       0.55784605543636612       0.56622284635801512       0.65759161512332431       0.61950022054490672       0.65332433750685681       0.63487103058944105       0.66290269486036135       0.58228847705196929       0.59591471949008945     
  0.83047630480134760       0.96625233824974710       0.90331613001584210       0.93657704703242806       0.96927366425190764       0.93229049489152349       0.87846619725232333       0.93289989329053535       0.98317327235169005       0.82885296284814303       0.95484582993458278       0.95485310461095063       0.93577636394924413     
  0.75434822831896020       0.71528630470944432       0.63818573115361221       0.71907448236719529       0.67684262829528519       0.59925502881443726       0.60758016758079458       0.70843918438510900       0.60665163807272116       0.68226866141613396       0.66625160418121465       0.67962046794355901       0.74434055960090206     
  0.89892885398785027       0.98056559734562077       0.95171036531022291       0.96761272638316098       0.98499121203212892       0.96633998426283252       0.93826082255808840       0.96631704618905900       0.98994580206651206       0.86561733622443970       0.97802258164839440       0.97780226880534238       0.96918523253410693     
  0.67201491770294020       0.88958493960221796       0.79369568031472315       0.68136143244557390       0.55875892986894515       0.60782102203603527       0.66936795278054828       0.75378332461315900       0.87389064839031272       0.67839783249827179       0.68823476405770900       0.69603666429044397       0.68049399544222222     
   1.0000000000000000        1.0000000000000000        1.0000000000000000        1.0000000000000000        1.0000000000000000        1.0000000000000000        1.0000000000000000        1.0000000000000000        1.0000000000000000        1.0000000000000000        1.0000000000000000        1.0000000000000000        1.0000000000000000     
  0.77470991932819877       0.71691396790740625       0.65104933486262317       0.59798009410663888       0.80217399068815376       0.73205028819985907       0.60958160425762131       0.63424638146066592       0.70214666247051305       0.81739172005569838       0.62934265727247474       0.70041924818002166       0.66962913281560921     
   16.450083349092864        16.008621066787775        6.2091309080785768        17.304552061397462        39.306598294781409        18.600178254805538        5.0530242168467900        10.730510799035368        19.137839589587717        24.924344611592964        19.616744911121756        20.105289058326399        14.339052787213303     
   15.566865903926654        9.8890208074978680        8.2236598321057937        17.779586825867494        29.497734066821899        24.747232407847420        8.2902528820360430        7.9436287833769557        16.587900522108697        22.378988629092319        23.964007562053325        15.316940134351121        15.184891620702023     
   16.170296293873466        31.190765310882654        16.506997517629411        18.495120820131568        23.833128853707869        20.799382045711607        15.564047736392563        19.726478463859646        13.939603903255634        16.193540625992714        15.173772264090397        15.830329510742319        23.931657828264417     
   9.5742636080016794        11.583594161215794        18.594049856162126        16.794681036501995        18.257245151063341        10.369179239467305        20.648356314680413        22.927414260576100        15.006068224011509        21.568065637331475        14.618330116819392        12.831461271513275        24.031166097328878     
   14.758220163271270        17.946145214027538        21.957986566810487        15.581935551692867        16.582887878175065        15.924027004675752        20.578050565858494        17.789512027402552        20.474861397493093        21.618929980112743        16.516714259621931        15.733110599626547        19.912209942548358     
   23.444223077635552        20.351316353603277        20.313878914721592        15.940884930033006        15.240370978403469        20.051008924741264        28.111791967787415        21.283267848378987        22.833657400137326        13.972233105784689        20.108140009262360        17.017749873949835        15.723214374825691     
   25.396637017426517        15.956171616864900        25.574767631923098        22.044905178768882        16.705685178232436        19.546514934798054        33.150836913880212        19.087230746072215        15.178302783587178        15.637718009617060        18.832623107506372        18.876928807796855        15.616908375861287     
   24.451308303824881        20.380515861398624        24.848730200755767        20.316409925188378        9.1878598889661003        17.002793645219363        42.167463516576390        17.926198946902502        17.921379534534960        14.611914035448232        17.674710767982361        21.912646674628608        16.961082649639994     
   2.5080757271725066E-004
           1           1           1           1           1           1           1           1           1           1           1           1           1
   1.2639663010077389E-004   7.9867773757576199E-005  -1.3568054777822521E-008   15.912883319823408        8.0876238211421552E-006   2.0755712320751444E-008
   1.7668907240147271E-006   1.7699608620339644E-006   5.7663099128133606E-007  0.40685543182593636        5.7578673779943808E-007   1.2796903723918285E-009
   2.1199083845751931E-002   17.901094506093326     
