   0.0000000000000000        0.0000000000000000        0.0000000000000000        0.0000000000000000        0.0000000000000000        0.0000000000000000        0.0000000000000000        0.0000000000000000        0.0000000000000000        0.0000000000000000        0.0000000000000000        0.0000000000000000        0.0000000000000000     
  0.10991661896502976       0.22420326038548224       0.12055051692117978        3.5006472897512492E-002   2.4975747917796932E-002   2.9206469265623470E-002   5.8506631218404777E-002   1.9114372673804742E-002  0.42538068990966243       0.11829654070814459       0.14582774852919142        1.4155930587326003E-002   2.9141207041624536E-002
   1.0621537622175981        1.2810903206075974        1.3127202523375447        1.2799898377323742        1.1733044937098827        1.4463139656533044        1.4002671953680703        1.1796256244996557        1.4044360005863432        1.2683843831087374        1.1329602398887129        1.6467464722964171        1.4122563831472565     
  0.16261263293239134       0.37560172634807476       0.23208132924265920        6.7457149167513927E-002   5.0428963595363620E-002   5.8772084612322542E-002   9.7901885873709571E-002   4.0759902298824063E-002  0.52280740218339439       0.15846875591373311       0.21772656110977484        2.7426859595827441E-002   5.8812090281887344E-002
   1.6974262802742268        1.4574323891208294        1.2531984915627798        1.3786451073528001        1.0878113482774066        1.4049263887717973        1.7057222190674370        1.5261700009911148        1.8212059180021734        1.5138437911411837        1.7296724672662729        1.4741198554046524        1.3156397799715402     
  0.19302913143944483       0.47554157623515897       0.33674284774603253        9.7386424258855159E-002   7.7426599880563357E-002   8.9213444400048678E-002  0.12152948319292728        6.2763710051893851E-002  0.59004752721417464       0.17865561453889450       0.25334006667047820        3.9435651613034722E-002   9.6630197893721043E-002
   1.3450256747281026        1.4538643047138069        1.2722818073399416        1.4009206544271771        1.1627278131320555        1.2758730061182679        1.5155670569126516        1.2430625112978055        1.6188776061921668        1.3421290254436553        1.2390282100437164        1.5532979748358979        1.4056988821719945     
  0.22431018009563652       0.54894249504175097       0.41752325615459635       0.13341119500120807       0.10796271182410740       0.11886450944346902       0.14440598318927075        8.4381138713611914E-002  0.62705621888925267       0.19773849737290949       0.28094126779913564        5.1764013983274605E-002  0.12922112483986165     
   1.2389534734390821        1.4015211965735290        1.3511522685483732        1.3427549233298983        1.2150772094648417        1.2628637902333448        1.3327470935929608        1.2459046325768166        1.3505784603309792        1.4629079110125374        1.3107085036203219        1.2403911884261480        1.2884045944002287     
  0.25816831211666880       0.61273930528981779       0.48358939026878162       0.17076596001346761       0.14247058263191764       0.14819560940931381       0.16765457936341449       0.10742531177233740       0.66262826660405594       0.21493671663753910       0.30487905767231771        6.6194076031870386E-002  0.16514411655167394     
   1.3980607308298352        1.3498935400660750        1.3859970122803551        1.4984073644254181        1.5488678449090965        1.2889843781248513        1.3611407418110990        1.1085819930659813        1.3205556671532848        1.4756452125324317        1.5405168958141384        1.3926883642452426        1.3762256899789960     
  0.29057223544570082       0.66658083083277653       0.53775057065810483       0.20800741511371210       0.17638065017980564       0.17896813908499370       0.18963870788226303       0.12783611481067392       0.69289968615244690       0.23145461449959961       0.32877133144302406        8.2962710618866856E-002  0.19767825906914369     
   1.1740190785432720        1.3159974076385565        1.3765377582130272        1.1555841052851750        1.3037943774139011        1.1693357865678933        1.2159245441836044        1.2503357876958616        1.3599794010844806        1.3342903903676191        1.2016267689510527        1.4297016127355027        1.5683272230343468     
  0.32272907233205184       0.71538142624205314       0.58494789457906216       0.25009842679150923       0.21027620346962886       0.21061533214869507       0.20968903618326376       0.15094155061984768       0.71816163371295572       0.24773706992241895       0.35152296977820235       0.10114662168676708       0.22871346324996500     
   1.4513319441450763        1.3200422266566154        1.3252237428880000        1.3313145019588475        1.4619546318863164        1.2791883846783461        1.2808184421172295        1.3946532099149556        1.2043484343823276        1.3234339666551327        1.1978585241358859        1.4755809747678388        1.1589386614920774     
  0.35457434010619920       0.75505452843814802       0.62801193429368862       0.29342387288581995       0.24525251361631467       0.24095866652965681       0.22874227594153448       0.17597994645350984       0.74031028214441097       0.26266514159832410       0.37548019227811619       0.12051814687828860       0.26239734542628562     
   1.2737171003253041        1.5591861972273275        1.2431219532522821        1.7097782971805577        1.3474744318733909        1.1087325954344254        1.3991347017270770        1.4402172949085004        1.3025648787482909        1.1722871859284827        1.3055551660805615        1.3898811112827680        1.3902718300993226     
  0.38537685888898954       0.78774967598802670       0.66611665104331597       0.33813201227194395       0.27707284832076023       0.27061243694492060       0.24784137370994916       0.20038752604262322       0.76014769923840220       0.27853318963371687       0.40178122195486038       0.14129836700821072       0.29180855790070465     
   1.2344066184963742        1.1642158225020480        1.3906926157941393        1.2787554224076694        1.3643428858301385        1.4187055753018254        1.2237502133718394        1.1540964815574262        1.3547609120724959        1.5055002092828100        1.4082371889577403        1.4967351489702474        1.2215592834792264     
  0.41553721568634977       0.81648268455575723       0.69864188128980165       0.37942169743921705       0.30683040922730015       0.30164143580400665       0.26707451468864168       0.22695684130513930       0.77538332447417979       0.29340061812713863       0.43016671781674143       0.16518372529527237       0.32176319034576190     
   1.1717845510059035        1.1298729745197440        1.4479857459851448        1.3071833455266151        1.0788865807823362        1.2093780688754772        1.2240891740421371        1.3509033033264612        1.1355157365783002        1.2951910812771956        1.1848057903112836        1.4227862079721725        1.1903868054349482     
  0.44468942409709339       0.84115030832082560       0.72783369821628741       0.41912002810149906       0.33417864392809782       0.33394787429368461       0.28555968110942870       0.25993129822315014       0.79274928967348124       0.30741720105644554       0.45779969390053488       0.19300655764497596       0.35067008162284197     
   1.4505778560851135        1.4512518242953654        1.3565792835272337        1.4110806753151757        1.4667051952856622        1.4325720894861200        1.1254598000120577        1.2463694005099051        1.2059887515087320        1.2653176243631215        1.4593136755154874        1.2576124119597025        1.1922973521246296     
  0.47261528148827869       0.86196774288028377       0.75492974571141647       0.45530353523707784       0.36055067600964230       0.36740302065108388       0.30543063931436715       0.29240777659824652       0.80785852342184705       0.32156008066448005       0.48361412514302221       0.22160619402905057       0.38038017097000210     
   1.3403298965136834        1.2382361488485576        1.2875604260412084        1.0995961341587364        1.6246253030381506        1.3891555860360734        1.1996831949388105        1.3572834887791188        1.4640332783567220        1.3339234265433508        1.2574268520964897        1.1088809174953678        1.2225747786276824     
  0.50020468752354941       0.88047146619355399       0.78109635756856077       0.49111565644415811       0.38989472316484569       0.40207905554369822       0.32605844802336770       0.32609884521788540       0.82097376334672778       0.33507966847692183       0.50982420565110276       0.25309296975127510       0.41249175163794760     
   1.3062263470885340        1.2103747979662627        1.2819389143782904        1.0493537939092246        1.3000234212749633        1.4688731524710423        1.2781467341429902        1.5302977974750094        1.0306238020861564        1.3326362320384757        1.4934376987254239        1.3822683051227560        1.3437189793074538     
  0.52741516884360529       0.89596425758760634       0.80491930562883052       0.52477753310369968       0.42278071669466338       0.43616814150018124       0.34777631375606599       0.36879744880244236       0.83491729204573073       0.34866893285230155       0.53756277033508393       0.28452756687860165       0.44036324844095259     
   1.2842343824501730        1.2771111168186673        1.5210473667587485        1.3191859619934432        1.4103452982023228        1.2718691581267956        1.3222653532705118        1.3397396830367441        1.0440607962484145        1.2053707620727383        1.1194012573538765        1.4733677913417260        1.8651592757650661     
  0.55516500833509819       0.90979033339834436       0.82368701527812305       0.55762551906278757       0.45502017819902352       0.46770039459908191       0.37167828535474007       0.42676156088792588       0.84848633328145551       0.36345415471335790       0.56754931665295116       0.32012299707326775       0.46511598555074274     
   1.3741047683379046        1.2268283493400400        1.1503586403314878        1.3369743446482381        1.2979415586319742        1.3802022672195644        1.3203969640059068        1.2734451944495229        1.3413966627997205        1.3747743671576014        1.5506753556476389        1.5473020492956238        1.1954872416682087     
  0.58479598321783499       0.92227813775110823       0.84243280288964728       0.59305090504936064       0.48446205434135153       0.49874164687346484       0.39594807918917585       0.50508938789720093       0.86002612035001469       0.37942500059374012       0.60313544107139783       0.35654345902750861       0.48840121000133074     
   1.3132318154614655        1.2247716201029639        1.3248528506548385        1.2653622587893183        1.2103561353160188        1.6638303878492742        1.3883784457627626        1.4458898753172338        1.2870357592710115        1.1669277506428408        1.1898242405480264        1.3101504333479073        1.3694248153332165     
  0.61377796674686302       0.93304966236866949       0.85936679875202859       0.62607755788937391       0.51691679780897004       0.53073977029740438       0.42016136039454532       0.58691035569943373       0.87026356367280744       0.39381864339695549       0.64007280621840001       0.39235170045297457       0.51270583790940960     
   1.4970448598850066        1.1436297847303567        1.4799342522375922        1.2269947694217700        1.3342615695829720        1.3219933556731953        1.4402000604312013        1.1914300384088943        1.3085291551119356        1.1741800930393060        1.5060971746811129        1.1339445919839302        1.3605534962456387     
  0.64095954665962107       0.94230076861481449       0.87534398251922896       0.65810445958362174       0.55072684115859805       0.56407794069702666       0.44337732378857947       0.64397097940851733       0.88022072686973452       0.41109849788846620       0.67290032421271018       0.42844737895754859       0.53827589644159646     
   1.1516974158593301        1.2980105921937271        1.1933732184779076        1.0963994486520092        1.3964828546771451        1.3638113381184158        1.0771142149277662        1.3186508905662748        1.5508606317888836        1.4405974397336438        1.4202092519340415        1.0143507559380391        1.2617103491854096     
  0.66795480514980043       0.95069323740343203       0.88896156188397146       0.68681699477246816       0.58423634858018403       0.59379732902499560       0.46861199159604072       0.68231748303368200       0.89067091672440424       0.42797126263885288       0.70438627393491493       0.46505260769862616       0.56541169315849948     
   1.2729982313900781        1.1497320673734606        1.3246447227637597        1.3508413153271139        1.2905184402449046        1.2549066500513815        1.3144520926344458        1.4930659618819015        1.2978329405875260        1.2896296907202793        1.3136686147597358        1.0654095539954849        1.3358860858239079     
  0.69612066062130595       0.95755339081940982       0.90276603989990845       0.71518122998734135       0.61578561064419068       0.62267247350790333       0.49527483042300363       0.71409241917166366       0.90067125830510120       0.44496841240428786       0.73758066001305322       0.50299377301495851       0.59510612680062869     
   1.3361381245418060        1.3495835059685639        1.2766013248109451        1.3699409611924120        1.4295739723958163        1.7487277707884896        1.3846459096796899        1.5234029146082351        1.2120747735345649        1.1633278642520268        1.2029054227424683        1.6063079973798502        1.1920173548754822     
  0.72089724802693589       0.96396736055041088       0.91518143908452720       0.74315711066411516       0.64598441810318807       0.65010275267249518       0.52184043534373081       0.74327003314313433       0.90882645349692492       0.46109353825120974       0.77125644335729882       0.53748772878808537       0.62801432707403348     
   1.3087018092940657        1.1937255221806684        1.4458596854122616        1.5802967141082878        1.2714131707594045        1.1066456847720323        1.4445754729959037        1.1460633401013289        1.3726539411773073        1.3150792429968907        1.3478615531555769        1.5536222122886987        1.3113183387077971     
  0.74888919765311401       0.96963700314340684       0.92869660144530108       0.76888092682837195       0.67588978033948299       0.68212271906856425       0.54728014666316172       0.77277588003514031       0.91763542347099170       0.47688286050042805       0.80242013048109939       0.57064847911774608       0.66241184631921912     
   1.2751082492471169        1.2293736171644822        1.3278979231563897        1.3863809047836941        1.1449880262760372        1.4476370309649484        1.2719182277175667        1.3570744233678842        1.2006597194746436        1.2162517521861014        1.2308126727409809        1.3370330471890284        1.4665125815695965     
  0.77650766784798930       0.97398890974794061       0.94090135933368380       0.79427689350047881       0.70758248419031422       0.71682720637778807       0.57183398429562449       0.80179324430378740       0.92504659891801977       0.49582974461663498       0.83136042804684329       0.60306074902511353       0.69719433394650754     
   1.3890125249595477        1.3452931036233911        1.2198735500682021        1.3366145443029624        1.4394931935678676        1.2698484302098543        1.2664666288656214        1.5107454788583095        1.2298723925703416        1.2381849365536934        1.2901229550589599        1.4108267698897774        1.3837164359455671     
  0.80101019053165512       0.97804788926235953       0.95124766862904642       0.81941468633999714       0.73960798346444767       0.74599550859067065       0.59786153373898732       0.82920051684056406       0.93285558235044908       0.51400471666279168       0.85599197015189532       0.63668520343084178       0.73415431352919314     
   1.2120035691389637        1.1555764666921042        1.2782951280271204        1.5406638366931855        1.2243189019059777        1.2910879237069868        1.1638173817844863        1.2444073923929779        1.2232216463885970        1.1764947709453577        1.2869749035579781        1.3259466729653895        1.1453822883536859     
  0.82809328829788409       0.98188668107173505       0.96052353413861236       0.84725510625411038       0.77227295784676875       0.77836940839545254       0.62549044923995867       0.85427570898228089       0.93999003697239569       0.53792095906036874       0.88011104474471658       0.66996721907293433       0.77013155061540817     
   1.5034137629041284        1.3540632516797846        1.5317933394391945        1.4416758430500991        1.5191841106246726        1.3236751290399089        1.2405166195627719        1.3903555856161207        1.4143490875047040        1.4277145922625958        1.4908538043485964        1.1959358771926392        1.6030332377442424     
  0.84885814474660426       0.98540467956814226       0.96850896912708717       0.87090113839763617       0.80873906857324840       0.80870312775688880       0.65228091182066872       0.87645892306106887       0.94671500276913245       0.56300384562908534       0.90044890472588501       0.70490167878249399       0.80562952732023418     
   1.4638777621197727        1.2640753003422043        1.2202234666853822        1.2420128540730586        1.4359713728946033        1.2348201715889142        1.3885487016266176        1.5218324328792825        1.3463593070667466        1.4328654095202118        1.2615900731659615        1.3150747485533387        1.3418666602497484     
  0.87776690797348100       0.98823517539809058       0.97567908105202050       0.89514445427043221       0.84459204044779357       0.83788224196188110       0.67863489376786512       0.89789287394342998       0.95403008825058144       0.59126137998160000       0.92044882571921971       0.74628123129762480       0.84036557560009817     
   1.4783859144063141        1.3752540593488953        1.3158933370074102        1.3135184310317731        1.1977341425666785        1.3978773136742983        1.2174086993277260        1.2945464196564473        1.3151017332042207        1.5668842673002994        1.2865150091583020        1.1137000997086401        1.4345947538544743     
  0.89987144223922855       0.99077405069976077       0.98172519545993664       0.91704221041273826       0.87982820754265167       0.86895971111982295       0.70748381392510229       0.92008336735163931       0.96167008367009355       0.62100838459211116       0.93999119374539064       0.79309776212372285       0.87500309884762550     
   1.3536472919566074        1.4502108102713334        1.2172440747690163        1.5045624452790618        1.7877323283456343        1.3190909445477965        1.5051979664870194        1.2678974742385345        1.5793903505199320        1.2957030573733994        1.3122050625363026        1.2755477534354109        1.2683459561915220     
  0.92152283399536949       0.99318359636532660       0.98710328163988648       0.93760438970568161       0.91403954497271600       0.89804443012762769       0.74057386127839286       0.94183563358908784       0.96922435495951198       0.64637975108536760       0.95620003877784254       0.84474564299060917       0.90879857554789889     
   1.3263599030359436        1.5767229573152586        1.4935283461458659        1.1391271683510731        1.3734937925926414        1.2454986324342845        1.5338236794997469        1.5091531291244602        1.3605939762046770        1.2618147584578152        1.1847336987619121        1.1957526453833967        1.2503886669443862     
  0.94521341700315042       0.99544928850840220       0.99247567393637215       0.95784122807790839       0.94501907264095897       0.93346186881542703       0.77981135530025136       0.96173717323123975       0.97762185301344739       0.69737181937486115       0.97078222679784942       0.89345283785475382       0.94038900870062425     
   1.2329917758888580        1.4512512499307086        1.3336430691996557        1.2765580956343658        1.3409851271001001        1.3251433747246038        1.3728921523421627        1.3660719776587871        1.4062669063938293        1.6781057681361866        1.3240106782989345        1.2614030780519181        1.4536226966890282     
  0.97138131963938212       0.99779919062525180       0.99647080404678101       0.97798061116855406       0.97447693077886655       0.96622562358700470       0.84435072696284319       0.98090489366388522       0.98787846101968646       0.75238479809554359       0.98547232564918275       0.94669826203178997       0.97002355219798975     
   1.4624246480261529        1.8765738508180920        1.4042393318897564        1.3054810327108228        1.3944213118428055        1.3571988231412473        1.6319952335390273        1.2497472162033179        1.6360952731617053        1.3333904555297167        1.2832234029687291        1.4256035358132741        1.2335309328888404     
   1.0000000000000000        1.0000000000000000        1.0000000000000000        1.0000000000000000        1.0000000000000000        1.0000000000000000        1.0000000000000000        1.0000000000000000        1.0000000000000000        1.0000000000000000        1.0000000000000000        1.0000000000000000        1.0000000000000000     
   1.4952291785328082        1.7117273867151050        1.4475136267248980        1.6793631056097575        1.3132569742162929        1.3999642229172597        1.3540467648855798        1.3935615339642811        1.2925165176306352        1.4869477971646528        1.9450830221433657        1.1701944591530495        1.3532592679843887     
   24.863482059750211        26.965579420488403        5.6891168432047525        16.002108674165960        15.486018620724298        6.7759606299705304        8.3165063861030681        21.816012770787889        12.115785579309781        10.028080306431056        8.5517352924058621        9.8499089265215858        15.095542359325254     
   14.438699818465922        15.669414420538377       -6.6543727394190331        16.881906849009471        5.0663812916417275        9.5969533258427369        6.0082173584831615        19.540501563095404        12.115785579309781        21.845970400096427        16.751798961982708        11.839775335964093        15.045349189679671     
   16.096075863168402        16.272274126665131        2.5338495105977050        16.297738605980772        15.384582536290599        13.933906079815863        10.524705818250272        11.775685197648675        15.957854834308133        11.980630360910942        20.540867772664598        19.484736317649684        15.430561299022477     
   17.091122950712379        23.170439695245914        9.3502369435175581        13.953373280324129        13.913836667833817        15.388020901259427        15.066976590858919      -0.74905893697035686        11.625672020745963        11.001277023679602        14.404842438672656        12.414289661377810        13.722368935539139     
   12.897410622054005        18.123313624512029        3.5054033942452349        14.170921008330396        17.203308570608602        16.084292803294122        20.886294949328214        8.7248983177315580        13.817859872823092        13.102350772407746        13.682127050877257        15.568665681810604        13.354170867624628     
   17.058412694929487        13.921405997703221        8.2245918566683880        10.793972533573921        18.326860056221392        14.413227318146015        18.583525194097167        4.6505896010677592        14.427740454102530        10.251727772541173        15.141803133125556        16.274852732833587        20.583291047814679     
   10.233608730566763        12.656025880932026        11.991702881195195        17.775152543007231        8.7428970374756574        10.037152021393439        11.010269555386207        10.741564716240999        9.0875524176060960        13.813533726244801        9.0967031984762894        13.426419518787570        9.7136558834506719     
   8.4912361723973184        10.076691754180148        26.370076146417219        13.717790023693874        12.563758101358058        15.647639586652151       -7.6287664893136613        17.852678514704188        14.230882936021375        25.238974829805407        8.2205681588567092        9.5596080084858190        6.0995041825670491     
  0.45987961453682824     
           1           1           1           1           1           1           1           1           1           1           1           1           1
  0.58292686335263610       0.15513309829736796       -2.9150137561395750E-005   12.092500803706592        1.2908127095175923E-004   1.6405745928097512E-007
   1.5673046215653793E-002   1.3815300791838948E-002   9.7523831740766634E-006  0.54730379263561713        9.7523830565600814E-006   1.2651407800192445E-008
   5.0000000000000001E-003   12.054474063905642     
