   0.0000000000000000        0.0000000000000000        0.0000000000000000        0.0000000000000000        0.0000000000000000        0.0000000000000000        0.0000000000000000        0.0000000000000000        0.0000000000000000        0.0000000000000000        0.0000000000000000        0.0000000000000000        0.0000000000000000     
   3.0920575897975457E-002   9.5899573868256441E-002   1.0205163599244560E-002   6.5273086815574255E-002   3.1239862251816009E-002   2.5341167352613221E-002   4.1334182821629574E-002   2.3020227523999889E-002  0.43145854442436504       0.24428123288157397       0.18952775749118014        2.1014712329378505E-002   3.1936075845399432E-002
   1.1695795515634388       0.77705551267017947        1.2355519368698669        1.4438140933645933        1.0726528079478883        1.2713001293946815        1.4031866645680242       0.99230996186545606        1.3758816275827497        1.1272704443853276        1.3226019022967639        1.4421990661653097        1.1064965173200898     
   5.8846721894971983E-002  0.19631322783008814        2.1967382955297474E-002  0.11229453237025748        5.9899847579077972E-002   4.9878938432602007E-002   7.1878939724223642E-002   4.7663004533245470E-002  0.51385062449190011       0.31817848676817490       0.23967353201739336        4.8608339646724411E-002   6.0950990300293377E-002
   1.6065565574071365        1.2063591104332072        1.0874472553381545        1.0308773894867491        1.1423123130681574        1.2325170415688989       0.96085351628953308        1.0572559787320481        1.0723485116650484        1.0868614999444990        1.2321328143950412        1.1501716159906576        1.0480779417231876     
   7.9769599479649456E-002  0.24388218984724858        3.8775898438110135E-002  0.15880010157001037        9.0485030157818128E-002   7.3254058170688280E-002  0.10517110194650983        7.4371154458625244E-002  0.57134220423477022       0.37673408233988553       0.27425972851084968        8.1785730723336364E-002   8.7114762114157765E-002
   1.4413081481428729        1.0296037394787314        1.0845305319069243        1.4537028330245600        1.0317971999634301       0.91173873668702277        1.2075849158688274        1.0587029819423805        1.4137941213613872       0.98110801361127575        1.2654364568359664        1.0741692924050144        1.0776705810976224     
  0.10379551417859807       0.28234973469357361        5.8793064008241573E-002  0.19345613721918367       0.12108369504168010        9.8750007942701334E-002  0.13995490366376473       0.10559171961247080       0.60708590697549503       0.41871004182196403       0.30693526607780780       0.10583460728324570       0.11936180482405225     
   1.2661292612065247        1.1661315830769257       0.98069505844898874        1.0729833712882977        1.1590096962285323       0.96922294099428852        1.0788868349427669        1.0178244920191306        1.1235527768413762        1.2544425656587610        1.0546736704099073        1.0390683010250681        1.0320937365156744     
  0.14878499126062317       0.32742207519930505        8.1037529689879567E-002  0.21818972287334826       0.15462374823650657       0.12928361666468449       0.17113956156224874       0.14049929488583929       0.63312587839297652       0.44628037025635692       0.33774971632670958       0.13946184983232321       0.15434922005094751     
  0.87270606363761305        1.0392648025959978       0.98068368200348766       0.95459568937250083        1.0739264649452733        1.3592726838488824       0.95433287619403417        1.1948455436610286        1.0659325672004132       0.98767151135374620        1.0999493755503831        1.2168545960279442        1.0796387601314135     
  0.23462544707337424       0.37237834150683474       0.10847835466023639       0.24558790519295998       0.18580292848891253       0.15852549817464121       0.19814163403624477       0.17569272196201025       0.66329032720428416       0.47708212810040262       0.36688041399535920       0.17148973222144367       0.18616411337069477     
   1.1099344283420540        1.0560739334391280       0.94252458299553710       0.95979225636152488        1.1238157010448118        1.1568694120372942        1.1549539729842888        1.2962722465714684        1.1378389543017640        1.1932738798141274        1.2337962638026769        1.0743547241691851       0.96375120791670899     
  0.32212437383616926       0.41473399138817024       0.14187392175069238       0.27851549221290217       0.21723236256926171       0.18564653473991066       0.22816907606001993       0.21130807727903939       0.68664346836777468       0.50755338597588440       0.39689509566069159       0.20269318334300512       0.21803566837130642     
   1.3000033353443188       0.88365750084380201        1.2798455743193595        1.0283609708388204        1.0432717331627979        1.1215533755101239        1.1250907699852848        1.1260494298683124       0.97359000046898125        1.2103289017960595        1.1546937240141983        1.3163998461125859       0.87854298559175281     
  0.39225174222233167       0.45532742465167869       0.17964015452784529       0.30794656140939752       0.25124622372225514       0.21379169722734678       0.25805219026108600       0.24635654506443316       0.71220325503812409       0.53116522149975243       0.42435360199166805       0.23239172580784129       0.24953004046703403     
   1.2488158658708475        1.0762955853378149        1.2209530860267677        1.1623614757429177        1.0229978150297034        1.0641146243252015        1.0942208812973180        1.0453445031775566        1.0201324288029665        1.1006111293276206       0.96791876849804848        1.1398845025565529        1.0304780008699985     
  0.44945088239620801       0.49762678923859865       0.23155777291883908       0.33289423095536430       0.28374360434054369       0.24140942618361633       0.28954981450179867       0.27638145594365016       0.73603367491320937       0.55121168505718587       0.45053862786821441       0.25637006752711133       0.27977821582901474     
   1.1443978211530115        1.0496682486141446       0.96234905210341770       0.98625561714327681        1.1208380815282524        1.0912637634988942       0.95610150458433729        1.0455427202514738        1.0982694727423317       0.98119087387934856        1.1166051168445366        1.0969456125900237        1.2098364612377124     
  0.49749226102007582       0.54246970226566282       0.28896954075139003       0.35645106186966830       0.31743278764602290       0.27210056544000860       0.32679391527306706       0.30622232679089678       0.75525921884780567       0.56993284671234312       0.47753581464176242       0.27907491742100216       0.31165668032602650     
   1.0338852208024476        1.0737437941402685        1.1104470676768035       0.89959336204862850        1.0438689421441478        1.2351017079164430        1.1570340672940913        1.1554406156987995        1.0104987413795106       0.89705090286126421       0.99493490271625140       0.93994305647499232        1.1503005601052676     
  0.55387685695412914       0.57525952078453679       0.35962686295341928       0.37930185169105551       0.35062477267704534       0.30494016678812097       0.35474459003313830       0.33536884866756073       0.77493245963905777       0.59189342312868909       0.50863334549408279       0.30304809401558896       0.34495839199700296     
   1.2546715489882163        1.0425154465362969        1.1224573824230450        1.0041008719514932       0.92302646407216882        1.0809044425145793       0.94955030665260109        1.0685703960786794        1.0767614113646864        1.0915610127822666        1.0152605162967616       0.99611256564478390        1.0022430246089020     
  0.59654925806102344       0.61253128451982841       0.41812046634211075       0.40387473760656895       0.38060766471655777       0.33761639478479000       0.39043228695668597       0.36653148517890960       0.78966418913709191       0.61433762660730951       0.53646048368689470       0.33067186417567607       0.37832296616626981     
   1.1800866422642697        1.3292317599454790       0.96028479045571657        1.0892882202160252       0.97357158008278644        1.0872807426135500        1.1620199314398652       0.92046483614434305       0.88353414978242029       0.98236122124443426        1.1955273456224067        1.0217893269364047        1.2247637278830976     
  0.63380056166578380       0.64530413066217984       0.46958831168099996       0.42826343338170503       0.41217699478563807       0.36999437398090018       0.42872331144699660       0.40151105229530959       0.80225506438225458       0.63403737373040747       0.56383586440298561       0.36576510343839941       0.41312067098867777     
   1.0882828824074500        1.1792641148455045        1.2282294601633084        1.0071570123722142        1.0531253407116015        1.0653828691181662        1.1428409550042522        1.1717118005094898       0.90225750216675982        1.1738795055740774       0.96178203317336630        1.1789392634309461        1.3719541672111057     
  0.67133887721481811       0.67464105860766344       0.51954030650423777       0.45664977461875134       0.44545880628926898       0.40071338386132566       0.46022247666872951       0.43239936267121803       0.81489159677879874       0.65251845111858819       0.59411703292611784       0.40421121081698747       0.44638314950594071     
   1.0083500558200498       0.99779599544266162        1.0261737334252756       0.98930048899906020       0.98436913226096179       0.98783744584029576        1.0461258855185938        1.0164547623045255        1.0489186981880767        1.0473347370540582        1.0570846821780053        1.0824652457418866       0.98049354951838541     
  0.70315776932492724       0.70382034214442202       0.56968561783405913       0.48545430163032910       0.47742693285277515       0.43181634006898578       0.48787374600470651       0.46536360986864378       0.82692765846692629       0.66792028220415089       0.62257205869195231       0.43752221791616835       0.48291043247791099     
   1.0403124950827543        1.0324769291059441        1.0043309438790331        1.1308764522093369        1.0741139311742540       0.87638562065063119        1.2243543396400782        1.0497414483895229        1.0950500406709878        1.2177881606553818        1.0410782859343710       0.99199155240419812        1.1500494498627090     
  0.73505999449072479       0.73337905470507281       0.62482826213697096       0.51608528193875236       0.50585098051218935       0.46746558277667022       0.51716845517831445       0.49723865693456959       0.84019274943355493       0.68370322070636891       0.64242604523465430       0.46760408157347055       0.51019609941860189     
  0.95207121855135590        1.1686901378749877       0.96151716458748548        1.1324274035075661        1.0309194931855472        1.1389269191108353        1.0518685416809277        1.0546149267357292        1.0277885777999580        1.1075496964362586       0.93097584495055608       0.88132689336298931        1.0486688162819591     
  0.75967715408731751       0.76277537670394902       0.67853797628936241       0.54380725695285059       0.53404433629301362       0.50138106172138230       0.55106118258295844       0.53227138825829501       0.85339496806512116       0.69932770443624659       0.66894939717662949       0.49882781370480100       0.53702909931419118     
  0.97874130208438681        1.1649463893793806        1.0679581710361634        1.1341976872627655        1.1754031851760651       0.86456185987096734        1.0870554138437665        1.1193324771892832        1.0936146445867807        1.0289895716456596       0.89921393520357962        1.0517041341835611        1.1279928142481745     
  0.78231088969833384       0.78922356126863857       0.72796468965342187       0.57048864229751617       0.56401145763467986       0.53529100998035206       0.57841375270976114       0.56266802191985243       0.86516468340936348       0.71449294950962705       0.69754930894513556       0.52942477906236873       0.56171033515881019     
  0.95092002399525222        1.0551669777601993        1.0883850988838413        1.1754301664728022        1.0840119584346983        1.0329788902982979       0.98425395239575408       0.95315030386788591        1.0472087882178569        1.1318123963418836        1.1315281384587297        1.1079427196666873        1.1928138554021959     
  0.80523219919623645       0.81414861108180581       0.77491256272896480       0.59679552268417901       0.58880961216125050       0.56944863764170972       0.61050713513216182       0.58846080818805158       0.87724490846987702       0.73127651017417972       0.72535064645387570       0.55924775765228418       0.58860121299362611     
   1.0494951055538440       0.97556207510244919        1.0618564706358133        1.2442585957099253       0.93997493053809478       0.93087597520493881        1.0177557768346983       0.87513627475238653       0.98194320651341716        1.0281510297013126        1.1264964771991739        1.0718752744344222       0.87492457413050551     
  0.82428157884440878       0.83933323680241156       0.81389811350387486       0.62285284495736537       0.61717577931895096       0.60466418335927841       0.63525869084986220       0.61571927032322382       0.88766432864246025       0.74550884617010982       0.75184357519548073       0.59277174619388884       0.62426162902162619     
  0.84021720180985904       0.93065809430602042        1.0737984024793961       0.98460202523750406        1.1471517494058114       0.92509161620771629        1.0728920946132781        1.1059233317590138       0.96333229139025434        1.1689852074709703        1.0401540591125142        1.0602474192207938        1.2085176419677672     
  0.84273698646560535       0.86213735131990243       0.84970176125602748       0.65041121288577597       0.65120246845016483       0.64226527655775523       0.65977897318135525       0.64604221080793267       0.89776405891620426       0.75747071318359238       0.77296486715282320       0.62051375068077164       0.66379907073168176     
  0.87612521150264000        1.0494089820230461        1.0342579738124600        1.1569054125599862        1.2160682179869939        1.1787439271976068       0.98351820904180520        1.0463074366250260        1.0368107416552150       0.98010577571764501       0.96474699487175108       0.96625838706154699        1.0828183040611543     
  0.85931007261668535       0.88129252826461058       0.88035665064810020       0.67692765908339048       0.68377528156927181       0.67951417241592837       0.68626024076440550       0.67729549460259719       0.90788667775795906       0.76870196200632701       0.79709954600257793       0.64911447792825505       0.70321368939223594     
  0.81601154532958431        1.1390657890459679        1.2750611710651751       0.91816641923234799        1.0874643221550460        1.0835942377358536        1.0677223019040856        1.2372996604489175        1.0990416031123453       0.96911848471092865       0.82063953107464715        1.0992333578329136        1.1656397623991341     
  0.87565097933733060       0.89761661928380965       0.90764092940927377       0.70548517483766682       0.71834875058799164       0.71281056917531460       0.71443615968899554       0.71244406600174714       0.91724779537113443       0.77958907702112856       0.82284383116233761       0.67917152524607205       0.73919343580110664     
   1.0271642857557814        1.2136327169813590       0.95558973422717375        1.2447413950299744        1.0924481624189175        1.0124285577357810       0.96839268229021680       0.97005385065172012        1.1285206488410244       0.84120390875118189        1.1259791592133657        1.1754713895607434        1.0348037340081717     
  0.89246206263259187       0.91202586649302397       0.93271402755373967       0.73574741032133062       0.75386092031276986       0.74778596956707799       0.74419697029953624       0.74073016404564140       0.92589664573789920       0.79075487434803216       0.84794984063004619       0.71236344224618320       0.77109769172765030     
  0.98816416478065450       0.93227686022378831        1.1000061505036036        1.2584756092799712        1.1627746678031505        1.2177132823716210        1.0031794530294227        1.0096442077900107        1.0389616414117044        1.0009248931711687        1.0178484959512164        1.2733151822053153        1.0671472408049090     
  0.90839667108726196       0.92730858697142660       0.94918373639179554       0.76555233173346660       0.79192081404245374       0.77844999779546464       0.77422827644475367       0.76825937780594389       0.93510886465708831       0.80229316307957299       0.87430820737814929       0.74696938639403987       0.79601613445906116     
   1.1120673813063648        1.0507587521630575        1.0216407205105529        1.2091352965271100        1.1879582395175088       0.83373764244072079        1.0480300758660721       0.96178203317336630        1.0152996549928104        1.0820613932428920        1.3665340415173715        1.0041458224025208       0.96811646229899684     
  0.92441262187073603       0.94116183603217629       0.95952828913428412       0.79617846385342972       0.82439359439736570       0.80607387072277070       0.80528653030061070       0.80018751722137071       0.94212034327701000       0.81485859483831125       0.89728490123682603       0.78303288257709214       0.82032956120352762     
  0.91880224613200212       0.98900471278232571       0.90231486702497576       0.92548596268724737        1.1327936043733526        1.0155691928920030        1.0986634424289401        1.0988502353309657        1.0072626815315309       0.95562305580122664        1.1865097710564385       0.93381845923014828       0.90256605308095772     
  0.93732147894869944       0.95526072530768058       0.96955481914236796       0.82687891624552312       0.85342222282962310       0.83647484564414132       0.83647675513179887       0.83623513949103179       0.94947829625514468       0.82731824531565901       0.91788301752969070       0.81896305247757917       0.84777064339980923     
   1.0057835334178249        1.2826496711506707        1.1056051936968141       0.94319647698867704       0.99672155819314068       0.98224951381846592        1.0147135379517251        1.2853680769265550        1.1108886141465337        1.1271602175499620        1.0233621856829043       0.96233824516966415       0.88570246937057984     
  0.95111755133662745       0.96783454391922485       0.97861148156206956       0.85878109520692048       0.88151246133611483       0.86970001012884857       0.86705448843257804       0.86921824997621866       0.95652728035551349       0.84226174139135113       0.93779286772863879       0.85719151355986933       0.88082778139367823     
  0.97782012160440568        1.0139702484953159        1.1367036931771686       0.91011277757868803        1.0876085326010236        1.1345384989032532       0.98452995486134587        1.1460583512779841       0.93277724722774835        1.0355245361004175        1.0914330001442958        1.0732843649782589        1.4337820638413854     
  0.96306369298464989       0.97878952692870769       0.98642055865103995       0.89174063208169430       0.90947228436980676       0.90421590257785922       0.89948038547759224       0.90251794662666229       0.96302448130191753       0.85672798885093271       0.95828964951377194       0.89339846382383303       0.91013645093604612     
  0.93883793099288593        1.3194819025095317        1.0099619565478990        1.0097019393404461       0.99759018497245155        1.2113021001536592        1.0460997613267602        1.4281688335388392       0.99832806353200010        1.0539302634696610        1.0661816209786144       0.90862228821533497        1.1124559010466304     
  0.97530754195487590       0.98682732428909026       0.99188594735192936       0.92365369798826147       0.93840089375475344       0.93623118832129504       0.93137160033650923       0.93376445685795528       0.97094318168198679       0.87892352129690177       0.97344952987975297       0.93017228439640687       0.94028834866703093     
   1.2671898033567914        1.1253360541866551        1.1134601602502294        1.1112032121138709        1.1274622200981721        1.2322856124500088        1.0548966240901139       0.88785707211768150        1.0013579482813257        1.2977749114649708       0.94976838446973177        1.1639594804233890        1.1528881217936424     
  0.98774041507046595       0.99359857973812171       0.99626935006482031       0.96086414423049327       0.96999931430562436       0.96989299666236395       0.96546848616671355       0.96506324981212910       0.98357699102790985       0.91973065918631125       0.98728558714448822       0.96339795908784143       0.97088436742100670     
   1.1562210942156255        1.0131225411479123        1.0525335818918138       0.96509501577166157        1.1074993705874814        1.1745529755521442        1.3614212879860021        1.0210335278180316        1.3478862548707093        1.5026195344607383        1.1068409928865695        1.0056833804623835       0.90994369118643248     
   1.0000000000000000        1.0000000000000000        1.0000000000000000        1.0000000000000000        1.0000000000000000        1.0000000000000000        1.0000000000000000        1.0000000000000000        1.0000000000000000        1.0000000000000000        1.0000000000000000        1.0000000000000000        1.0000000000000000     
   1.0885195891360107        1.1506913191140746        1.2620046508526486        1.0337457318145669       0.96297543547539821        1.0620274158517649       0.99708219158288269        1.0796278473491456        1.4020661318460692       0.89422641297394134       0.95586350134431808       0.99762107170485437        1.0639629433833402     
   11.099198014371954        11.690277928988735        10.410834705547636        8.5933264744595128        4.1251668826496761        4.5180369269926102        9.1970908852162463        4.8816322849532128        6.0783892793347611        3.9510474299100560        1.9489683444926862        6.2762139095850262        7.5864270285276874     
   8.2187136084861763        5.2512855574125226        6.2998219968155693        6.8991003353343237        9.0969696936485676        8.0197629189380741        7.5722762302487965        11.335180441747777        14.582026279370547        8.8599424544340462        9.0942524374578504        8.4428825354159063        7.2808158947503649     
   19.536859436564161        10.541681365508914        10.738600074943561        7.9001106128516474        6.6621626320141054        4.6717673473748649        8.6561624022954380        4.7316425107026152        17.576343665400344        14.287428410146457        8.4104888928359518        10.508509286849208        4.6929457823059249     
   12.316996845900977        4.7810980218020172       0.74230368684749559        5.3024181943477648        5.4257433529518009        8.8006921613355455        6.8113443416599218        6.6932902337149613        12.848883009200033        7.3111400659248336        6.6039607372257461        12.062732055451578        10.941725868629186     
   7.0311422945397126        6.8835465172382904        7.4628756724582948        10.884619037536297        10.132591396687342        8.0134736093249472        9.6171915615974939        10.787917103620341        13.643714808180521        8.9367218157233204        7.3103126873875413        8.7104603451167044        7.1718579750577902     
   8.9353986771995704        8.1650802973142920       -1.5861926193965381        12.389553461048729        11.835497309213507        7.7654235563948957        3.9561925780877565        11.375593286574118        7.5544730313393682        4.5856061663947054        6.7619219567032349        11.005781910827796        8.2863926174180076     
   6.6073792173425065        1.9540454612739087        1.3593187847464949        6.5544063998849111        8.1537405862911765        9.4499068279751413        5.8689007452162958        8.1634177979229303        4.1883048416764481        7.9691804062240763        7.7526737483909507        8.5927644836737578        6.4735879550193438     
   3.3161646549075448        9.6865112901385810        12.529311500836352        2.0826092534164795        5.1224598795735252        11.589956338845878        5.5201997624880068        2.9485815235833126        8.5705957434605402        3.5552006325644858        6.3496159549851603        1.8503071414276873        8.0109305682758620     
   3.8131376367401722E-002
           1           1           1           1           1           1           1           1           1           1           1           1           1
   3.9234869107846966E-002   1.8804419778767938E-002  -1.4851321113507263E-004   6.3661194647275465        5.7049179956858171E-004   6.3465053307586351E-007
   8.5117176496911145E-004   9.1034021167264386E-004   7.4174445515761949E-005  0.61343780477930210        7.4131708197324378E-005   7.4160424418627889E-008
   5.0000000000000001E-003   8.2711366089689626     
