   0.0000000000000000        0.0000000000000000        0.0000000000000000        0.0000000000000000        0.0000000000000000        0.0000000000000000        0.0000000000000000        0.0000000000000000        0.0000000000000000        0.0000000000000000        0.0000000000000000        0.0000000000000000        0.0000000000000000     
   3.0023959745624967E-002  0.19728232782223387       0.30426838524528782        2.9526490709488828E-002   3.0318844129615524E-002   2.9801021386554456E-002   5.9931788570458371E-003   6.3538255357504889E-002  0.36155746669281869       0.11483352626582856       0.11253633978333960        1.8163875729812342E-002   2.7649855951889128E-002
   1.4417635995956228        1.9160469951260326        1.5566971748564213        1.5178990072297787        1.5930817179885723        1.4790226090741261        1.6941549028361089        1.3887621153958327        1.4912083411591937        1.6524389800603276        1.6854196013055389        2.1699765733391083        1.5252569409580057     
   6.0177434605756162E-002  0.47180648289706922       0.47601384396363855        5.5458278588006837E-002   6.1526267527288264E-002   5.9177839351347232E-002   1.1376452694480899E-002  0.11698300769912534       0.59253286447324627       0.15667155383159193       0.17285076511412933        3.4720691615004719E-002   5.6043806874871954E-002
   1.5198478609747512        1.4525796490985672        1.6128493185208055        1.3265258064009047        1.4904319564874413        1.3794733242835082        1.6219172023857991        1.7184190703888027        1.8915988385561904        1.6168768301120338        1.5388688907395296        1.9067545579809688        1.5837169996978473     
   8.7235358268813845E-002  0.71661978456140407       0.57799334832051674        7.8374996529865390E-002   9.1622254030603728E-002   8.4700835298459176E-002   1.6656860775111981E-002  0.15726430832516616       0.68695193154584588       0.18330181435868217       0.21330232370088709        5.2200632410077330E-002   8.6069660135034545E-002
   1.9700314007609279        2.0346551764978673        1.4830225129012675        1.3766444663065946        1.6272655593925591        1.5425947508390654        1.8196477069054111        1.4238241331850248        1.7026760356122204        1.5372343985655892        1.5456331524716218        1.5770491366289223        1.5087952483232070     
  0.11554563243043996       0.83130369809015137       0.63362877501576420       0.10714992316904379       0.12132897662693952       0.11835814811900858        2.2417715975547731E-002  0.18882086116902572       0.72566753971466824       0.20687202476693564       0.24806820653182762        7.4244667927278615E-002  0.11333628000274118     
   1.7276948760011368        1.5956823061368013        1.5718107023305672        1.7007576616725459        1.5223268682816438        1.4944014381572721        1.7441248508453655        1.2908828875961391        1.6258802486245942        1.7470582630674116        1.8995390000029766        1.9517945824482568        1.4971430780036490     
  0.14917359386839751       0.88694359199091366       0.68813378703348482       0.13632372837659529       0.15321371040529597       0.15045936698526444        2.9378315659788753E-002  0.21786089652981161       0.76501094771392764       0.22933914926089108       0.27575718843356517        9.2711859139192568E-002  0.14249875888667451     
   1.8212999160857264        1.5789251896583161        1.6173541502170992        1.5223468674143334        1.4549096572108458        1.5296593041242981        1.7590601330759390        1.3091803545659639        1.5048507560444380        1.3677012852100643        1.6241535701295740        1.3216218318589541        1.4941961020927315     
  0.18443672930504063       0.91895816536316355       0.73399932205486340       0.16523560780400240       0.18188544778788387       0.18270360122832505        3.7204507472136203E-002  0.24294261973676870       0.79632094589392244       0.25129088951148404       0.30371106949605481       0.11213076387828304       0.17748099887056376     
   1.5846940067737361        1.5872583854959175        1.3632325850614988        1.3129233074094757        1.6093962380626543        1.5751840287410461        1.5761345146005423        1.6852136518914942        1.5551917003947944        1.4906766823016440        2.2174913126451616        1.4800234760673756        1.8283690245664013     
  0.21506951218086090       0.94053553505000209       0.77456786436691283       0.19606220042382982       0.21060159380452886       0.21103937846764809        4.5396381043489573E-002  0.26750040988765628       0.81976203706345041       0.27154212247112802       0.32677603489809842       0.13100646160841409       0.21361441513910195     
   1.7780528437402674        1.3755266184868309        1.5315915000889122        1.5182542626909818        1.6871091928920332        1.5835091098742728        1.6544505630415218        1.3684578489699617        1.5494319664994367        1.3500551631606776        1.3988038386621777        1.5116679937263067        1.5114573410306862     
  0.25175138885361997       0.95483444596912881       0.81059454002548603       0.22732159018377573       0.24355445453081029       0.23733360594436662        5.4085790507195718E-002  0.29093729551200131       0.83955129038244514       0.29751752073075977       0.35275701013407762       0.16172549415519191       0.25337607738651219     
   1.5772975289064350        1.4970109028578686        1.4402741077738441        1.5529155048699785        1.4443741904620162        1.5411499598326279        1.5600641159960722        1.6277101962902829        1.5087997078689517        1.6022519312867127        1.4519893217386441        1.6414731239101314        1.6185197098093522     
  0.27533149294595549       0.96480196482058478       0.84230872692643866       0.25989479268084892       0.27842361083419420       0.26912356661182235        6.3670747310534348E-002  0.31361120051870517       0.85727704429751816       0.32538183714941749       0.38026846324082586       0.19208627788429355       0.29301846583666791     
   1.4822949157082548        1.6762684685339513        1.6107704269525405        1.5199552415147317        1.6022412461917603        1.6544049420815277        1.3461884411828895        1.6340420494719639        1.7165619524118265        2.2466216302458046        1.6750355798598484        1.5803403947318684        1.5785483551911117     
  0.30241548044593514       0.97154421303304639       0.86885373763637586       0.29426336275351156       0.30823476654548615       0.30135357421599762        7.4129573067072740E-002  0.33832908119436506       0.87187218583578496       0.35001333639370397       0.40447291350115727       0.22857246986962609       0.32838335156913506     
   1.5354323259963338        1.6573237063321777        1.5828128302016842        1.6411138929457407        1.5696397593164637        1.2925616929881294        1.6150343268883567        1.6640538194535108        1.8102724126275260        1.5110252423266768        1.3595062628516252        2.2578025775315820        1.5691341242652881     
  0.33565600997991557       0.97680371705261515       0.88777431410474150       0.33135575660385658       0.34122534958786294       0.33677245186210669        8.6496050392116774E-002  0.35978898594937025       0.88394698738294597       0.37413157689673943       0.43242509634420351       0.25372618963413385       0.36984516185537175     
   1.5660762452519585        1.3449663791902073        1.2945593787423881        1.4899180111470729        1.7289664105065414        1.7308873266069265        1.6392773599233263        1.5847404821671878        1.5018091261892423        1.3050821432640907        1.5190111827549118        1.4795557533059276        1.7240933539348793     
  0.36674652620208165       0.98114650981439655       0.90273855727436425       0.36773525326863293       0.37472498035292956       0.36885073390731715       0.10096157231526857       0.38329704957489819       0.89504487530496779       0.40054749619637714       0.45405481463435515       0.30055406511768179       0.39776359652366483     
   1.5309024803846158        1.3946891938974633        1.4081475373028025        1.4931926134687836        1.5733460028009154        1.9429896834222495        1.7227082782047394        1.6177406830449910        1.3585412942031687        1.6102716580488690        1.4353912447264783        1.7347424901554780        1.4927337110629357     
  0.40123934697959407       0.98463262220622361       0.91731461310860674       0.40724211402511873       0.40501381151335247       0.40059430409756502       0.11590603455307305       0.40772209065249287       0.90492185680127468       0.42797445816561924       0.47820807078890681       0.33978524261840920       0.42563608572139272     
   1.5816911439609538        1.5410683505573874        1.4397728635020077        1.8220479876037965        1.4429076788548543        1.3066314057215931        1.2805584620053065        1.9873934482627100        1.4444482589807310        1.5643511235044820        1.7106142917993090        1.7059094867324034        1.3564152538426466     
  0.42853705900988048       0.98739524208022988       0.92947368354772686       0.45258117040336998       0.44116282656033445       0.43432955786139810       0.13310857593509798       0.43673844437016068       0.91360515073399151       0.45882032532214417       0.50447568245910113       0.37893986011274639       0.45221155597151252     
   1.4932807051120383        1.4086346165540173        1.5415020970617506        1.9691791019058693        1.5394084249019850        1.5888832246678020        1.3634974764883829        1.6099520861589975        1.3251881894397666        1.4604550373556990        1.7161398972886330        1.5540768781703163        1.4659382001097654     
  0.45626280905203037       0.98977425015177056       0.94147521775229381       0.49690182437688496       0.46995686528034225       0.46563738859184778       0.15202023819827062       0.47100953797888379       0.92181428952330779       0.49036337726628221       0.53543091534653597       0.41738663853641333       0.47680605649557672     
   1.2502048059192854        1.1947552810460007        1.5499424835855362        1.5783489238365942        1.2767286945180123        1.4527090644885843        1.4966046433724549        1.6177051473779935        1.4433853610137981        1.3690425805094282        1.5838987124126336        1.5581340509512152        1.5345988932175068     
  0.48439533182840566       0.99182291133943523       0.95050975039949304       0.53690790256952869       0.49685579652374873       0.49845065405047878       0.17281137155512830       0.50811092222711807       0.93017702401787095       0.52131105616546081       0.57102742922971916       0.45928973161128284       0.49868613694402603     
   1.2333478136827924        1.3385336878564182        1.8906541826228296        1.3115982361599745        1.5120178882454185        1.3810764467214927        1.5718081266392476        1.4574981913230960        1.5475423597335773        1.5023607826631762        1.5062130519326420        1.5447731747687132        1.2927579695139892     
  0.51088871682924775       0.99340437252354674       0.95859749112676362       0.57437882719316180       0.52619953067906544       0.52945572158695409       0.19391296793446919       0.54568219712498600       0.93735362794096411       0.55050809972589598       0.60119402202108052       0.49708140206980522       0.52536951544780131     
   1.3096183938074484        1.4996639958311890        1.6232262968088531        1.6230790685289020        1.6114432180581937        1.4105041308697379        1.4417354293329414        1.6390597574835370        1.5811422335245033        1.4561646915494504        1.4161265720819649        1.3601383761927326        1.4189389052373467     
  0.54629802799346050       0.99470856393402562       0.96540387697537178       0.60784596017168124       0.55506413485107398       0.56464977137294825       0.21682247085133244       0.57610226161360001       0.94387200504766178       0.57783294735797275       0.62694803489413542       0.53147800260151756       0.55640773728531912     
   1.7622341745093493        1.8189685180329882        1.5036246958469039        1.3937792293341849        1.6215442121919075        1.6643871938724604        1.3177716728018449        1.4200517762729767        1.3050094437564699        1.8211335163446778        1.6231927782364384        1.4620883685217716        1.5345395239748265     
  0.58158605546819231       0.99570126208566800       0.97059553464700299       0.63883897654655675       0.58381934137401148       0.60059036237869967       0.23990852624711834       0.60114157932890400       0.94981212402983961       0.60625070999151298       0.65208385672575808       0.56660256087334482       0.58608583343165555     
   1.6625969636023370        1.6195368972392148        1.4951639317010563        1.5221941710551361        1.6351407555893291        1.7049413804042142        1.6520626502894644        1.8917804319047182        1.2908190517252258        1.5517317688395316        1.6659006903051143        1.6993892600638638        1.6634980476472481     
  0.60947333710766183       0.99651449227883526       0.97482656512686228       0.67175041188140949       0.61589206454538115       0.63556491502211887       0.26338606227584371       0.62250366433405413       0.95553570589639281       0.63206292712470957       0.67908866983353822       0.59558827967462125       0.61742670090672025     
   1.5960111332763098        1.3066307454123300        1.4714089402915924        1.6119231985192009        1.7611480620187361        1.6179558115426984        1.3944368711168509        1.7239305198754316        1.6941099931823476        1.3978798304641118        1.4060457353387097        1.2828883995709381        1.5091700141987843     
  0.63865936775514331       0.99716848002098346       0.97930707130221573       0.70855175009652793       0.64702054492817729       0.66860789235458473       0.28834578527948496       0.64385827482440439       0.96029156749714417       0.65584081035004915       0.70679689580840810       0.62518789016916543       0.65217803819143860     
   1.5108105059023709        1.4625411232575476        1.3807791413250634        1.7797583976909586        1.5050376466782303        1.4425423006678952        1.2547763077158856        1.7303986510573497        1.5647665505414035        1.4595745127597282        1.3395654832731043        1.6965957740315376        2.0392903970361038     
  0.66934405967977573       0.99769727831626931       0.98367626951426834       0.74575659919974491       0.67700751205568843       0.69912216263591842       0.31606807944329973       0.66241810322034234       0.96478946802072252       0.67749902672417850       0.73369950145374185       0.65381814695345231       0.68617733959566474     
   1.9123119895767322        1.4962955225280794        1.5240361797881519        1.5426631006793032        1.9128488321294528        1.6933841560374219        1.5567630690299499        1.4693270294336656        1.5432945195035210        1.7226317274696241        1.7455543867611667        1.3248305555622990        1.9410862074698629     
  0.69970864121474896       0.99815730668687319       0.98687633330248026       0.77669646635543776       0.71006242361055771       0.72938738518345136       0.34945537517815806       0.68126023431175731       0.96896161626055211       0.70116524836890526       0.76060549964131785       0.68487185364285852       0.71849337816770020     
   1.4721839212825285        1.7824856653863257        1.7898351430322967        1.6231611759093934        1.6111237943336723        1.7619197316989021        1.4747853316976085        1.3442483122420736        1.4672073976177928        1.6906414399244893        1.6915303474608936        1.3519914690718378        1.6078468505064571     
  0.73674106491452718       0.99850740120686154       0.98937101983175868       0.80305965469228813       0.74516908537156090       0.75945268125848120       0.39106404786928117       0.70166233277215317       0.97318446004789894       0.72150653143135146       0.78894267936664608       0.72088379908206590       0.75011379927252630     
   1.8499691931898630        1.2523378064299240        1.5826093898487334        1.3239365677461890        1.6789467870171635        1.5564766161958943        1.6828723575231441        1.4716754699023127        1.6486295038559358        1.7520059733836526        1.3354404180940778        1.8241237041305549        1.3961315067922733     
  0.77306903488008960       0.99885056996068666       0.99153760282102887       0.82931147143858464       0.78119439597808649       0.78873690773712635       0.43604581212982702       0.72358968929077316       0.97720042902557869       0.74206064478600975       0.81576483330187333       0.76042894470439415       0.78430530715556457     
   1.5623831812142694        1.6653580736489508        1.6770573783157303        1.4474195750274697        1.6663009767831340        1.6428114313572311        1.5074890770937222        1.8506218342323344        1.7417569917200191        1.3628023646813066        1.7015741922878131        1.4931088922102878        1.6014625981781514     
  0.80999786607046931       0.99912222266411488       0.99335721665131604       0.85838002847746764       0.81571596965394955       0.81846527226749866       0.48226265149473979       0.74918915949066722       0.98097134489770288       0.76391679019689718       0.84260850230930118       0.79661636784992407       0.82066867901812290     
   1.6784515463347651        1.6150269004275637        1.4135893314211325        2.0899167641346961        1.6599861922811867        1.5469474761552011        1.7817997841572151        1.5478876643550983        1.5621402157758226        1.7825726214476167        1.3966851012177277        1.5324660059597057        1.5361877394002716     
  0.84628965948680801       0.99937469000098511       0.99486636376788873       0.88323407957821809       0.84489393444876282       0.84842042250546179       0.53259043564757769       0.77701345162989899       0.98454815561841658       0.78648658827782469       0.87056187894470660       0.83121000127575362       0.85438430951935951     
   1.4850708570384734        1.4957298773137213        1.4525965310975657        1.7443402422252245        1.6918450864466064        1.6021134622762800        1.4911190029327948        1.5446151657446012        1.4676066374560583        1.6624414010720492        1.6492283186985388        1.2652860445273697        1.6424385664243162     
  0.87816399084368935       0.99955683780310922       0.99622108992728120       0.90844739507572092       0.87420655526424074       0.88004073519575354       0.59125539753642142       0.80520757643589280       0.98736421164103261       0.81029379820016545       0.89814193848673529       0.86486478543441314       0.88463138386557694     
   1.6522270459373118        1.6182259035899687        1.7205731356660598        1.4611855301209871        1.2909519099474589        1.9029673580404096        1.6584945882350215        1.4926457579458285        1.7440120490864606        1.5329951541649485        1.5766998806101746        1.3498431821287851        1.4593932868923163     
  0.90870960970998726       0.99971026474276092       0.99749360902282302       0.93445409122512990       0.90625149475005085       0.90997554564815020       0.64902874555791257       0.84570636287319056       0.99008757914884826       0.83008166845589204       0.92363135186243306       0.89761602822937991       0.91589863582333830     
   1.6577980401718435        1.6082418199114952        1.5190694113243446        1.6919397828646112        1.5693685067576379        1.5069665725391355        1.6160344945464951        2.0352070667937583        1.5230066481468376        1.5353891801532407        1.5401033386426026        1.3790347363067357        1.6007335828343647     
  0.93771877468348219       0.99982677471921411       0.99827599161095304       0.95877645849964310       0.93856877993706389       0.93948538039977192       0.71753953104559709       0.88514066462294572       0.99266684199843935       0.86171077773681770       0.94921175236700928       0.93000496917894304       0.94665492250800232     
   1.3734373739727210        1.8971254972179372        1.6159160645374278        1.9068574693484135        1.3072230203428847        1.4694204507793693        1.4958600246971328        1.3212881114119366        1.5797762313141062        1.5886768580812292        1.4876499375007524        1.5999433923031321        1.4017580467462594     
  0.96707116872949328       0.99992098957866327       0.99902809735957487       0.97964896012229807       0.97566669626782199       0.96909274700295589       0.82888907238353748       0.93219880782971698       0.99550195704777500       0.91884740795862574       0.97473967546041063       0.96325784344200804       0.97554936727537978     
   1.4042364760200763        1.7326373707848606        1.9666721430056111        1.4953533130756942        1.6832371147267906        1.7662932440386745        1.9081107927288965        1.3917523283755326        1.8504815770546985        1.8775129631075158        1.5952420054868288        1.4698842224284410        1.8103098196693792     
   1.0000000000000000        1.0000000000000000        1.0000000000000000        1.0000000000000000        1.0000000000000000        1.0000000000000000        1.0000000000000000        1.0000000000000000        1.0000000000000000        1.0000000000000000        1.0000000000000000        1.0000000000000000        1.0000000000000000     
   1.4105357783042438        2.0490585229165736        2.1296435009106327        1.5038313692231189        1.3938548197194076        1.5402431189834516        1.6396314741002198        1.5680755873769538        1.7723997123574498        1.3018827416973044        1.3482561206762889        1.5246176586273124        1.5722950440607102     
   37.719405014749469        11.136352933068045        8.4229026064080461        38.910265404850648        32.139038062901257        40.366476665670007        64.850209549711607        42.193694833933115        20.876195753786075        55.360218631998116        40.301886132414239        42.855323904999153        40.299978342610736     
   38.534813202368333        10.429807791273594       -1.3962977004509185        48.905913952133893        53.435665719681772        40.398668524631674        62.810375571496394        43.443396918460252        8.9794022349116176        57.770887280915304        41.640115830017052        42.474775809036558        36.331152970881384     
   53.303676376531243        22.124624860534247        20.973146710518456        52.721232471539416        44.971818385584044        49.918356025224732        48.567044698899863        45.169289938646578        1.9907018776197383        53.231021944515305        35.014915115059061        49.620064151200367        52.149883710542348     
   45.849909578950545        16.850872918799389        4.5276867458626473        56.535078780983909        47.025532290772702        68.430674624113649        33.232771554777813        41.671116749470194       -4.6696475376787845        50.737099163395520        52.980931521160699        38.185954815926337        36.231502483186176     
   52.702449320455386        28.087310641407491        17.189712897837552        47.952638876660352        47.575596348504703        55.507235019082671        41.892366762832410        50.240639532614310        11.558225780549563        46.001631100182820        44.899200340823114        50.691912363345679        39.241850641049282     
   48.674040318866723        11.889547705489070        16.071738451376810        63.661566410760649        40.919774510636486        43.324619272152646        26.249249684140885        63.729194289192215        23.562691604278221        40.992028034711197        63.635078349842161        42.768955875488302        74.147416093749570     
   50.951267684167831        16.598870878828450        32.117049565768092        51.545863701168756        49.273292238448974        45.328985899510869        35.624391469222502        60.638533114223662        33.833896367124474        40.782066292335244        54.146992660290032        58.540990924717761        51.110947461388150     
   54.148938508880711        65.201012297163487        72.708710275768027        30.542600151377751        53.301612507193354        39.848963095119295        20.586476239257223        35.898477209756933        74.281888448673527        56.410442412876755        46.657677516693759        61.139275769908245        48.671757497790132     
   17.553858334693231     
           1           1           1           1           1           1           1           1           1           1           1           1           1
   4.7187493593443524       0.40513834583854808       -1.6258903826326405E-002   42.973910102738195       0.22651622368968058        2.3033616422109978E-004
   9.4664666667953853E-002   9.6555840445061894E-002   2.8128187354244685E-002  0.74209596422376511        2.8112630212347899E-002   2.3724285177663980E-005
   1.2370775813842211E-002   48.978550455048314     
