   0.0000000000000000        0.0000000000000000        0.0000000000000000        0.0000000000000000        0.0000000000000000        0.0000000000000000        0.0000000000000000        0.0000000000000000        0.0000000000000000        0.0000000000000000        0.0000000000000000        0.0000000000000000        0.0000000000000000     
  0.11759525233561227       0.26987975467084407        8.8175837151481209E-002   1.9893507570877770E-002   3.4686284456811892E-002   3.5119583364966601E-002   6.2004769896724814E-002   4.2382802964174224E-002  0.39902816834648358       0.25621264424493739       0.15006567887422917        1.5576543489870450E-002   3.0571856378223884E-002
   1.4131352151789853        1.5339445570385528        1.6351030688282064        1.5470810005526474        1.8845509631024249        1.5831464064790344        1.7070075624619689        1.7324484681602430        1.5131175930983105        1.4423249231280471        1.5473422796745233        2.2119383852126524        1.6603375049047004     
  0.16925057223113599       0.38935323686705325       0.17730395608051880        4.6344158879209819E-002   6.6039538036142209E-002   6.4781011530365085E-002  0.11774037086720392        8.3392502307255034E-002  0.55446105778958921       0.38248203357728899       0.22302327374541697        2.2596162499952246E-002   5.8943894465026084E-002
   1.8507755476681917        1.6063560719849348        1.3914272527295195        2.0043237364729176        1.5942260703191342        1.4269682750029788        1.6130148957148964        1.3564661945879100        1.7713614958497483        2.2126544908554102        1.6714938788809446        1.7142106971926261        1.8639824946732069     
  0.20138869022365491       0.46207839829536584       0.26347922805074980        6.7658928042130168E-002   9.5215084936633804E-002   9.8574015415839725E-002  0.16194384126870887       0.12164433938778466       0.59180542171311412       0.42804802600448100       0.25955244081514084        3.3685506735312953E-002   8.9190623902934155E-002
   1.3654472943840696        1.5759633275565357        1.6725387196480435        1.6139784117036993        1.7060223199658939        1.7453632795519354        1.5004870918737516        1.8398699690658018        1.3985333459166269        1.8453572154934246        1.3725477318266868        2.0452269939106102        1.6329631339073774     
  0.23361460470919737       0.52093442585742078       0.35510210134900155        9.2521925079677353E-002  0.12589654481338861       0.13174883376983942       0.20060752278404512       0.16061236177017865       0.63844946883027498       0.46487492968991312       0.28520270942719045        4.4967404094167704E-002  0.12085973258624469     
   1.4183389247115601        1.6672175954957187        1.6573954620694780        1.5886358882252860        1.6392642462725753        1.4978473027355137        1.8628660996327622        1.9716321362130467        1.9624699463173640        1.4836763322887121        1.6462097666154434        1.5408991617709233        1.6619658778377648     
  0.26725754117325745       0.57718429791545889       0.43777838181399131       0.11055901648701497       0.15406846327426138       0.16681116791313333       0.24127202069150480       0.19986031549920011       0.67801826064354553       0.50084564597566694       0.30936371588052802        5.6716561761332523E-002  0.15457317066642462     
   1.4144109310442716        1.7482578275143195        1.3580029258733608        1.3693419514381302        1.4670844885803529        1.3916535494591959        1.7032358408271813        1.9504060226348776        1.7903726220399565        1.4716207368825551        1.7389074804254561        1.9823412739448221        1.5824761576745145     
  0.30019095879834462       0.62366885547946183       0.51487566558079156       0.13486400584183642       0.18287240966356663       0.20268133342489200       0.27798564920545787       0.23339476830921729       0.70698805413146248       0.52985374179514244       0.33591508401876286        6.8717806163210784E-002  0.18893886692220485     
   1.8340303797619208        1.3750144121512313        1.7762540961165663        1.7856741897936330        1.4513410714518742        1.6886070824231463        1.6391468064725072        1.4993948597929252        1.6549447325349702        1.6262564412562248        1.6992428606738441        1.6106297659317546        1.3969946657746031     
  0.33180933735092344       0.66185893717529587       0.58011176000241427       0.16131346870322907       0.21316217053538522       0.23736059229269610       0.30524307195515371       0.26917446464022832       0.72979796139087638       0.55719292037435297       0.36253273892481558        8.2597468345338362E-002  0.22359553651712277     
   1.3893521134340074        1.3791133889964029        1.6989237095639278        1.8040712999549124        1.4940515305735018        1.5345965333025173        1.3576311833684145        1.7453281707322867        1.8435164681018901        1.5568500767496423        1.4098129798105254        1.2597645348088431        1.7133664303191489     
  0.36644357088104190       0.69407447401451583       0.62925850012940021       0.18471604537133612       0.24300355098645665       0.26928026635634777       0.33117618114163988       0.30571168277038102       0.75034749443516824       0.58292437632760896       0.39169732580923555        9.8407748584189561E-002  0.25871096762163959     
   1.6360391370294540        1.5102207943043839        1.6439777108072675        1.4202883683248775        1.3876048723289716        1.4581198763642811        1.4885167119156284        1.4446765585751991        1.3113432783643750        1.9942625262535072        1.4352064620224336        1.2589597893340403        1.6500633815823165     
  0.39944058123213405       0.72282466313696703       0.67363711797524839       0.20798969791751995       0.27262266797023521       0.29984441460719796       0.35820410064357577       0.33503454374933261       0.77047232451715986       0.60357326586602777       0.42405401664929321       0.11720221696889756       0.29399315538983106     
   1.4801666142149832        1.4688814277784137        1.4082837482981923        1.5841482780637917        1.5256287680490457        1.4988225140588911        1.5550059886338068        1.6922148523331024        1.6799204285711486        1.6407845247269026        1.7273485443904188        1.3042832158053230        1.6637347425749396     
  0.42994803979317031       0.74770489070324841       0.71224160909455314       0.23230106978872009       0.30730908814749475       0.33026748332968303       0.38507309532809297       0.35849086539419495       0.79019543572805617       0.62475529490503967       0.45613880379179339       0.13943418319261630       0.32789656026514052     
   1.5192220068120879        1.5447504038782900        1.5035490713829074        1.6389323001946681        1.7357721400475115        1.5870562263722439        1.4394130525903124        1.2708203853933335        1.5217354368678149        1.4489342275620536        1.4534786058182163        1.8593014842013373        1.7603969754718849     
  0.46123778615068395       0.77254821265595663       0.74830443642821887       0.25537351818392473       0.34396099407642661       0.36300929850140923       0.41341236295541411       0.38142009069813093       0.80807955614934490       0.64184438044796432       0.48850928863906296       0.16406738136986596       0.36075133168830703     
   1.6262647164381563        1.6665781562014648        1.3563376877510283        1.4563586050597115        1.6980567990003628        1.5765598372015672        1.5396330325955512        1.4422416062073495        1.4149586386671638        1.4897658195066992        1.6863272853898550        1.6260536807978923        1.7318212839545806     
  0.49184898363849694       0.79763645553952922       0.78233648120892341       0.28179458189952078       0.37485524665668918       0.39759686747195810       0.43896742034330360       0.40246617878568408       0.82353761903036948       0.66208322123399022       0.52014002034392581       0.19074791889294510       0.39465867744474481     
   1.6663721596152381        1.5458856778435062        1.4636418774721955        1.5470862258045455        1.5295195174762248        1.6392647627777019        1.2982499114869133        1.2366652410255095        1.3224563108406140        1.5646888316961227        1.6385334174834372        1.4589189929926465        1.4457770450326504     
  0.52117931509076643       0.82142239749844659       0.81235144940504211       0.31076924477239148       0.40299220815655690       0.42624207033662570       0.46472241086706972       0.43027162079998110       0.83854637752736771       0.68074525998797042       0.55166387093234215       0.21926668169656566       0.42853871796109833     
   1.4969124334454413        1.6637556434266094        1.5375086487105831        1.6007597986433562        1.6355325846227109        1.6749748921651844        1.7024314863881700        1.4045095319213277        1.6285093355887443        1.6163612686350053        1.4707075310955879        1.5923682070610732        1.3827346675490468     
  0.55024408051814466       0.84107695964089380       0.84470552620843076       0.34175643773640901       0.43244860568159210       0.45205057068867471       0.49177533381347066       0.45919834715182478       0.85155427159288277       0.69354664310599001       0.58462610626489819       0.24852669221143545       0.46013227952997643     
   1.7131688405574430        1.5066529298712659        1.8152347230040609        1.4465161409296570        1.3611345071788230        1.6442324790045464        1.6986987646466922        1.6348268437823383        1.7282849735225150        1.4246198510690320        1.6916902926182784        1.4643079047289318        1.7067102444350510     
  0.58215200966667258       0.85755381459282665       0.86871385624719910       0.37544012168263496       0.46424403924279772       0.47529126026704549       0.51912719407459018       0.48543277965780507       0.86293379433372885       0.70708683210641499       0.61585883990642243       0.27812282321428289       0.48999905383100850     
   1.6765349760027020        1.6463404548064229        1.4243264606137787        1.5197353709766603        1.5994379623752852        1.6627344293156952        1.6790093815704867        1.5536594416982190        1.3726361441904404        1.4801454138196384        1.5537589076588063        1.7387831524937245        1.4208919142658545     
  0.61123463113979293       0.87262319364229157       0.88826680280075077       0.40640435447805978       0.49505726642564896       0.49994594757084776       0.54443040208109728       0.51281050254412930       0.87396157441481270       0.72251701545506275       0.65235876307631768       0.31207700507135538       0.52002314141220196     
   1.6139731786339868        1.4746330082723049        1.3331407769005550        1.4833913249820820        1.5992912543592268        1.4284976520063926        1.6191672484794528        1.7307379384548200        1.2676618275329270        1.5959769436301026        1.5225252906604276        1.3223562764507470        1.2370667351793458     
  0.63986162141758707       0.88674587826427054       0.90623086237343053       0.44472818838544148       0.52737339564313790       0.52718406395603024       0.56816836189446740       0.53624234455571862       0.88445897763769765       0.73456430971977049       0.69030290379219172       0.34885447363842481       0.54846921612553079     
   1.5370353593385637        1.4508002384424465        1.6754891183965666        1.4790690739305008        1.5577148529566398        1.7050703152818525        1.4323917624258378        1.5008633907145068        1.5510406229377716        1.3677209952668097        1.5345373371794004        1.5935624102458745        1.6067303602250698     
  0.66894786773826576       0.89938752207752237       0.92039972108007939       0.48517988499300158       0.55947561190883699       0.55758328103766364       0.59153790754224400       0.55888408258352729       0.89420792264583271       0.74576766577440934       0.72752881313758822       0.38440423431056214       0.57803176186021032     
   1.4677780506457632        1.2305108887145391        1.7296716662382032        1.3459584246227672        1.5299999045837567        1.6925707913791650        1.5459913417087012        1.4194822036294383        1.5394625657544281        1.5378467003374972        1.6862484885981051        1.4856425783450111        1.5476431915394360     
  0.69581514748039419       0.91263856778898222       0.93389875265448097       0.52917539154662685       0.58759319468000215       0.59039291612722533       0.61442480945456968       0.58294426265847665       0.90350169844932748       0.75647223491465276       0.75897888673138059       0.41949378331445109       0.60746549812158124     
   1.6214535261343839        1.4223847912399157        1.5489601680317313        1.4595785810374660        1.8164130991489051        1.7673320196522126        1.2871881269315697        1.5345430562788600        1.5072367291693183        1.6276674090465466        1.6369962913824605        1.5279470024828892        1.3860457397599117     
  0.71817355633614999       0.92373628898439808       0.94519806227152137       0.57429263012438603       0.61560268450764155       0.62000006926802897       0.63747576897655167       0.60710814838941796       0.91183508979278005       0.76698058676495162       0.79022958622778627       0.46040575680056561       0.63591015836908504     
   1.3874095388608119        1.4206903116472571        1.5266148615459343        1.6648169735019571        1.4868590003471776        1.4998713493261742        1.4773247933767095        1.4164266767607723        1.5869174544617668        1.2188867524763414        1.5038165449672520        1.2881712644864638        1.8136085988789423     
  0.74288208465764760       0.93445952508892460       0.95393837987992414       0.61704038800112626       0.64480447323408896       0.64899747763604332       0.65887740070108236       0.63112354701843465       0.92044926267863603       0.77786915929609290       0.81765567567258657       0.49718739060074690       0.66423766389763794     
   1.4565952888459757        1.3714676993687771        1.5010130282787355        1.7385940995839440        1.4427246520453225        1.3171839459064569        1.5097981236871814        1.7012677749545766        1.6172182584804518        1.4315848490864509        1.3009500155003348        1.5941867959039497        1.4527538107689695     
  0.76725479635011951       0.94490743836636104       0.96153932779105999       0.65637395929311837       0.67402794031738900       0.67634558387637500       0.68376698984891537       0.65780670047515688       0.92912058877678505       0.78983091864635468       0.84671829957662825       0.53316762099023618       0.69206180827668595     
   1.4710783939114378        1.5450887170091516        1.4977004882973870        1.5691443213446039        1.5664119949513171        1.4580536624710949        1.5425814219561034        1.5293304402145143        1.9451690643921078        1.4513594825787166        1.5320243610975603        1.6436907413810262        1.3024834001774066     
  0.78906593732293928       0.95427259682744614       0.96818070943206258       0.69783331114354241       0.70976770496775832       0.70569575343895374       0.70793627371495371       0.68653742027767095       0.93639250388907602       0.80135161820347445       0.87166320274967191       0.56923705288212978       0.72133941277847247     
   1.5839609634384846        1.8449138108052647        1.6852568626076951        1.3184816649319657        1.5083161926579172        1.3806385642488475        1.3212863275563518        1.6159904204635491        1.4074660752833827        1.5903042868033188        1.4353291577900074        1.4675654592429730        1.4949176301311047     
  0.81088608201382684       0.96301228554031448       0.97374574748990161       0.73700359840188090       0.74215058937879230       0.73483437971600452       0.72930503225111554       0.71561873776794893       0.94334835705286824       0.81197914669456794       0.89088961849254411       0.59945781647045293       0.75599338498685686     
   1.4877796342509950        1.4831335660628138        1.3861450192527192        1.6491696813667220        1.5305207876738216        1.3737493839017567        1.4707411922938638        1.4034120192311668        1.4360206892078649        1.3342852335916029        1.5115499997454038        1.4692493283981591        1.5652588165128487     
  0.83492244367192414       0.97025473436165410       0.97859452081028342       0.77510861338142989       0.77259096372182068       0.77155985549336858       0.75197978576366120       0.74485778335068020       0.95008403263322383       0.82343387995405481       0.90843411718197942       0.62989021539354606       0.78377531521199584     
   1.5557678252754850        1.5376148440899200        1.6241867209754968        1.4958245435534254        1.7081806779485922        1.6237582135759769        1.7797298646557278        1.6049799257305160        1.5443550289844006        1.5497205525002991        1.4282874030567447        1.4861221689288879        1.3490449547962695     
  0.85904368870748526       0.97615639140843202       0.98286835203112433       0.81007370296148784       0.80805977881424496       0.80319121513463387       0.77680121489645959       0.77717872165163426       0.95694513908643175       0.83521439873852354       0.92567692834450721       0.66164311642528584       0.81488061077851670     
   1.9455179823419859        1.5663567713975590        1.6863799009426299        1.5321497511926254        1.7788007140318256        1.4226568506623671        1.6230264011827604        1.6601767701486538        1.7281672190975510        1.7796529931313019        1.5938174609408546        1.5204956324815357        1.5514829090377888     
  0.88322692702157046       0.98111236485262254       0.98659975925491383       0.84205489558358393       0.84004816420926154       0.83770770422053042       0.80286081425643141       0.80701019447099887       0.96337988982947487       0.84773702115998562       0.94421319453856722       0.69709897121259889       0.84697472526301520     
   1.5805636955724101        1.6613438564327951        1.4935434052628760        1.6423981621498529        1.4226810231832938        1.5332206269152808        1.5590904256999385        1.3650481369546614        1.5180939807027831        1.2755579467494427        1.4303207447129178        1.6636283666386529        1.6293150981292044     
  0.90487913169911638       0.98556693068323353       0.99008352682499789       0.87520030628982715       0.86699193201784475       0.87249229390630056       0.82664547090888962       0.83769334233724324       0.96944143087861567       0.86114781938999341       0.95808975048138900       0.73927197222976637       0.87994840801472873     
   1.6719923822904470        1.4172884860169643        1.4320486602769444        1.3370452363248555        1.3905889411373566        1.8858509831330190        1.5272679784560463        1.4043392642272337        1.3467299773347954        1.5737231467509825        1.4873992832949294        1.6515729945196089        1.6274629069510578     
  0.92699269495354375       0.98951425050293895       0.99317792164758534       0.91154399673776909       0.90058360237665791       0.90433855940990637       0.85396419858733841       0.86815227139658868       0.97528472344237294       0.87613247961920415       0.96989140161160026       0.79701160659831882       0.91911032163581907     
   1.3964713471725045        1.6288070866308606        1.7893366184180106        1.6106081341745015        1.4515958500790462        1.5938083925778341        1.9078787946006239        1.5566340308593609        1.5219811916590693        1.6354934340295317        1.5090176854498221        1.4462804255675803        1.8472803160393134     
  0.94743423263811855       0.99322764733025881       0.99562148668325112       0.94452837931881417       0.93314596268851702       0.93773796543179244       0.87942565735041256       0.90610854639201888       0.98137429395521836       0.89769181877872140       0.98006369253617820       0.86430104534523022       0.94721488625289996     
   1.4738716542225530        1.9087428353922062        1.3514246491083231        1.5329127568291370        1.5547396846760788        1.6058046798873482        1.4754435979449985        1.7719375113566807        1.6149947512503127        1.7688802132574173        1.9510905298727570        1.7871791205223346        1.5815881318180265     
  0.97147600815842960       0.99688672624102315       0.99762016928329411       0.97249373330696465       0.96534675897897160       0.96870667378251052       0.91844371584402507       0.95428102230954026       0.98937237912675235       0.93718323962901440       0.98986925332217124       0.93066078816650444       0.97555402424847215     
   1.8722027713778728        1.7993108346014446        1.7438391725098521        1.7847680053969448        1.3965371398225366        1.8040507546026399        1.6428368784162901        1.6358399589659258        1.6407452658554635        2.1185635876727473        1.5407758343458233        1.4678218179238520        1.4910982635766863     
   1.0000000000000000        1.0000000000000000        1.0000000000000000        1.0000000000000000        1.0000000000000000        1.0000000000000000        1.0000000000000000        1.0000000000000000        1.0000000000000000        1.0000000000000000        1.0000000000000000        1.0000000000000000        1.0000000000000000     
   1.5244211147517237        1.9874055480658621        1.8072648950985595        1.5710785798437825        1.6455406021326791        1.4170214049845697        1.6425075796678656        1.6222648996152584        1.5417658232905063        1.2447343783767220        1.7615996770766726        1.3139444580022324        1.4232204393943146     
   13.234058685025907        32.718291511831225       -2.8543087751681986        18.734967105868186        7.6194871378802294        6.6724874627301265        13.774393926413577        7.6565594083901383        9.5221736638820147        8.8510050279411630       -3.8442198860470871        15.165010417171803        6.0304668081957393     
   12.882397532451002        19.693935277345890        13.173344872533624        7.9314753790416521        6.4260217396686024        10.679970113073054        16.497683189843542        10.367174277977194        9.5221736638820147       -1.1563197755836256        6.4440570903984371        10.066384941819846        5.7435303066420218     
   18.379894734246609        20.179162409160678        7.9447735497381711E-002   5.8790076186581564        12.577572672492582        1.2128058432106132        15.179789936110174        13.932882107485804        12.669982383619335        11.313011029475046        10.785450776486709        6.8404262686564845        5.0368534065156991     
   6.3799035920797786        13.768305961276686        6.6144530919146858       -4.0324205298225104       -3.4295659679201882        6.0684863715295547        10.387049036096537        10.099150352801484        13.150676357871536        7.8160963899110243        5.7622882834043176        9.3776908562483214        1.6859557222925017     
   11.635391826734406        6.0492245058610266        4.7097747420166076      -0.89768350545827280        4.5360475451489313        6.9372617399258711        7.5425714442848317        11.418612910791815        9.2463434939007811        3.4485726418523326        7.1382390263281552        12.731220344861951        15.093143295746900     
   12.633276636408413        10.219670000487907        3.1693727865561092       -7.2892324109431250E-002   8.3412394626275290        7.9993747154865487        3.7866503976929509       -3.0840041577057460        13.517075236462542        5.3440488705498508        4.7578256576967446        6.9451045629943611        11.306283653281289     
   2.1580424816406980        7.5627744954962530        5.1284885240828384        13.491733717290570        8.9417083070639816        9.2154442691255412        3.0248440618385444       0.49964926942557653        5.3498145376710085        8.9267613973858531        5.6543681669441712        6.1083974250832531        6.5752042937516064     
  -8.4681890575572094        2.4776301560486997        9.6226132425314326        11.731125923647570        4.9203499422459789        8.6967463029328513       -22.060144934045464       -1.1690172006000554        4.0422465782664192        6.1874648285110512        4.5417540903024429        5.0822507176997611        9.8050411259502610     
   7.9501049537110680     
           1           1           1           1           1           1           1           1           1           1           1           1           1
   4.8751772422879416        1.2762242390396306        1.1238646663840338E-002   6.7412832219234060        6.3063228185611039E-002   5.8928883143763457E-005
   9.1502063629420788E-002   7.8293827464848087E-002   9.9347912117290025E-003  0.78019331062932085        9.9316758215416117E-003   9.3126066564575621E-006
   5.0000000000000001E-003   7.9818985448703126     
