   0.0000000000000000        0.0000000000000000        0.0000000000000000        0.0000000000000000        0.0000000000000000        0.0000000000000000        0.0000000000000000        0.0000000000000000        0.0000000000000000        0.0000000000000000        0.0000000000000000        0.0000000000000000        0.0000000000000000     
   8.9275346646065665E-002  0.22421676923144809       0.53155616972220410        1.5514114728030593E-002   3.2716629552434810E-002   6.6133991859982236E-003   3.1690137186902965E-002   2.9207954294633819E-002  0.59288068655415882       0.26934684825128219       0.10464475285894584        2.6025497571987816E-002   3.3262204066212976E-002
  0.86451947775512938        1.0120997305460315        1.1610674130055787        1.5105166447029179        1.1000899740255545        1.3789023354886218        1.1034739993484832        1.0957134595256031        1.0776868916484577        1.2196152816414578        1.2166342082083825        1.4287300617358860        1.4359990728192951     
  0.14823489530693965       0.33607518625464522       0.75024876262205109        3.6146097678991553E-002   6.2239055061499057E-002   1.3487833808064176E-002   6.3135875429036731E-002   6.3300136219118050E-002  0.75062707164688980       0.34974903026382248       0.16792847173785824        5.1927957748077958E-002   5.5335054869122005E-002
   1.6404476537405470        1.1751909488727361        1.3787912453803060        1.1983099033008155        1.2614831328935421        1.4265620960212455       0.99929130352429407        1.2276730165206029        1.4941749139939904        1.1557071076829983        1.0630905761158489        1.1347229625136828        1.1280887942511495     
  0.16391222100829500       0.38071150078000848       0.83165281895021970        5.4548881581457709E-002   9.2849803736545194E-002   2.0774168862093000E-002   9.5653406651626416E-002   9.3964938151783944E-002  0.79686362289298185       0.39682619689404780       0.20821192999089208        8.1404550294344999E-002   8.3026209596112593E-002
   1.0506261505603403        1.5064844353442752        1.1183157586330026        1.2498770162586506        1.1437380982281991        1.3897176364617687       0.95434329012743535        1.2299110601052743        1.1304649720834088        1.1272832349287096        1.2899043449552881        1.3051710590219694        1.1115979211941669     
  0.18392945781667600       0.41394902088802854       0.88084304957943271        7.5074515844745851E-002  0.12460062611835139        2.8759288463235250E-002  0.12823784168153823       0.12446222444328928       0.83118138675686293       0.43139691798546947       0.24243567502137281       0.11089298041763654       0.11187385892533110     
  0.98678081487022373        1.5189692466761380        1.2097858342262449        1.0796875204377645        1.1416744928319169        1.1923890527297016        1.0402169942389856        1.1646415983327021        1.0621251887766612        1.1809180647628841        1.0804106629755064        1.3535942925927069        1.1965341837568741     
  0.20937750685493656       0.44841656818092485       0.91555707782065532        9.6333937777888165E-002  0.15753356689808432        3.7277336379213322E-002  0.15953501719882904       0.15354504601871596       0.85595719910475410       0.46264588357252406       0.27200825581778326       0.14196542768187928       0.14624532190865985     
   1.1548025571565670        1.2090773935330876        1.1042780841407096        1.2803043443185829        1.2469433704088513        1.0339955221231221        1.3390563233298451        1.2648757773097770        1.1622432848807978        1.1048290111308410        1.2404838807087524        1.3506819931136971        1.2829833936349302     
  0.23286967346708953       0.47716367635404844       0.93406084263462386       0.11736464535029061       0.19070336539646005        4.8777993802558858E-002  0.19013791842194305       0.18417577309736460       0.87610809453851657       0.48900774868296171       0.29827858390623602       0.17484902036000793       0.17949724009638440     
   1.4209113243006635        1.1563624650890212        1.0187847223963007        1.0940525385415760        1.1882521192125139        1.1837772445721397        1.3189580077343286        1.1754998120819147        1.2531140110515002        1.2212202605966920        1.2469889152621709        1.2751659497155594        1.1763220026201537     
  0.25463165096297813       0.50367140328586502       0.95028493649011991       0.13881251435676659       0.22248526715023234        5.8358582048104526E-002  0.21943346258253230       0.21595001066707747       0.89223430739804854       0.51047481796692762       0.32433528794636529       0.20903200032886385       0.21167216036136394     
   1.2653185151626949        1.2019892943798258        1.2104198349960675        1.1699610080765004        1.4024124504385467        1.2077551272194367        1.0631437022332535        1.1088532249288823        1.2303465636544855        1.0421976642934117        1.3555061865248172        1.1771228399593729        1.0710020860194225     
  0.27685858921764872       0.53564613245115689       0.96062231883612670       0.16175987424329660       0.25395903039492768        7.2546626344858367E-002  0.24771888131704045       0.24483846054793612       0.90517177237766633       0.53310716281349968       0.35052589777305510       0.24515250726052631       0.24576528975836726     
   1.0744068998176723        1.3940998689918280        1.0261831152516050        1.0770173522791209       0.99185603639094655        1.4229190032461787        1.0615886476171543        1.1388941863877051        1.0446395682579692        1.3137044683831900        1.1092435539015935        1.3034623198291357        1.2666953347291894     
  0.29977263419070171       0.55837885169277557       0.96928406077002349       0.18573693131219721       0.28568602449606040        8.6677637323276213E-002  0.27966622381960349       0.27657951279254300       0.91606672311614656       0.55206043299153262       0.37948823747286270       0.28546031909418323       0.27952125679441875     
   1.1392764426133377        1.1934914885188597        1.0418808876943286        1.1474443510422117        1.1971031261583087        1.2895844226579103        1.3393087404494179        1.1934943770740547        1.1808037987559941        1.1324787511178922        1.2867487619571514        1.2248246082078298        1.0666617411405988     
  0.32337259249240891       0.58252989631672913       0.97527900405539714       0.20829950067733599       0.31655790780525017       0.10322294227277592       0.30555226518986434       0.30511378828232211       0.92614378633351102       0.57039719063830552       0.40727542775329184       0.32315482706982973       0.31306508443330694     
   1.0609461214119522        1.2292175618331016        1.1066864429167700        1.1981931264740417        1.1283518970831232        1.0932336137474234        1.1571356112928175        1.2122275775992268        1.3199290642350379        1.1426115087468283        1.2492098052946863        1.0950074250816457        1.0067917466028629     
  0.34715309610506201       0.60646781535314487       0.97998066020055163       0.23106316863210827       0.34679220384527681       0.12096565813906214       0.34034905459475889       0.33777139865685746       0.93452308874309076       0.58936408626018544       0.43505342360249238       0.36027582139743836       0.34639814039616601     
   1.2277892854755061        1.0404933343818090        1.1371636910104512        1.1336234676541079        1.0549235410316913        1.1043878651876748        1.3079986943618453        1.1884621165174227        1.2856824722712272        1.1355423443269559        1.2046496920602088        1.1879946830421459        1.1939544511045521     
  0.37039179954437979       0.62724806191668703       0.98393619859101589       0.25530269603569272       0.37926075336112741       0.13970616036664829       0.36821730473766551       0.37001521276951027       0.94232137414110850       0.60546335957197106       0.46437333867451591       0.39861742366346947       0.38025492592310656     
   1.1017937827642892        1.1813557091802511        1.2602014040176066        1.0938742099047152        1.1122857961838926        1.3173384814232252        1.1792011699576728        1.1581591539331142        1.1898462658990505       0.98755129279132925        1.0732110529959529        1.2382942106869428        1.1542836868112674     
  0.39377455056284544       0.64976704777677430       0.98692505343992376       0.28315550527518324       0.41190921918881940       0.16197708553401455       0.40092838805737568       0.40142709326978154       0.94885703342407346       0.62076197636549602       0.49363206798556003       0.43581284572343187       0.41489388314537667     
   1.4200403173143765        1.2772918926712240        1.3565005915510091        1.2788901578164968        1.2946049144065717        1.2039649869332882        1.0274610010008045        1.0952106836679238        1.2115079681186960        1.3406659989505032        1.1407511007211335        1.1320786534963407        1.3293650653734641     
  0.41855297954046711       0.66992610882863912       0.98938102939995876       0.31166404191483404       0.44194165892032344       0.18520753868108150       0.43276213743863812       0.43118208499002203       0.95493719757104634       0.63689323242744411       0.52491229071688295       0.47497060002386216       0.44110979525356619     
   1.3448665928545560        1.1287130235966709        1.1397013104053422        1.2864679378088448        1.1208649579774241        1.3223465935986740        1.1918121312239116        1.2726595898720765        1.1185732913481858        1.1744025599910031        1.2152012342227818        1.2927625299252647        1.0968413045277319     
  0.44284619744777309       0.68940711535873755       0.99143074144392151       0.34144610904411055       0.47291580403786027       0.21202789870549474       0.46369633069895322       0.46336370572586277       0.96021591421106911       0.65259054163736752       0.55183976522179856       0.50666496639353353       0.47472158183250657     
   1.2803496219595056        1.2133397920145750        1.2138213419509967        1.0898180393337640        1.3457523587029472        1.1500675385000569        1.1874818590624232        1.1354866946735407       0.97141979526269140        1.4942009086775221        1.1428685746700002        1.0507536029765214        1.2680030529680211     
  0.46886785405788761       0.70864663758233815       0.99297282722399594       0.37352309351985591       0.50212667066843919       0.24053998555190190       0.49539460574949457       0.49406172571074120       0.96491156133799416       0.66670850817636662       0.57954110751424182       0.54203667338089090       0.50364009442143709     
   1.2825999286483232        1.0429706950697730        1.1518432232238303        1.0277933414590790        1.1609377568345158        1.0248401457424614        1.3108483956630339        1.2293095165905075        1.2329825311205533        1.2144285526401783        1.1085187076844554        1.0988948893134267        1.4488419564043622     
  0.49375039355037165       0.72639542132928536       0.99426356425504803       0.40832163613134365       0.53299119385072735       0.26999765024078393       0.52844252559111549       0.52514400404450734       0.96914019704641974       0.68043648677143320       0.61192712207910993       0.57326006901041338       0.53304045874099359     
   1.3473533867897423        1.1983260792147765        1.3215255585329486        1.3572980884082493        1.4472963521834934        1.0546382292643188        1.0556051436868414        1.1259930659123316        1.0774486108604291        1.0634383406294292        1.2779379904482666        1.1478642537348920       0.98019677378126646     
  0.51928649209971789       0.74568956631252292       0.99535675667731416       0.44263813938054453       0.56506588831103466       0.30242551079734975       0.56018963941598809       0.55651717837397940       0.97301454213844907       0.69480042007293319       0.63960362243085289       0.60525476820216095       0.56359653419729916     
   1.0209276242074810        1.0780299831710485        1.0289218953620631        1.0972446285732376        1.1170460297262899        1.1329720426654035        1.0808985479205131        1.2408614646058445        1.0821104828447190        1.3981126743261174        1.2457109925405492        1.1366048186506692        1.0135374591212827     
  0.54431644518789435       0.76370453520966086       0.99622669890155946       0.47686515179272709       0.59684633404834520       0.34018150725733570       0.59135988472085643       0.58716092778152973       0.97645689785098211       0.70868857302261501       0.66807333826472404       0.63586563425155529       0.59471565770863644     
   1.2532524682329760        1.1305961049224116        1.1792486803194226        1.2505898588917359        1.0153909259075369        1.3131675892877763        1.2708122317273509        1.0357817461094838        1.2842459832359223        1.1926598735667606        1.1806786972016163        1.1168183737453383        1.1278209211105028     
  0.56792726293213736       0.78144872610987137       0.99693368548035133       0.51367518746875862       0.62592192145867820       0.37382968869014888       0.62478961377552589       0.61826715869857196       0.97948316123068069       0.72120389348806535       0.69636523071976797       0.66523485884500588       0.62605252610603368     
   1.2032773725979311        1.1451522504223286        1.2570470496790267        1.0916373228821958        1.2780128728849727        1.1150176650788655        1.3720683601767469        1.1573305919581744        1.0185319484267910       0.97645508986728313        1.1455256217595917        1.0349369300013103        1.2759446100404903     
  0.59395799188506471       0.79928847215958021       0.99753169934115038       0.55114517772351457       0.65614433215884460       0.41637628991719944       0.65477971680050306       0.64968466673091241       0.98218633604235683       0.73486632566687449       0.72215085240237953       0.69425931125849050       0.65858627017234106     
   1.1515941867606894        1.1021946135181322        1.1075907454545801        1.1849870618936973        1.2673933245306472        1.0148128606928577        1.1664159696686400        1.2185512084166705        1.3531021164227364        1.0284441398028552        1.2161084079193367        1.1599442150058843        1.4110973914426461     
  0.62303170224620485       0.81691469900299096       0.99800876833751118       0.58919947029389763       0.68591609435430423       0.45969953720531231       0.68691900355701174       0.68306517443636716       0.98460480391452110       0.74859337575513729       0.74854084001165089       0.72725920318507509       0.69312519162217290     
   1.0455019696704415        1.0964108575765605        1.1329218656350810        1.1267457176354161        1.1307216916778775        1.1422119461776616        1.1252124655371063        1.2540343354208336        1.1644899151797432        1.4510141231791962        1.0005652112820032        1.1051299730309032        1.1811722309164547     
  0.64920380068094963       0.83509524610081787       0.99840528092175285       0.63021178965002866       0.71603902263962671       0.51319321479506919       0.71842644191731153       0.71368829554702562       0.98691020712145860       0.76203120270623015       0.77315821053971423       0.75791825960808146       0.72564252013272446     
   1.0963021545507574        1.0969179006814693        1.0944167708987489        1.1567052294145170        1.1532372508468480        1.2003470722587757        1.2238638321801703        1.0504789765919511        1.2149056169624075        1.1612061056905001        1.1324984039968926        1.5560806996829637        1.0189961810073920     
  0.67847348279336750       0.85299705216899491       0.99874648082284556       0.67178624617482485       0.74657385491135930       0.55229203450046982       0.74978906834414472       0.74695589930179895       0.98912075484649098       0.77507264870268144       0.79974753175368074       0.78632030738922265       0.76337448451839185     
   1.2620753331124746       0.93427049487205194        1.1077254257449836        1.2586579413348282        1.1349761230615332        1.0628437551694949        1.1858629039550186        1.2867479227570795        1.2062053707872076        1.1388347873065934        1.2183348078709508        1.0600542612112560        1.2487265352708508     
  0.70515129218919670       0.87018155733242863       0.99900903636532012       0.71268642915653757       0.77801077090209392       0.60445841584208937       0.78568310812219688       0.77837721440143948       0.99089528018534168       0.78900068569353488       0.82692846317064705       0.81476834811682364       0.79859180871167246     
   1.1133024685315784        1.0725999755467128        1.1102297732885194        1.0762793846091454        1.2186533738283547        1.1712137654569410        1.1127266546594425        1.2833166233187647        1.2219533661494522        1.2890722677770903        1.1361654663086274        1.2050507841822979        1.1372297599248982     
  0.73581207272816163       0.88752050948848293       0.99924643313426043       0.75415740854471014       0.80985537490960280       0.66060871567520651       0.81273752638202157       0.80929645745221590       0.99251369392364830       0.80213677093214519       0.85208435495978974       0.84283619896281825       0.83305149087580999     
   1.1299961914659800        1.1786627156911267        1.2098785242142560        1.0495619994511336        1.1701006151993933        1.1282327957736407        1.2301365924285443        1.0708055910133270        1.0144794240494934        1.0528006870865585        1.2049953066003618        1.2417279248210993        1.2183316931607047     
  0.76773662833987022       0.90371506851070471       0.99943479270478941       0.79767140521091240       0.84139599744949334       0.71690637354856146       0.84800912494852188       0.84125031561305186       0.99393392284813031       0.81806154581101120       0.87666273559984242       0.86827502134994372       0.86475025174012154     
   1.1977496473569469        1.1633607231904004        1.1837605362587185        1.1602326862363530        1.3383030500479636        1.0133327554937730        1.4753407001503236        1.3653928767406116        1.2428194456392399        1.2408892392548740        1.2756356642779938       0.96360293429633337        1.4160517856509494     
  0.79787524530637355       0.92255500497999920       0.99957915993358548       0.83862381329514712       0.87272089217095250       0.77669000977668223       0.87551346987919876       0.87338142014264486       0.99519832800380270       0.83364350133046494       0.90090326039551960       0.89590016302607944       0.89425104407370137     
   1.0996182733692095        1.2625522466873838        1.2195946590849760        1.0858095675749067        1.0179260212304346       0.99208457620326884        1.1545020561070571        1.2185524420698757        1.2913793487043463        1.4526764066312621        1.0460964468125047        1.2110704949667994        1.1906947472343019     
  0.83510542620395978       0.94034354800162723       0.99970383880222236       0.87822525392875250       0.90388884705758921       0.83750551796222716       0.90583506622392562       0.90781032719479005       0.99645584170378376       0.84896826080732180       0.92565156582880492       0.92019348064868478       0.92354963970978410     
   1.0097301878362634        1.0876330996506922        1.4488511546143070        1.2006912777254368        1.1184264852602068        1.0451213031962345        1.2518480081618226        1.1517730004868707        1.1161236254978255        1.1324237117666196        1.1854500838764501       0.87180222441412303        1.1261778102409494     
  0.87019668481024470       0.95860039921740703       0.99981048387089211       0.92221204538877799       0.93678953103155016       0.89726816887509486       0.93890369404496876       0.93957741365263281       0.99735750628994724       0.86829462520460832       0.95090546069242532       0.94838935525025803       0.95015189697091573     
   1.2725272760173167        1.2422041956120005        1.4363313683915484        1.4375068258180008        1.2657385106696517        1.3315172751451005        1.0606431112744292        1.2750710887048253        1.1993843145971779        1.0670673765641578        1.4437052566020567        1.0908613049563283        1.0782234691113206     
  0.92435307270611844       0.97874117222824064       0.99990306115273497       0.95491717005016163       0.96764449947057396       0.95068147359874922       0.96513758771748792       0.97196182613545323       0.99862426492265699       0.90194336576912559       0.97660849373833813       0.97575266469649502       0.97557473852426746     
   1.3263714593918869        1.1429841162180967        1.1807605015553997        1.1776265774324135        1.2079361694475190        1.1437409985518994        1.2634473251449214        1.0502453869349357        1.3223035443371640        1.2999929312400735        1.1087641095791816        1.2807308769149550        1.1852342068615376     
   1.0000000000000000        1.0000000000000000        1.0000000000000000        1.0000000000000000        1.0000000000000000        1.0000000000000000        1.0000000000000000        1.0000000000000000        1.0000000000000000        1.0000000000000000        1.0000000000000000        1.0000000000000000        1.0000000000000000     
   1.1716610270532795        1.5431502719509989        1.2174618583526207        1.2417645121599730        1.0961717933778092        1.3320081040230551        1.3048917109650042        1.1243772038696125        1.1070199617561685        1.0189919091260515        1.0028361807694739        1.1235294966903078        1.0785235031095606     
   10.890969027308723       -33.880913662259580       -53.484606576434963        33.928667109349973        40.828186607762881        69.403962553449958        18.811621873002291        42.419918655122693        13.947714104384726        72.899958182157320        58.345600997881043        37.964396441278090        58.514819109543915     
   26.876849747143591        40.020658131914217       -48.780376445135246        72.891832607442737        51.470766129513507        49.984488844917124        37.081002146362586        50.142498445360545        4.2560885249320481        37.886119456396401        42.890184977470469        28.260017678702134        42.142562142863660     
   39.546156218388667        32.082233866436930       -59.464417944487749        51.439576268194301        35.395150299877216        50.850784824082560        59.396542991781246        57.493345093354804        7.2187624105616077        46.791020868922487        55.666094653773307        33.418537142239842        36.764664993220471     
   34.687540130110797        58.456863081990292       -66.931339393342029        58.971600157251999        59.321471479055354        44.567540437319174        66.135480916536167        55.071692955474980        6.8478878980341307        47.818311450908134        55.668183502294298        51.514455982228192        51.943408436669337     
   81.331575056350502        77.906010400852963       -52.466402308238628        40.465680579034924        52.307905029251963        33.311004132398729        35.037695564413738        47.168547866509385       -23.503761680492538        45.978182555083926        33.612250638967609        38.299764990598320        38.451526745111323     
   66.735902981329474        43.206706906076683       -29.294934467062085        41.125109094880791        41.809918089389264        20.006714465943951        22.098489585283296        33.709353768005037       -14.539449666745885        45.950723846744921        50.460391918946840        47.310734613093373        58.590751368644206     
   47.664384579614094        48.090163752123615       -16.618819899049548        39.724126867812146        37.660801422307024        22.883727826763881        51.062838631679831        48.224894659089074        4.8986131126755117        51.630103315505437        56.651597633226935        39.143881832438360        42.759616983217938     
   22.848141531426833        21.828483083055328        68.961161373119694        24.590576193110977        40.721952983946146        11.273384811587270        50.096067208328137        41.616549510330344        68.749284033485139        54.182521942531935        37.807877546901132        52.933751277265010        56.249490485943511     
   1.4214613252417303     
           1           1           1           1           1           1           1           1           1           1           1           1           1
  0.13212242184701151        2.8234933986943031E-002   5.6922698710562059E-004   37.949115289466945        1.4810670155049666E-002   2.1753345536004282E-005
   2.3025767243976358E-003   2.7032888780718091E-003   1.4093562362392925E-003  0.81080357197445396        1.4079217692372905E-003   1.7318766243968502E-006
   2.5384355541927233E-002   50.470264801542186     
