 scale variations:
          -1           3           3
   25.467366823499322        19.169207121677434        35.617717428547884        28.984849720213049        21.835916668220353        40.487681981819762        21.243255613077970        15.969069919603022        29.763582815042970     
 pdf variations:
 NNPDF31_nnlo_hessian_pdfas         103
   25.467366823499322        25.471881424714688        25.423135789962970        25.395634432274694        25.386518572914518        25.545900498513340        25.587162251398254        25.579033623230025        25.641905254145048        25.365933907968184        25.468667849967012        25.572740358250922        25.490522509634499        25.561826372113554        25.506504667232967        25.424426568546458        25.423294699108371        25.504615344562289        25.483125516945091        25.473230744664512        25.449833663477314        25.468310731707128        25.484348179630278        25.389051822146357        25.491767026588239        25.445666888633355        25.388046866035843        25.565414085978162        25.549309020931169        25.185079116569447        25.396439962289637        25.430537870470907        25.428204579495258        25.438636283959383        25.464181896240593        25.432465317894010        25.432520297709303        25.489827515500064        25.446879054464354        25.486977018992707        25.442643921683754        25.444359163984707        25.466795322340168        25.514325556819749        25.455610138332226        25.467663150336904        25.490101287139069        25.512930986603344        25.492906268576483        25.487912289409390        25.495760585418861        25.511404759609931        25.483012864298829        25.482774142567372        25.497851656747873        25.466210687342045        25.447586446186722        25.457270666742929        25.472669876386377        25.490943297814276        25.473669221602336        25.498397320179642        25.474715067298099        25.474150880171202        25.453759203833524        25.492306740740609        25.474473751788906        25.506546577375772        25.483864159334175        25.482052069845064        25.447208357100386        25.458732674240203        25.438825077244651        25.435924897363236        25.470033435562122        25.495057571645258        25.471933358247444        25.464228342116673        25.452808072874276        25.457904128328671        25.483999984989033        25.473423745761366        25.487716989548538        25.459141698071022        25.489994794005611        25.461492109284713        25.468466048289820        25.468316730434527        25.475426716629830        25.470198105701005        25.486293059794654        25.449736819227883        25.466326922871311        25.474247067384166        25.476162343224033        25.487223870631716        25.468646190585861        25.478557057553122        25.474829530261129        25.473351159379263        25.464192632591107        24.609856991376326        26.354312213468646     
 NNPDF31_nnlo_as_0108                                                                                           1
   28.584767037157668     
 NNPDF31_nnlo_as_0110                                                                                           1
   28.143102464268360     
 NNPDF31_nnlo_as_0112                                                                                           1
   27.802848509072842     
 NNPDF31_nnlo_as_0114                                                                                           1
   27.485957578343815     
 NNPDF31_nnlo_as_0117                                                                                           1
   26.996797837691439     
 NNPDF31_nnlo_as_0119                                                                                           1
   26.534145127524667     
 NNPDF31_nnlo_as_0122                                                                                           1
   26.050810186838959     
 NNPDF31_nnlo_as_0124                                                                                           1
   25.627249417509780     
 NNPDF31_nlo_hessian_pdfas         103
   26.969607296536442        26.963652070487242        26.976056434925717        26.902622693763774        26.843198240712965        26.867715489778853        26.986920135720155        26.842124882093387        26.968058161839416        26.824698564012230        27.005707316152851        27.037274713382939        26.951662532293181        26.874336499186182        27.005855252306581        27.015032611977567        26.933182657746773        26.997470585945187        26.914875290375932        26.944115683450562        26.934867816913162        27.002302979994852        26.999809378929747        27.054671602439683        26.980865594298599        26.916042573793192        26.946933960469281        26.933106237317908        27.078908970902507        27.074127877199995        26.682437956450130        26.850871237537213        27.003378910107664        26.973043366158524        26.957877219798853        26.996005717873814        26.998443969724534        26.903778809681938        26.982813829500593        26.991083609032472        26.951559153986445        26.997871546813293        27.003754973167023        26.928727026556622        26.989026486222382        26.994396481658676        26.942253584033708        26.946239569974821        26.990034389971996        26.959544429055732        26.936028530329430        27.025941541847917        27.020495052014731        26.966797560401467        26.982996769610892        26.925011236297813        26.993806390360639        26.968165095647073        26.975843526967889        27.021136006805534        26.958559692851743        26.951276009027978        26.938091528016926        26.966898588813997        26.936951689332812        26.976320675703342        26.971298981126353        26.966481824491801        26.986738987486092        26.949412623273776        26.949762197084063        26.947377448767178        26.960690704255008        26.961173075151528        26.968504315710923        26.970143660662174        26.962333439367178        26.990618705917743        26.988664743853946        26.939953588147652        26.948003957023932        26.966857288777316        26.952544934645253        26.950251636328801        26.966151595798681        26.959572448123829        26.969035183200248        26.976509243501400        26.958746103565321        26.952352116877215        26.950329475007834        26.969594074315026        26.967897019544569        26.962935364425348        26.985141693045200        26.963731307709558        26.957212606927598        26.973743852765843        26.982845535950666        26.942038062547823        26.965563741762082        27.324506957576112        26.707393511693077     
 CT14nnlo          57
   26.439074201700414        26.672545705686737        26.489373388040956        26.418562575320550        26.581520766767106        26.860149687914213        27.030010573656746        26.729487513344999        26.566182126981555        26.781872710967754        26.370207990142077        26.487515985101240        26.242551822644309        25.924363010093561        25.913733849711356        26.559279071326827        26.058011637823341        26.856423798317302        26.025327521576102        25.771602659713157        27.108872723563543        26.495614852188176        26.395674240209722        26.436692811407688        26.429179398442638        26.163489874579383        26.667296573809956        26.701536895661661        25.985327388696810        25.901295535406891        26.759034273349116        26.206985052480441        26.768910335663463        26.124206597798540        26.725401812461175        25.803848973779584        27.025712140582105        27.220490948163800        25.577627594915882        26.451899562013921        26.448922712743247        26.161631067147589        26.453685477321915        26.372221678554734        25.979265184394063        26.436692980499743        27.228447230104692        25.697540727652441        27.500819793143741        26.340130340533229        26.415990036937114        26.502773472673923        26.449301619156330        26.448072818714817        26.509124378562511        26.454920891230881        26.309312170407637     
 CT14nnlo_as_0116                                                                                               1
   26.937931162322801     
 CT14nnlo_as_0120                                                                                               1
   25.899013765329691     
 CT14nlo          57
   28.086036518096176        28.126681920911846        28.139508534430391        28.360901848822600        28.624526810708502        28.053142880354674        27.898462270002963        27.727239146571534        28.714334217435002        27.551003202482541        28.543910178180191        28.244058909122501        28.010305252767189        26.998791407759008        28.705450223605794        27.829586075939261        28.267561885044195        28.332832885631184        27.800707049659561        28.126226748041383        27.996839886635286        27.952219508401797        28.270184882897922        27.902917569107352        28.272622927000565        27.206770005772938        28.942770303553765        28.036941694118678        28.137999608732343        27.855991053523098        28.162422580012425        28.037127596261115        28.150060100451199        28.336569558888197        27.539612486015862        28.691267032863621        27.471027128782808        28.168879146408514        27.914660471934518        27.871769612552754        28.154536578373175        28.386440391889316        27.752766127759884        27.934064473279072        27.950660939805619        28.045799452458617        27.934777271689107        28.106483358722365        28.671116577486359        28.489482546789780        28.310856784290070        28.204679744576023        28.357891055037385        27.977333913772110        27.341145488647772        28.204446270959522        27.897507720589637     
 CT14nlo_as_0116                                                                                                1
   28.396652605130555     
 CT14nlo_as_0120                                                                                                1
   27.706821325686803     
 CT14lo                                                                                                         1
   35.185382539304804     
 MMHT2014nlo68clas118          51
   27.026662908308062        27.088191991696704        26.960672341227518        27.037393774478346        27.020198422348770        26.884889046632150        27.158129388641150        27.181400290680777        26.853471991688288        27.103552956140941        26.949806346004429        27.064821501445216        26.943735889871355        26.937972057608057        27.186223950297737        26.975600385234820        27.055251895002129        27.013416716709287        27.039299547341315        26.938588389571372        27.102813464273254        27.108766627929811        26.923061109483736        27.169074938345755        26.935135697695177        27.078127471262356        26.801275088530808        27.151271993306914        27.028260324747244        27.285631037383645        26.716424637641232        27.394737101195147        26.582702892550806        26.945531466411886        27.100254688671463        26.957413678069184        27.167165635262059        27.038897156987247        27.070306704323961        27.028958768359388        27.012665953544165        27.151819128363549        26.890768534448533        27.241297841872658        27.082089977678770        27.002983741114399        27.087219680623924        26.865372733766954        27.314633780398921        26.965498424340765        27.117934139879033     
 MMHT2014nnlo68cl          51
   26.234068351804595        26.320588110202955        26.123435196783284        26.214880937493007        26.253538080645921        26.223551351121792        26.238857104903502        26.270997869349564        26.196121089782370        26.254239515370521        26.214065181108495        26.012744160299807        26.327878352409577        26.227404190498032        26.242512154056559        26.058436574236467        26.424528624335728        25.976588560173354        26.368634226551279        26.252155077452240        26.210710050582318        26.218747278243139        26.243482777059448        25.914227636206192        26.493791105090466        26.144857646671035        26.456263390211593        26.349038827967689        26.276726245561619        26.050945946508200        26.638287625903438        26.358292166215929        25.951715903530722        26.142999604038444        26.415879886282802        26.452193658402326        26.132675020972300        26.260868162901623        26.271309814970799        26.257038961505813        26.202052929808211        26.212238489303722        26.261703923583383        26.242830211549567        26.325456583935456        26.448624249245015        26.182075042238694        26.244332706053832        26.243768727881502        26.376939782712320        26.268050205394580     
 MMHT2014lo68cl                                                                                                 1
   34.193711470832135     
 ABMP16als118_5_nnlo          30
   27.971837929247869        27.969116124668773        27.975277590566936        27.971410038924859        27.971101979591147        27.911480672387281        27.934444778441495        27.863968343234156        27.903558490745080        27.962744396023098        28.012861160557868        27.923250469217709        28.086792574131344        28.032670278060305        27.876522626072891        27.936164698120891        27.970939109982744        27.979385680388219        27.875259709097016        27.973052790743228        27.831441389433909        27.975343200698255        27.876595502113830        28.008772760219781        28.109770884805805        28.083193763484651        27.951426930806647        27.871469628587342        28.018045306714306        27.722018077926585     
 PDF4LHC15_nlo_100_pdfas         103
   27.204650536712357        27.226991846887024        26.857030280391527        27.205578076652241        27.281727713469806        27.400409308386230        26.928413265711953        27.717471298101465        27.753841689397767        26.980675493889649        27.148376504190232        27.222760993510757        27.078353374579969        27.315596856173087        27.293853340985777        27.108707634569363        27.233416178714965        27.157816184364769        27.335679262349757        27.170568239245849        27.272036449590175        27.204204334481737        27.094606779778029        27.358367958995117        27.158566339120377        27.291228939338843        27.196493637475417        27.142324388151728        27.315700675193064        27.174917943350600        27.109582550017116        27.204400597856750        27.193035636857406        27.155100894883411        27.183060150246952        27.291670956231506        27.170891809107964        27.206511096427896        27.199854826055109        27.229806652654617        27.196391453305090        27.250515302894641        27.263111780588481        27.172225917850842        27.193065349502739        27.247340255578045        27.252735475720332        27.188465926334274        27.129306126166334        27.210424172149374        27.203800104356112        27.221648724238488        27.200599286124209        27.192408086959794        27.215717314794560        27.185514527895332        27.204764571892021        27.208166145280057        27.200651222520442        27.165961619560893        27.194084798223738        27.182082013585074        27.179317372106802        27.198144399873819        27.195585509477752        27.189437792288643        27.185967466389872        27.195281008562517        27.195892668591036        27.209453829797415        27.216949179681180        27.191043190514129        27.190379963251054        27.181391967053976        27.213081991944215        27.206400798673677        27.191395152998624        27.208746456751463        27.212683602892838        27.219409144064347        27.196192875390700        27.200210591354846        27.178821700135018        27.212198652613807        27.202660622791420        27.214214824426840        27.200147170218528        27.193617895748162        27.184854123668515        27.210097956964788        27.193264622275699        27.202587142324305        27.201190105174355        27.190107195719108        27.213789193998274        27.213618692382248        27.198034560394863        27.203010828986312        27.209070018478986        27.205751920983950        27.206862606424412        27.359242637251128        27.005923289467191     
 PDF4LHC15_nnlo_100_pdfas         103
   26.359238768440914        26.422186478020564        26.255765259846157        26.461376843080068        26.354180968049654        26.122312904853324        26.541400532261264        26.841147826769848        26.560052518148176        26.319395333332928        26.452506292148843        26.413784655237613        25.979854733539796        26.266644901119612        26.173847645536533        26.368982384700526        26.307930172196802        26.435003796104482        26.358547321164298        26.230269605083649        26.392649781042223        26.432566408115235        26.251902124208581        26.512253495459468        26.492375363716569        26.328450894647659        26.341479027234058        26.395941631879609        26.332922905942684        26.286268067374934        26.356017126504799        26.441073189614812        26.426256828846512        26.436216890780322        26.420270686799128        26.263601011149039        26.401428963930513        26.350642578339659        26.408145918108655        26.310641281125434        26.310509707703638        26.364549427560917        26.351239869310184        26.293290898777041        26.368798841094979        26.377190865198649        26.360402437414038        26.343932539848595        26.378140187021302        26.341609706151541        26.383359632192487        26.408167273990038        26.406896695741555        26.374078798646650        26.362377270860087        26.364115619665345        26.358672209392132        26.328351714010935        26.344079293372907        26.361005759373633        26.354691821408458        26.348564854189050        26.370961401734405        26.363470335481018        26.346719112194222        26.360901184443751        26.363215489724070        26.362668675515874        26.364123809820665        26.393118619012263        26.359708021617681        26.373953474701530        26.360636555567257        26.352491817759663        26.354201842088415        26.355661885612022        26.353042984984722        26.373272558919435        26.356498882913382        26.356033538760673        26.365582928572231        26.350824018960438        26.361568224466637        26.363377851183223        26.352302832181117        26.354328557566511        26.363216044022096        26.349087572755735        26.361277901017139        26.358210363330294        26.358403866585668        26.361506200868181        26.356028759177935        26.355514094976098        26.360968185547833        26.360092822795437        26.354975844875462        26.358061974597881        26.364822993005987        26.359549834748901        26.357788235783097        26.640822815033651        26.065904479070689     
 PDF4LHC15_nlo_30_pdfas          33
   27.202965996354820        26.971996064273586        27.176713117986388        27.208596969532898        27.734162589691607        27.337755986083213        27.312291487749519        27.155385588942707        27.233367145520603        27.316185064492430        27.181944936009653        27.407566304256182        27.404884952839218        27.166759228253369        27.248789306161498        27.300534865245890        27.308225507347053        26.564727163954014        27.189693783473487        27.269999680313315        27.286151984555236        27.158601245491216        27.161455104491104        27.204670290179948        27.136703212714657        27.242041361189273        27.120932514118010        27.207295028406989        27.090114639142222        27.193801727541455        27.222774811733359        27.359242637251128        27.005923289467191     
 PDF4LHC15_nnlo_30_pdfas          33
   26.357804571707145        26.685923170406504        26.266720287340171        26.308818146546677        26.192808612680054        26.018964398951653        26.355978507060193        26.316558363088006        26.192841132720094        26.247743876878317        26.943991960350942        26.383131698908279        26.362292178155009        26.351489844745920        26.362753969235236        26.318173937047717        26.308494953366868        26.146321045676622        26.353892295376539        26.389635216911529        26.292937031252094        26.337423799538733        26.408428715846469        26.341955401091319        26.372551434061499        26.373889880739824        26.388503946540943        26.375714574509246        26.387152056836115        26.368958149058127        26.391841005766743        26.640822815033651        26.065904479070689     
 HERAPDF20_NLO_EIG          29
   31.689792329162877        31.675327431848146        31.704139094271586        31.767483985232495        31.611955733251307        31.597048926033608        31.782275705740020        31.626793558629114        31.751950297442029        31.937730012895237        31.443409404619914        31.739990210584200        31.603124409064485        31.674242933924980        31.702498517170703        31.664658478200359        31.819101105450994        31.607698611981942        31.671148974305282        31.612449127254880        31.808644292262223        31.782706574623464        31.564229929029899        31.456993025961758        31.780997097320792        31.775784012488877        31.576821622919546        31.385141415997673        31.967499363136426     
 HERAPDF20_NLO_VAR          14
   31.689792329162877        31.523092428088951        31.882719289570559        31.493600492155835        31.825640781065566        31.969678467252599        31.480641250426842        31.602385039144814        31.773811004455673        31.444525820758848        31.955545332536438        31.662554792249455        31.964725978953314        31.946004091031213     
 HERAPDF20_NNLO_EIG          29
   29.903671736099689        29.910180993911698        29.908961544063366        30.013716139172836        29.805190222963056        29.871305576811668        29.947554447636392        29.805343952912672        30.010868764434321        30.113853931876932        29.700433706977368        30.023878834078751        29.794621062892091        29.857631903731473        29.966862726007761        29.950680709676224        30.027825504248060        29.912619323973338        29.896871060799562        29.911236474791750        29.901997828743589        29.617853291104698        30.161749647949925        29.901668017889108        29.852143221901077        29.930310216876045        29.752269652122713        29.844019449087209        29.943693398491504     
 HERAPDF20_NNLO_VAR          14
   29.903671736099689        29.803684249667111        30.076152041625036        29.803132520372071        29.983311058554428        29.985710476378479        29.943148828852284        29.826459342401389        30.019663759351999        29.408213483176191        30.247691138486246        29.526285787193206        30.324406610097615        29.629477185570572     
 CT14qed_inc_proton          31
   27.793949390413264        27.790628739931037        27.787267738825562        27.783967416641104        27.780489162698260        27.777213976388559        27.773847979120106        27.770496519357245        27.767134135108257        27.763761890590473        27.760341037711388        27.757007089899858        27.753698892469803        27.750295267391468        27.746923034938781        27.743623876468320        27.740191336080770        27.736902012568244        27.733534128251115        27.730210772104982        27.726769279309657        27.723441315817304        27.720160745101410        27.716785447445336        27.713462102107002        27.710116452833162        27.706730164010814        27.703405877823705        27.700100042078461        27.696598429751049        27.693318543503135     
 LUXqed17_plus_PDF4LHC15_nnlo_100         108
   26.103029756696138        26.163895895161922        26.001694433472469        26.202529964020592        26.097210142833561        25.867684077094111        26.283911149293850        26.582299784472344        26.302287148342579        26.062969938140292        26.194281735033172        26.158777483419300        25.727325027092203        26.010347010821395        25.920212805659826        26.112457317252371        26.053771584316159        26.177033892956267        26.102521594763342        25.976724081018077        26.136562422067833        26.174999530335011        25.996914671317565        26.253443164139711        26.234178701628416        26.072909361127088        26.084905240570102        26.139894354461653        26.077320402309773        26.030488214645978        26.099272892249783        26.184094874770516        26.169033946795459        26.178839342667736        26.163964161690103        26.008158622698190        26.145042354421079        26.094650355380637        26.151722545290593        26.054645004570091        26.054475177207806        26.108568508839006        26.095464567195702        26.037458790696302        26.112683051514637        26.121198059822248        26.104302671043882        26.088396742913019        26.122087018557398        26.085537765345606        26.126679974910850        26.151528591647871        26.150485185995507        26.117552572926080        26.106091580213832        26.107840134558618        26.102152175873698        26.072698452942262        26.087922146218261        26.104736394904997        26.098563221175745        26.092551117534136        26.114298805468582        26.107061655338285        26.090709708178412        26.104385743091669        26.106781276240486        26.106331886583497        26.107803488179272        26.136589789892092        26.103551280542529        26.117545104195926        26.104292926893152        26.096523475618909        26.098111708346629        26.099412946481142        26.096639979200507        26.116986309560502        26.100198987458693        26.099769796921628        26.109522538083937        26.094937166949748        26.105292518446973        26.107302794075935        26.096275290086723        26.098102219184518        26.107207377421592        26.092859941165152        26.105119640106487        26.102252010359429        26.102291376175213        26.104847345295660        26.099710579498421        26.099189771275284        26.104698785339771        26.103643308935929        26.098726339466747        26.101974059526068        26.108552012489120        26.103393896632021        26.101450924399234        26.102842703650946        26.101792603261430        26.103225706843165        26.103257995095781        26.103603181874114        26.103113268685277        26.102204173767014     
 NNPDF30_nlo_nf_5_pdfas         103
   26.469962673739090        24.547677538572980        25.757207105211073        26.948866325158249        26.749334320745177        25.440950385862099        26.465937709264225        26.276029233866279        25.792568159210859        26.417779891232708        27.529047631452038        27.799273394273349        26.699602195592121        26.448348588891669        27.104491699281041        26.084396532467245        25.861278311793185        25.907720016879686        25.468079683909920        26.175391495401648        25.466480283264090        27.199994957915997        26.649670340738695        27.391621210060034        27.201451865678774        26.545150592023202        26.516802173382686        25.483979562046365        26.732487474127566        25.897950980757987        26.212092626905843        26.917960530046237        27.171459932249377        26.772042500323870        27.671352184194625        27.132618311266125        26.227503814996229        25.794397978037203        26.009895361899890        25.898221389602895        26.957832406166762        26.439727480231802        26.837626542065408        27.073963110081955        26.886913238360798        27.268450360899180        26.859307029192856        25.864551723536827        26.004958873844760        26.228208005186843        26.745447742895522        26.960243126720819        26.676694193212008        27.228652729470681        26.422365047232748        26.849806839555150        26.071019941405474        26.314886083516420        27.118775851595061        25.766324143292877        26.292163091894523        26.252866059133776        26.212793375579906        27.532233875943366        25.580552611957785        26.950852455036760        26.702946664044354        26.715626857926644        26.783278743568445        26.547020338179539        26.672564712146713        26.720310678817810        26.682629963835616        25.757246353025018        27.759623522419538        25.899703256184360        27.842973001497153        27.175736658221581        26.709570654741441        26.355572053105504        26.402556555225612        27.144629619587846        26.950063944155438        25.368254224390032        26.581295025922923        25.812388129084727        26.173030183272843        26.841869299664165        26.480268074116562        25.374141967528505        26.517402077756344        26.282050841831399        26.341338728513744        25.825734764681513        26.866754421992383        25.791491378270166        26.273541378266046        26.011999018450592        26.905961005241807        26.048683857971263        25.027655880845451        26.551966071895944        26.349904087497453     
 NNPDF30_nnlo_nf_5_pdfas                                                                                        1
   26.363539694728260     
 NNPDF31_lo_as_0118                                                                                             1
   34.631122388698863     
 NNPDF31_lo_as_0130                                                                                             1
   34.976934299821330     
 NNPDF30_lo_as_0118                                                                                             1
   35.903079507767025     
 NNPDF30_lo_as_0130                                                                                             1
   38.321280124792558     
