   0.0000000000000000        0.0000000000000000        0.0000000000000000        0.0000000000000000        0.0000000000000000        0.0000000000000000        0.0000000000000000        0.0000000000000000        0.0000000000000000        0.0000000000000000        0.0000000000000000        0.0000000000000000        0.0000000000000000     
   3.8072881276382350E-002   3.7386150040583280E-002   3.0482688561129800E-002   2.9015128765719066E-002   3.7090980818494775E-002   2.8276450415737921E-002   8.1746031659011235E-003   2.7576643635693995E-002  0.25869459077422258       0.22810572321598238       0.16574821955187505        1.9713130873504507E-002   2.4687730434947448E-002
   1.8148926081915271        1.4185506907384682        1.9316233649933214        1.6693908173192280        1.6266558072281085        1.2597792444736695        1.4161926762869750        1.4955690586197108        1.7584389258022259        1.8211540229646999        1.5904062498661589        1.4606812915915783        1.2101921705759309     
   6.7237793444520758E-002   7.1933985025564945E-002   5.9284945782660775E-002   5.6769285417690961E-002   7.2472273109733087E-002   5.3844473124550415E-002   1.6433280722867410E-002   5.4307221402299717E-002  0.35869904241038736       0.27044550041245252       0.22495549832309059        3.8873053775630377E-002   5.1921357573484483E-002
   2.0228010660196727        1.7468059796255127        1.9361459659925555        1.4704703784699744        1.5771357162452524        1.3850063124200886        1.2977530857715640        1.4747963860876472        1.6699508193894139        1.6271411198441288        1.7552870384682004        2.1570444857147573        1.4778549202297948     
  0.10345524929844052       0.10493550752724884        8.5251347203351105E-002   8.7394802760563592E-002  0.10532318746687058        7.9907165672591707E-002   2.7221110131139380E-002   8.0481955007686651E-002  0.40798538757548980       0.30992910438051285       0.26159959432483315        5.5693272901444761E-002   8.1425015568001496E-002
   1.9964147166536588        1.7344760357387510        1.6235708444475607        1.4514885577042287        1.3458416387327603        1.2968119479775664        1.5476535257976523        1.4595286008767128        1.5902076877498323        1.4166422658065851        1.8797766573567396        1.8493064269163708        1.3724640828183812     
  0.15477981667042662       0.13950771835710124       0.11011050767843374       0.12175953461277149       0.13645947706890074       0.10936113964891367        3.9611424446396454E-002  0.10632872214668973       0.44722061065911534       0.33595298718397615       0.28592883844039585        7.3542915037996537E-002  0.11310534772935335     
   1.2116785720810286        1.6974800334339479        1.3870933501831451        1.9599501069338172        1.5855714957101783        1.6205259357273873        1.4901836246643598        1.2943510504828886        1.6729928655822586        1.5556530168927414        1.9130665254668322        1.6834122831867031        1.5783980918353169     
  0.24813160132345946       0.17267606385991169       0.13674710684201799       0.15631612505851999       0.17017511285198852       0.13849891113574359        5.6255836428915518E-002  0.13608923126189373       0.48053866168200815       0.36289033025242001       0.31103194899956466        9.0929801583404191E-002  0.14667385864483962     
   1.6411945979785132        1.6406780304566271        1.4658620275698755        1.5947532761339787        1.6443096710129324        1.4161891373684259        1.5846045198789040        1.5823579717036333        1.6355884404473193        1.4656362372366736        1.4824467433090700        1.5650403916047688        1.5437410632700812     
  0.36105005584129474       0.20502055471298680       0.16414758189518994       0.18544180159408202       0.20573018391619111       0.17088264135927297        7.0972825934490044E-002  0.16695040504162756       0.51049554916245743       0.38652101079066836       0.33744678958573820       0.10923411111759547       0.18166524585071334     
   1.4818663600383171        1.7349564933694726        1.7312722590043965        1.5704615000014621        1.7830458570910741        1.6347579801943839        1.2714066950294240        1.9062081182349413        1.5233482648439416        1.3773219131225205        1.8445379299533493        1.3433648275054879        1.5036358171004476     
  0.43387709111028472       0.23584873368232898       0.19294273809915474       0.21461130946933257       0.23986382053632146       0.20130558398545612        8.8755379022188607E-002  0.19842045219651938       0.53479853190596405       0.40639350143477759       0.35775384214775369       0.13183683335958615       0.21879420505029792     
   1.4611971914947448        1.5861217633372486        1.6344484239754240        1.3590873326820989        1.7984422053286468        1.4291315477357069        1.4724453061994380        1.3409517632885581        1.3773042555112112        1.4133620285240998        1.3991601989871076        1.6456279922699946        1.4797766304538726     
  0.49416793872019954       0.26726434333308347       0.22100492347695314       0.24527025823546569       0.27278329663385104       0.22956832015943046       0.10745781848736097       0.23027404205133278       0.55723298411368882       0.42220115367005667       0.38359687858368563       0.15836369691547683       0.25451033741802015     
   1.6090616644069942        1.4357311720259460        1.3601749010569641        1.6106870922455607        1.3956718781023150        1.4491331442993596        1.7129635767137952        1.4170301758787978        1.6053126628829124        1.6931378547499418        1.5989990456064564        1.2700042607979443        1.7131222818112735     
  0.54915458295867148       0.29872586189078032       0.24871083118060849       0.27760183411974720       0.30971636069989095       0.25905985968730982       0.13067181336143321       0.26229810773603568       0.57883778457258295       0.43709118922024087       0.40715845028185749       0.18736161656427838       0.28913660699405730     
   1.4463374836263188        1.8333475734378379        1.5303314014357778        1.3325478185250543        1.6677470025866687        1.5413223362492963        1.3581517822191631        1.5039088767005389        1.3053352579511568        1.3290804465465864        1.4488109963087061        1.5475934221286483        1.5212684842934578     
  0.59626555299205830       0.32882535015323644       0.27654497830809077       0.30437246850711869       0.34122292683200883       0.29198092094144740       0.15600501812369294       0.29405822321888780       0.59928316712742113       0.45236087074882164       0.42982034067919639       0.21669513617916586       0.32345030648068634     
   1.6469486370321755        1.3672142662338982        1.5394961078153413        1.4353257655818243        1.4602520400102541        1.7112619138992238        1.6388025453839292        1.9268207497181846        1.2903628516241026        1.6775110212263149        1.4873710167590781        1.5845542772713697        1.4423514793584811     
  0.64177134640438316       0.35734390703048208       0.30410491379467808       0.33183316258956091       0.37763596642588065       0.32309130114720880       0.18452699641607184       0.32515636071054899       0.61725851944924826       0.46747464059255595       0.45185766814864625       0.24589047008686205       0.35728845510796414     
   1.8713915361510751        1.6268204992557254        1.5877418269640873        1.6224402135575728        1.4632588056456861        1.5836444850781910        1.4399037259791676        1.4786656237172631        1.3642903770700203        1.5312130298314450        1.2955621964247561        1.3050279649593919        1.7272413388741108     
  0.68052853198673990       0.38484019404506165       0.33395044496717796       0.35997297779919168       0.41030177887276686       0.35866305487782701       0.21632396764254486       0.35597512139410376       0.63778004922870235       0.48246873811901608       0.47442230143740494       0.27838917642435212       0.39236904371021741     
   1.5340160224347221        1.1681585107494035        1.3094811659558137        1.6571208068983601        1.6708101401926057        1.7277390937111070        1.6715767018514871        1.5824551818639205        1.4277342974870508        1.8107343095056263        1.5245720203633479        1.3385318233219439        1.6807675700560774     
  0.70968407307587122       0.41494084643069473       0.36315003017247982       0.38919946458818083       0.44246083079892840       0.38878756911477086       0.25038329741932247       0.38927224774323121       0.65796012364725787       0.49781293603160909       0.50182629250414390       0.31374474535662816       0.42631746167031914     
   1.7508249936965417        1.5680652187766282        1.4494012995229715        1.5861848771058416        1.5145907683594957        1.5136504992509263        1.5751119910369129        1.5272489031667422        1.3585873937958453        1.3020266026663927        1.5459019363954869        1.6918539482278985        1.5897776813314854     
  0.73547353998171106       0.44518462067665332       0.39323257932338695       0.41951945403991336       0.47774758921175187       0.42057811450850013       0.28991414978703134       0.42247399759868676       0.67588230590903797       0.51263862589906184       0.53186226003118875       0.35026166289987387       0.45915911655421299     
   1.4668949947497989        1.5490219328485006        1.3594286664775319        1.3873752099093826        1.4612651082461214        1.3935475623448235        1.6695554943392463        1.6085877797931099        1.2709969748707379        1.5626368215329125        1.3917499728008167        1.2794859451067375        1.5187423376317253     
  0.75977300387802593       0.47370934538271731       0.42521348394339104       0.44965738530890892       0.51113351219634029       0.45331728235599950       0.33046033838855510       0.45590762587884143       0.69360810859898336       0.52653909753981321       0.56094188130732370       0.38404401270123212       0.49100504163001568     
   1.3825238327753449        1.5582372707652905        1.4413157341313230        1.3934000728500220        1.6813940643247780        1.4156665077821791        1.4394333306526157        1.6021113143279209        1.4954988009198318        1.5676385440410969        1.4175163171775200        1.4491139814538148        1.4420978202875021     
  0.78056550458482765       0.50106617715127655       0.45898970447121878       0.47860886760173182       0.53848603983312326       0.48793594439135096       0.36815200104058426       0.48681216889716911       0.71137630798045337       0.53995904758987123       0.59030043153977207       0.41411377101399865       0.52270510466919784     
   1.3787035359014881        1.6603202014197589        1.8937618083797534        1.6163053074262104        1.2907219616924119        1.4448190026711103        1.4818435809243933        1.5132403091604794        1.4502464377459807        1.3707935273690741        1.5887567433650485        1.6986596506088276        1.4046241157758288     
  0.80019061305497208       0.52945386193730126       0.49431706664626562       0.50624288565603226       0.56348729625299943       0.52444831957869531       0.40289819450814462       0.51860145519121637       0.72822579318308711       0.55335103653924655       0.61788739137390158       0.44491160298562127       0.55523857954054234     
   1.4138028197873951        1.3859666149846741        1.3882423784568299        1.2989612128490329        1.5559203525109322        1.7351343423376451        1.4679897039750185        1.7990516801756680        1.6111764779577364        1.2700414361544423        1.3403852851180773        1.5246957356039907        1.6717461562527938     
  0.81914456402583902       0.55900323031231236       0.52988669078685657       0.53466873505730461       0.58977955628360157       0.55704501854787991       0.44068785376556324       0.55083462390968507       0.74531638933647004       0.56717274430791087       0.64630726912787939       0.47998767286932459       0.58570511585214413     
   1.5168687461254611        1.5054895019936074        1.7908486435728299        1.4596708778099430        1.3188937018842375        1.5059453236372338        1.4427922922155960        1.2730026343700656        1.7606426408480458        1.7541940407221646        1.2727195273352889        1.4117347224145522        1.6503454434558440     
  0.83664927177612491       0.59140306970530332       0.56090963586447518       0.56393989800120659       0.61918862339407799       0.59015003115026754       0.48201166920994659       0.58541360283180743       0.76031645979108020       0.58034389503814721       0.67379059216593751       0.51523380005370767       0.61802989075189319     
   1.5429144560845189        1.4382219063899291        1.2324916017376113        1.3003889657515990        1.4385353397415894        1.5252543845749373        1.5542888120909510        1.5231129314863390        1.3979111271720432        1.4568655007148283        1.4002885087650006        1.5246110801559740        1.3290801389844307     
  0.85231711319064707       0.62330373554540330       0.59316283416890414       0.59702291166532606       0.64861937700426853       0.62036597197035026       0.53216575424900914       0.61648735839283120       0.77680513185347122       0.59437016790233965       0.69829342761211555       0.54444143542309809       0.64894029442860168     
   1.3559502444225511        1.7583487450093085        1.5062442322355121        1.6127448678460727        1.3701693609571728        1.4063456532326579        1.7263812896792812        1.6347333468938599        1.4408446373393764        1.8179080581217675        1.4678056568639224        1.7859796446488772        1.6160461449453776     
  0.86678725943272905       0.65449514004666809       0.62802149203551871       0.62986696305369483       0.67699057003862317       0.65182756901747130       0.58022203274378514       0.64465408117007250       0.79179314991698591       0.60883452201494359       0.72812027814963232       0.57031389224666207       0.67878085989776415     
   1.2770357652461917        1.4758072471541943        1.5119390725845134        1.3963456302591610        1.4992884654748944        1.5204111776582292        1.3685217851267781        1.3484483740544744        1.5775178435124877        1.7509552339367400        1.4319843671659320        1.3554301447788506        1.5784690661970799     
  0.88142096944140658       0.68606577890626397       0.66284846144355380       0.66313817625071891       0.70600006887789957       0.68439357675149393       0.63081328181292373       0.67460796878062834       0.80609657373379739       0.62340610086355197       0.75657658524937854       0.59599311508578545       0.70909292788636002     
   1.6844955653878075        1.4053252911557452        1.4310278906197056        1.4706691093565738        1.4938677239713387        1.2956169882239941        1.3779788444229646        1.6239249753675555        1.3792830449668532        1.4417905626237686        1.3047018502670278        1.4119627700062476        1.5785219616742074     
  0.89631973868431358       0.71678386768025826       0.69424907457194418       0.69619372858298667       0.73505289426587161       0.71834908065077319       0.67683719145741583       0.70909110793324659       0.82144420147210895       0.63938720836008511       0.78382564796513055       0.62331405638772519       0.74112785896524358     
   1.4139388254934484        1.4523400875539791        1.6674347988131999        1.4965251301960436        1.6694368381461946        1.6513808369243808        1.6493548722873868        1.4508824631424411        1.5027875351290267        1.5721194447358438        1.3714568488261891        1.3379792977768230        1.5854762781420226     
  0.90916571373763200       0.74590682582058143       0.72878150094129157       0.72951966451403905       0.76437319696316353       0.74905200990688114       0.72078709299361254       0.74379413090815216       0.83766644452391625       0.65377278418065932       0.80997678174743781       0.65236347363040259       0.77385314892497081     
   1.3913740300420936        1.3590530686942526        1.3290995740793428        1.4504823256079149        1.5918476526849581        1.7260216368461154        1.4553916654711729        1.5661679600724112        1.3422150659267742        1.5416473432644613        1.4174820900903158        1.3404863837971730        1.4418947186231148     
  0.92174880508189105       0.77595247137385315       0.76059772787696101       0.76282614844983965       0.79546499858993780       0.77836602394411580       0.76244759986861654       0.77310616170967383       0.85441193718684827       0.66989497863550707       0.83542201802689087       0.68306498784866487       0.80624457610998956     
   1.7462517949441156        1.4068821801238427        1.5130045927912275        1.3787035359014881        1.5040174860061093        1.8293656251563815        1.5539751645514330        1.4129166572325211        1.8078245693695603        1.6235938793295397        1.6446062730079920        1.5625477458059684        1.5735171930362142     
  0.93301566848973472       0.80751207195856756       0.79398326437660460       0.79626530340869983       0.82708051354230228       0.80560536752681366       0.80280365794071085       0.80407234941361172       0.87063172866081295       0.68527815328652353       0.86199224277784825       0.71706973463211565       0.84263642825448082     
   1.3884016285758154        1.5391671939262759        1.3900028302605156        1.4764424221972627        1.6431905556663382        1.7391743883306732        1.5991376241550290        1.7775289575437361        1.5128471832208252        1.4576252991575580        1.5854798158148609        1.6063620798245275        1.5845571846508690     
  0.94410477912115986       0.83943807078445054       0.82835657302686494       0.83066764962308526       0.85655553493085734       0.83415475225646452       0.83797283065414307       0.83117274172394262       0.88738848193107567       0.70270046679657372       0.88559528023074041       0.75346848490448404       0.87239418861710449     
   1.2307234708646186        1.2592725509662492        1.4811880751627033        1.6953973401849718        1.3426068785017915        1.2526545864367606        1.4140181156959188        1.3291187426673501        1.6171411206643989        1.3843966289121761        1.3683564246095348        1.4404068551451474        1.2604254528142813     
  0.95420522028298005       0.86934247867883407       0.86144729202962933       0.86531821126528774       0.88661267699073432       0.86399767517253867       0.87241668609124567       0.86152224466714877       0.90332824618991603       0.72227416881635220       0.91035923849016753       0.79460169384444279       0.89999684249804535     
   1.4914472907662966        1.4978058428505243        1.3985604279870123        1.5516511573716678        1.3844804522777647        1.6259976187314495        1.6801484255520653        1.6901172543643659        1.6578730396791976        1.3084478867008980        1.6139864355034044        1.3350830038342232        1.7604740620050738     
  0.96413665472089194       0.90170636796140924       0.89580195617727187       0.89917173399212613       0.91418048182790579       0.89876476419764151       0.90514850506805378       0.89587813073912737       0.91886779416063913       0.74945295245143206       0.93105433433119755       0.84105805284335122       0.92521276113524697     
   1.3631074088076609        1.4677452455664464        1.4793797280394374        1.4536905143278358        1.4230932730665549        1.5523048289377821        1.3782986510231277        1.2943083814724425        1.3449811458937726        1.4712888082557340        1.6643255031068545        1.5456683790908863        1.4717279914875521     
  0.97389423430665922       0.93293537600631538       0.92947925571462531       0.93420847331885948       0.94081128547550186       0.93241440260786612       0.94198263187831854       0.93148695124705061       0.93636772077938513       0.77954944664476267       0.95196219859512266       0.89507808013903567       0.94682592608667393     
   1.3134797739107493        1.7219149406009728        1.4434899054437635        1.7249605979826639        1.5402481250789679        1.5832471432148023        1.8889883923180601        1.6401240058386026        1.3187852051854316        1.7081519344507810        1.6426160157310528        1.8250436794332086        1.4827333241100280     
  0.98594306919942831       0.96484733983544479       0.96412855006540898       0.96716379252597495       0.96905769095773753       0.96631687820367573       0.97131620994951562       0.96348057355607231       0.96319126653608189       0.83376316815250939       0.97448694240324873       0.94929245463386902       0.97437359964418813     
   1.6940804475621842        1.4058268019265443        1.4756418488329013        1.4130449996431254        1.3391953390930498        1.5795885421848590        1.4541577121704139        1.4755218205521321        1.8618795410559978        1.4313853965733936        1.6059827793526928        1.6433876520324227        1.4313522293268706     
   1.0000000000000000        1.0000000000000000        1.0000000000000000        1.0000000000000000        1.0000000000000000        1.0000000000000000        1.0000000000000000        1.0000000000000000        1.0000000000000000        1.0000000000000000        1.0000000000000000        1.0000000000000000        1.0000000000000000     
   1.4709466909713556        1.4442004655173151        1.6850717464702356        1.9527975578957169        1.7133995738204522        1.4787430733257441        1.7218900943404014        1.3251970669569595        1.9958440463035576        1.3500693726556965        1.5714178374605730        1.4470821877219582        1.5468756548580671     
  -2.5724717591867496       -5.5437530535284107E-002  -2.7923861616300170        19.129228154680334        9.0372716942953328       -2.2033805471312471        19.525662267743083        5.4383742772170303        7.6453793501825089        12.098633387907174       -3.9300952823678266        12.509549028851652        12.416150233570008     
  -4.2728065164926772        11.398586905239918        4.1657964544718693        5.2815997799636865        10.330013698647116        10.428091962223776        10.574838778261187        8.4392925886952899        8.7975594315894963        13.957932836568702        6.2795135725214113        10.809315299631717        7.6554013912063050     
   4.0555778651604024        7.8094484049196042        2.4003388482063870        14.558692850482746        3.2271197047323223        11.943259267191507        6.4098480884703708        5.2021346996104345        15.246323249155337        5.3749059501338667        8.0797912284883928        5.2529454148068968        11.615578470644468     
   2.5238457721411236        6.7615969987086650        13.585486821698101        6.5549095467155682        6.1857490221660250        13.358783640249449        7.4625715100531131        9.8236326283260311        11.555890808178740        9.9051196264342032        7.6602808659157855        11.166529760625998        5.1856487448627320     
   6.0905558478549420        9.1420486792456224        11.836667779256691        9.6494606390157855        9.0528704799280568        13.252072805850329        5.9111893882612367        6.2196495797937352        7.7239817939024569        9.1124849419375273        11.057026987678395        11.233251434357399        8.5831374427162235     
   5.9089085526684162        7.7723753245591043        6.9499868816619976        5.0495618457935469        5.3357133646936497        12.221999861377810        2.7456648633737397        11.102214934458161        3.9372419431506867        3.5329747835147685        9.7494111093957940        5.8343022744173982        6.0312725652904682     
   5.3837160823635415        9.1801950323957389        8.9566718901349471        6.5358903735756515        8.3780150815442624       0.29537024255182431        5.8766382361796810        3.5473980735615069        7.6313863768211707        9.8068814947967766        9.7453578200973858        10.102478762683775        11.172765555364323     
   14.337429046423477        6.6383850391461952        6.5533438658445382        5.1744758575691829        12.513049369168950        6.6016957455507441       -3.7600442710273621        14.186607702264261        11.958580403032599        6.8889865779390771        5.1150153497456818        6.4144064305824182        2.7941238974423923     
   5.8488560979085484     
           1           1           1           1           1           1           1           1           1           1           1           1           1
   3.9867997838463709        1.0352392562316310       -1.9946650057912723E-002   10.903791650594700       0.10956331129931796        9.5942180893221745E-005
   8.8246626966098293E-002   7.0872410504734071E-002   1.7467971138871011E-002  0.34275143705431843        1.7463663583554601E-002   1.5171830554142555E-005
   5.0000000000000001E-003   8.8992663099443732     
