   0.0000000000000000        0.0000000000000000        0.0000000000000000        0.0000000000000000        0.0000000000000000        0.0000000000000000        0.0000000000000000        0.0000000000000000        0.0000000000000000        0.0000000000000000        0.0000000000000000        0.0000000000000000        0.0000000000000000     
   2.7857050809619151E-002  0.15090331779080121        9.7443608257426467E-003   5.7148173933254838E-002   3.3067592550539406E-002   2.5058214147265823E-002   3.1505990859848364E-002   2.5575311257814815E-002  0.44113388412241927        8.7025049716180011E-002  0.15013730259696753        3.7134821190139618E-002   3.4804453700624481E-002
   1.0786153328314145        1.3987404076920047        1.4334631901711152        1.4494333110281021        1.4560695735800691        1.1219499917382423        1.1252682372595590        1.2977201616847798        1.1815663165103547        1.1434263539443352        1.3076470688048900        1.3576332243887352        1.2212320160946977     
   4.7807980701643653E-002  0.21988942178714174        2.0855533009721632E-002   9.9093958179972588E-002   6.5842785778541316E-002   5.2269937184812106E-002   6.5861400765637165E-002   5.1228317853597147E-002  0.52259770936377992       0.12289242383397571       0.22429698293265235        6.9170878569830965E-002   6.6484412439855770E-002
   1.2847806140070963        1.3539225815839031       0.97104588181747775        1.2916035621369193        1.1576595245619012        1.2260784313281323        1.1688133923416311        1.0615058177545860        1.2381809199003924        1.3855009484837557        1.4211906304937456        1.1976158212630374        1.2652768652006217     
   6.9332523102504567E-002  0.27059986031436034        3.5675043295388439E-002  0.13864790818264594       0.10045339212080479        7.9448321141848383E-002  0.10081936563468334        7.7081355721871858E-002  0.57921095601760897       0.14394165260933095       0.26052423883305820        9.7414391364087791E-002   9.9806973813191702E-002
   1.5594524126639107        1.0637989347462160        1.0117510379231174        1.0557523989382933        1.2447506331921150        1.0876760547236237        1.2005557353920668        1.1242514507324819        1.4673176771957539        1.3869734777838170       0.98988656054898250        1.4671347710728548        1.3826469639597572     
   9.2685218502338282E-002  0.32143856526750503        5.6046153044947290E-002  0.17414171655638147       0.13455154120081675       0.10253420283028515       0.13019833321591312       0.10392622368749410       0.60994130117656342       0.16167631923768286       0.29136589741265229       0.12043646198624484       0.13374059069005073     
   1.4415546368820111        1.1158231240778946        1.1726717705111602        1.1952587200503806        1.0665575541615810        1.1478649748804564        1.1146958702259002        1.1163910793841565        1.0839661595826908        1.1162124244088552        1.2163926030837222        1.1962693485615172        1.0929379444463891     
  0.12984821912208733       0.37162830453772516        8.0740257608413080E-002  0.20685590098430354       0.16446648721778093       0.12965293933812372       0.16053120043345961       0.13147213574425576       0.63282210267877814       0.17563293882362835       0.32031494693583235       0.14698258959159410       0.16385680516965273     
   1.2642077194095387        1.1748162397696360        1.1749034093832151        1.0835556531466335        1.1226137455567069       0.94253825985304152        1.2580371333161067        1.1541067501347730        1.0295288534383926        1.0965330580553128        1.0891604507406996        1.0973919996510539        1.3187105382793238     
  0.20147756250138427       0.42145637207429726       0.11188832861325451       0.23899647249163947       0.19155684424779851       0.15903295864046516       0.18662848145956756       0.15858553939809161       0.66263983514375002       0.18816367882484614       0.34862586043333055       0.17490876736623018       0.19265566792481045     
   1.1180822868447409        1.1443870141967731        1.0505680688824106        1.1548729581654598        1.2614875775745344        1.2732746161184876        1.0616663025915747        1.1256929340245958        1.2684865354602870        1.1363631922443331        1.1901751598049430        1.0837078220577623        1.0673039553472545     
  0.29333831592662868       0.46635888486435284       0.14342781696391008       0.26904882093663079       0.21893963799570174       0.19069084874862394       0.21675539551682169       0.19091618607996252       0.68311470450062317       0.19915603096237514       0.37450277080673139       0.20385169145362933       0.22150093023705078     
   1.0740022468063015        1.1808006507526589        1.0391416393620481        1.0827743420957554        1.1896276928362874        1.3334798249100839        1.3520628732516868        1.1292981366779185        1.0435176842805087        1.0063863964464521        1.1210014186628647        1.1083130574553854       0.98836900296589947     
  0.37410390970121160       0.50918019646468049       0.18620369259155117       0.29922248847391286       0.24846476281557298       0.22973270855113526       0.25092848410565038       0.22224087672537579       0.70573295449117279       0.21191938473772565       0.39893198184067630       0.23283080679001861       0.25257522784316511     
   1.2790303006854822        1.0509081468986969        1.1839048755662749        1.0744987287700101        1.1050363343423004        1.2384456228664420        1.4571696115548636       0.97859545379411605       0.99344880037815286        1.1663070885815126        1.1553036115102739        1.0910647520980117        1.1502455600911925     
  0.43082627661922257       0.54755834467916642       0.23395145909935222       0.32819916253318782       0.27267797585193065       0.26988910052356851       0.28444062420002431       0.25562114574351474       0.72670388905910910       0.22612720431503991       0.42678321641716038       0.26038568571872284       0.29000591754496358     
   1.2914816206313273        1.1044148440086430        1.1534492960744571        1.2458153779169570       0.95362908776250022        1.1535844168497160        1.0164389332333967        1.0763914447832303        1.1043321495562559        1.2087613435149156        1.1533687517311764        1.0776340727670022        1.1840506286602779     
  0.48507471945811576       0.58570507110308145       0.26863568617413441       0.35437433745483327       0.29950497069886778       0.31432995362849098       0.31766092512108912       0.29116864975375273       0.74821892528290013       0.24124888762729541       0.45512146598779468       0.29192781308613147       0.32682566244651184     
   1.2071937616427475        1.1742600485045283        1.0206859916196804        1.1520409744112130        1.0852814487940561        1.2107969110190826        1.2795614707867575        1.2837582664243183        1.3525374842948310        1.2411945143201526        1.2652383066286765        1.0404479831661002        1.0469963877654307     
  0.53115524938467318       0.62079184410835797       0.31189329443575009       0.37988020733631739       0.33002460653419752       0.36077223524436608       0.34860354961737544       0.32519605518033540       0.76754078079073340       0.25612757869182379       0.47903121686275829       0.32829197132100502       0.35995141162108613     
   1.1804495376672020        1.1943021957461915        1.0253200832375933        1.1386351799739296        1.1320727990068278        1.2985774647572210        1.1642538796250284        1.1711198001391949        1.2769796529592772        1.0375960941020954        1.1356272468020880        1.2976988302363870        1.4304915253643240     
  0.57229560384988687       0.65493825605287659       0.36519869977478175       0.40330163564238652       0.36383597248162058       0.40202540443691731       0.37822903091284032       0.35878366492229863       0.78305804149354763       0.27060686258164296       0.50575423740814229       0.36349475101899542       0.38860948298339032     
   1.1345537254827305        1.2993161791594956        1.1813563547469650        1.1721195974763261        1.1847169156804167        1.3220965460839984        1.1784549046605621        1.2491775913745071        1.0891227652995730        1.0018186615351179        1.1088018601335861        1.3663422271402554        1.0567061148943402     
  0.61285626807593607       0.68550362510796703       0.42697078646406733       0.42665478565745091       0.39688784868153287       0.43876256732157592       0.41062634393136593       0.39129762920749472       0.79944312679278406       0.28545313251515048       0.53501681930728651       0.39782551538505917       0.41487614784231469     
   1.0785833108695944        1.0371116360967079        1.2099958927891103        1.1041831978447703        1.2261338731283520        1.1183268347642041        1.1198787421719596        1.1375304917872673        1.1652791839904704       0.96854254274790130        1.1941799742819765        1.5443149393146032        1.0039649264632928     
  0.64563800552506678       0.70998673282769775       0.49255138802418158       0.45221342417761506       0.42521867686476184       0.47308212984050763       0.44243430277121931       0.42000932341310243       0.81421718779780516       0.29981698809759766       0.56123212795480903       0.42712959453982013       0.43983003236425422     
   1.5949784444197896        1.1918976813207889        1.2510220454190650        1.3913230695532537        1.0529617065159083        1.2892011376795740        1.2980810246240857        1.2723648393990821        1.0294381549602261        1.0792927902942731        1.2111136634254092        1.2932579237591371        1.2407443996153757     
  0.68163468947711203       0.73577987778494169       0.55687639618135520       0.48031671643828222       0.45348115730538457       0.50795514843353318       0.47550597668215916       0.45259433264346360       0.82962319997913148       0.31752625374467425       0.58820061400069612       0.45645884060839453       0.46373608950824863     
  0.95365760821062229        1.0760247187658587        1.2941228491138466        1.0877259570600049        1.0341084196975150        1.0733455791489930        1.1769465868655922        1.2345549992842024        1.1720721204800628        1.4316917003549701       0.97296062876102940        1.2214219963079884       0.96366494104888778     
  0.71421053459103945       0.76167616360008983       0.61626433604013531       0.50799058742212266       0.48805420230741259       0.54537479095709562       0.50560015996191821       0.47803588645937839       0.84477846683499958       0.33448728448319437       0.61341635200725320       0.48982432399674147       0.48992565064824933     
   1.1198525313026082       0.99265561169670835        1.1319964357160559        1.2107113222037942        1.2399102282630565        1.2558342544824710        1.1218120870804327        1.0770081390350938        1.2720313381141659        1.2369037499467694       0.93307439225281419        1.1128950929351402        1.1421862965523768     
  0.74330960657711542       0.78632770401195140       0.67182036559426839       0.53508476039718933       0.52164466186675340       0.58159804384268121       0.53329903255241073       0.50482664958060108       0.85701810161062641       0.35208417996082009       0.63729060006146487       0.52348537918010007       0.51774072514520053     
   1.0593812850196276        1.0354440051241487        1.1256269943057002        1.0971627655159464        1.1674864965237080        1.3688095742166346       0.96367467629129300        1.0410331336643985        1.1254973023070920        1.0695169453075539        1.2432202160915939       0.98627261382853970        1.4514026267588136     
  0.77052037730046818       0.81085464795749418       0.72290881541673357       0.56255720826338795       0.55807972864919964       0.61333855288020955       0.56093982922719354       0.53546475617435096       0.86711711703411565       0.37154292861182697       0.66255082427984680       0.55464772472420698       0.55007470107972734     
   1.0571784428209541        1.0177098884871787        1.1899655470139807        1.0654307613806433        1.2163763303683610       0.99686475669859442       0.98307684347281887        1.2105271022203661        1.1682354428742885        1.1528931160371578        1.0097795177978006        1.1880712049572226        1.1118674432558708     
  0.79572423671524295       0.83211900578948794       0.75867371938007844       0.59036184805464531       0.59415337213436659       0.64308521505040317       0.59029348838483620       0.56781404956368775       0.87617608316739837       0.39079473045716467       0.68845605854417280       0.58283081060159847       0.57757283969572737     
   1.0054410311396509        1.2290994102653128        1.1144842921966522        1.3093977504228103        1.1301146767124957       0.97554198449836482        1.0664975488501858        1.0408125532164691        1.1150669855589013        1.3278468053563219        1.0490646551876432        1.1337579912084574        1.0113000528041196     
  0.82070446057000235       0.85128987283735114       0.80386988302904527       0.62005997894581344       0.63156122112308588       0.67111170093158556       0.62115765937155420       0.60350813655155533       0.88559154687445685       0.41014491653223550       0.71469957475712009       0.60908360910005166       0.60447913368306272     
   1.1042762290322112       0.99816083406760014        1.5370324331919556        1.0933716743376651        1.2835226771342434        1.0706993057453391        1.0972157852876925        1.2587664014500670        1.0103797631111753        1.0331826971143476       0.98337346560190519        1.2207136797324920        1.1465124947532439     
  0.84201328522104502       0.86868849197953490       0.84547190459166532       0.65143815433857744       0.66867933047420591       0.70048799781014592       0.65379268089476095       0.63766042605205531       0.89558197278007079       0.43044824408486287       0.74253276153153125       0.63562307147551189       0.63282468451098672     
   1.1233423953655937        1.1493509945625466        1.4394133426969593        1.1875244392555531        1.2517682074029410        1.0280589646565870        1.1341660201908230        1.2289279998276239       0.99162251951360458        1.1731505473852724        1.2406221806690356        1.0011517335260254        1.2081424616444001     
  0.86185700950103028       0.88495655521368954       0.87620039282716089       0.67965975550356417       0.70163967059166743       0.73352381406037170       0.68830572730774942       0.66969852562751597       0.90486298765098128       0.45166009006162433       0.76975220049817672       0.66161569224594574       0.66440804497005634     
   1.0149453422569874       0.99804913155867070        1.2283368138658237        1.0688774377356998        1.2429530573743339        1.1487799604791116        1.1071158888761645        1.1972711275143046        1.2076176430339198        1.0339216126519462        1.3755688555775933       0.94986244619730653        1.1251840218692872     
  0.87902527032226285       0.90114021147207812       0.90956044695462079       0.70441032511012247       0.73100571798801783       0.76310638747178494       0.72381372020761137       0.70044926453311995       0.91404469699041435       0.47330524596816004       0.79657857064688964       0.68691786217269180       0.70266183231504165     
  0.99555675870962823        1.1203628551658020        1.1439931412571349        1.1813591690832561        1.1891227800497750        1.0221132683396712        1.3723836826076665        1.0164129654336074        1.0912479801648363        1.2497853853945338       0.93237693165971514        1.1614387356899130        1.1206400045601492     
  0.89591235818496884       0.91585114570157200       0.92328131483186981       0.72913774370356399       0.75812739152666719       0.79160559164449884       0.75582819372101717       0.73081052554553749       0.92310747808300619       0.49513095165643206       0.82245126541389446       0.71846398405496192       0.73777338560152450     
   1.1684914048972204        1.0827772428359712       0.99926077549794035        1.0212210789868308        1.1591691419680661        1.3313220028759680        1.1560881583258715        1.0580780372529655        1.0382134033902488        1.0914157041290427       0.99121652514262981        1.2092730468615078        1.0204979423044924     
  0.91263657494602668       0.93089690728165808       0.94097540438756222       0.75579810331919195       0.78424399770569586       0.81413082021320071       0.78404162974566927       0.76108461719143705       0.93224912369986646       0.51862366374987035       0.84866363668478506       0.75234049799605929       0.76837787997493701     
   1.2755522667902792        1.1618404438328465        1.1556055256456892       0.97350441527694431       0.91614290624285022        1.0953787323740596        1.1365500249342257        1.1049730140516576        1.0395637581803603        1.0067070797163105        1.1698494773323744       0.98390321889829035        1.1909120902372501     
  0.92858008524213942       0.94652930516364031       0.95165849156639126       0.78499777632010082       0.81042324904677709       0.84309741694351892       0.81289320733799109       0.79365819776655888       0.94086818263417704       0.54165724582184593       0.87235973172195402       0.78588169191952739       0.80447958841236411     
   1.0244943618939282        1.3515828869385447        1.0151977897037145        1.0628024824390299        1.1938566304092226       0.98784644612374983        1.0755585650762547        1.1340614052773041        1.0847848269379297        1.0897282919857174        1.1034445314393333        1.1053507074688671        1.1384854776204325     
  0.94314359631689493       0.95899048359183880       0.96479274732461073       0.81879664392281015       0.83828304188863167       0.86998583188024892       0.84326506761771836       0.82470622576719066       0.94896401665822827       0.56536000862893299       0.89678824581443439       0.82227141094893363       0.83787048079483195     
   1.1039932757404232        1.2822973417952188        1.0276495732928730        1.0565708959594502        1.0761254211264009        1.2406838387810899        1.2375960983915522        1.1364724458139768       0.95055801246310789        1.0029327698812978        1.0391720788171890        1.1043730132149661        1.2278434154239268     
  0.95556331914712078       0.97006160546181186       0.97439178284025640       0.85664141540838501       0.86795322751815485       0.89712461750962591       0.87267628809366016       0.85960396312909282       0.95857511931630035       0.58895986445026494       0.92014230338056358       0.85891750914905585       0.87077682975678516     
   1.0868848330271248        1.2236822823648748       0.93147699256479155        1.3092405100750422        1.2424891168961214        1.0393301477375001        1.0558237442938079        1.3778416516351555        1.3046333320020842        1.0956379067307997        1.4708785221688523        1.0425172261703335        1.2331116098524582     
  0.96743938070164037       0.97984355764114772       0.98341704847370737       0.89409694263519857       0.90023879555369424       0.92438937846738256       0.90192124645588301       0.89698956975973032       0.96845278393433343       0.62193775018772646       0.94280709951982566       0.89642421520212900       0.90273147786032637     
   1.0889101864100350        1.2262508866383104        1.2984892564536901        1.3619008332930560        1.1752420668582424        1.1986440523098529        1.2468971729604612        1.2963642415940753        1.3390364481796913        1.1197209880147003        1.2683178880076613        1.0706907034749089        1.0891111806926925     
  0.97761811702374579       0.98787493257903003       0.98960095964081107       0.92677684874536581       0.93352322967222701       0.95034862830465383       0.93566261604892731       0.92851813164019692       0.97836233567116104       0.67564517832570714       0.96396109368011862       0.93171755851997418       0.93281162979934340     
   1.0688674515166710        1.0994011188928399        1.1032112653649879        1.0715741100825691        1.0668914698220637        1.3275794187900434        1.1908523588921878        1.1300536850767782        1.3032699431208448        1.2827291549998170        1.2049090251524095       0.98696887727905747        1.1270732627994910     
  0.98915675356958754       0.99446243498673070       0.99510922264009627       0.96406380967954608       0.96630332077609682       0.97569406067839060       0.96943209412919740       0.96654418503568107       0.98803367797235875       0.74031424455151096       0.98291900764014506       0.96463999535501299       0.96411892643720754     
   1.0957583219029039        1.2846126457619265       0.97645166047033616        1.1958811921874222        1.0308017358768007       0.96195190157674593        1.0744908149249532        1.2272940442956972        1.3366973878235000        1.4073934946535895        1.4179481760795904        1.2188823971021314        1.0664015888687595     
   1.0000000000000000        1.0000000000000000        1.0000000000000000        1.0000000000000000        1.0000000000000000        1.0000000000000000        1.0000000000000000        1.0000000000000000        1.0000000000000000        1.0000000000000000        1.0000000000000000        1.0000000000000000        1.0000000000000000     
   1.2395108533634798        1.2399974588366378        1.6420465329408362        1.1118247414521678        1.1867434029176809        1.2224039600135803        1.0624907159379375        1.0657804680372029        1.2361881830745951        1.3431343231049357        1.1984729890999575        1.2260520784863500        1.2642197130253996     
   8.4718566698981093        6.8312373876210088        9.5925395138412526        4.9146533013461635        12.405231295119320        8.5991963596080776        13.340203785150413        2.9382888224315948        10.144715083868604        8.0502819672663648        10.503401278841036        8.3943791824750136        10.718088485103436     
   7.7987552897952970        7.7041130828457884       -7.7009693136391135        8.2742543483435025        9.9729885643893645       0.22482749277579206       -1.2262843409687407        9.1669689251379243        8.5869899212571603        9.1020762838679037        14.871754769094078        15.003595284532542        7.5199871717915201     
   14.991191966050231        14.010389098777438        1.8556528880308747        13.611827971858903        10.517046686695403        7.1938896707532649        4.6577961333908693        8.3092070531750686        15.345026712350780       -2.7070906119423448        4.8259647548106228        9.8429517447014909        2.1564870569853354     
   15.156072741632254        5.0438276628345671        3.8229510867068646        13.302768456909650       -3.1209874485368974        7.3820212455871630        6.3230435213656397       -1.2525458809617738        15.467880552945878        6.7843021139495630        1.2662106962679733       -2.9235360088396600        11.984124923399500     
   15.046603243517842        11.861012828879552        2.8986056620819198        11.319242655624306        6.7537479215876299        7.1220893049546188        4.1956197013217418        6.1296750858191977        6.4047775805488687        7.4407056157118161        7.4628049136497561        7.8994483273285665       -2.7661078792423082     
   13.077227074315982       -1.0588648808350261       -4.2794545426636228        7.4902750000554565        4.0521993567502248        12.390894169072439        9.5003314330274105        4.5016932715765527        8.3078909177427835        15.363862390255175        11.801173300455446        6.8702148039967401        7.5681971142476741     
   6.6015670176633314        7.6343292627866868        7.9331539363268853        3.3090472825662722        9.1426708615565033       -4.1040115539546926        7.6297306167004733        11.273991152569556        9.0699909745658935       -8.8241365878099813        3.9433859698730860        7.4293169903818779        2.0225530553028070     
  -5.3307562465605880        5.4074635480153983        12.648961421699680       -16.946847644373250        11.539966105273328        8.5422941118483671        5.2494343379945914        15.190574944340339       -1.8777563233079695       -3.6867457998961433        2.2424313510086438        5.7907283193714836        10.333137103526182     
  0.24775691467978994     
           1           1           1           1           1           1           1           1           1           1           1           1           1
  0.10780775326545734        5.6178953664508098E-002   1.0936046153155073E-004   7.0236245518328131        1.7279481585839411E-003   5.0725391990395866E-006
   1.9682189949595231E-003   1.9479359405540709E-003   1.9116342976519132E-004  0.40373706552958621        1.9105114142974980E-004   4.8856132097158898E-007
   1.0335237825027568E-002   6.0973676676816222     
