   0.0000000000000000        0.0000000000000000        0.0000000000000000        0.0000000000000000        0.0000000000000000        0.0000000000000000        0.0000000000000000        0.0000000000000000        0.0000000000000000        0.0000000000000000     
   3.7914681717296575E-002  0.10227559511873260        2.3598828774309206E-002   3.6408910842178004E-002   3.3547023915858218E-002  0.10381066038152464       0.19167583178302414       0.14826589988235728        1.4022111489374345E-002   3.2598153898062983E-002
   3.9218304407793134        2.7056287730496797        2.7202793313673865        3.4562661145425944        2.5475128988680655        9.2961066257096743        2.1046885529545971        4.0022792191393393        4.5593361599972120        3.0320179068556299     
   6.1167849110807054E-002  0.20189594030234459        5.0189338638904749E-002   7.2418889984623647E-002   6.5076776212306828E-002  0.14698950254832444       0.27976853745451991       0.20854649571807771        2.8878197871244904E-002   6.3942206341426666E-002
   2.9609891950502489        2.6147511062571565        2.7417478258852279        3.1943029750432106        3.0027334468443141        3.3742968868919707        2.5232721050217264        3.4402057566491893        3.9843775630390277        3.5363687919824947     
   8.1953242744835647E-002  0.28417094038192620        8.0796396430586032E-002  0.10347397010012178        9.8685444985533638E-002  0.18395398958840209       0.31282915845222936       0.24824929597791820        4.7932777025232326E-002   9.5889306940288799E-002
   2.1253722999526685        2.4643539322850154        2.9779244506307680        2.7158056968658051        3.2641986432921803        3.3438179103505985        2.4426518857484383        2.9133123502183635        4.1559293297902808        2.6544336121075887     
  0.10256875980340907       0.36677358034810664       0.11383801519396146       0.13024889048447877       0.13341185561297250       0.21264822649788018       0.34844645042255262       0.27799744335966625        7.3027098222482295E-002  0.12519276359752232     
   2.7281209032219875        2.7590400083518829        3.2313483534241185        2.4506430168125863        3.0766117035331990        3.2874384379336838        2.5147624902783532        2.8633746825423958        5.2585487619613014        2.9593796009664808     
  0.12897503927035414       0.43182601498191120       0.14957732682186681       0.15768220533211502       0.16350914633136487       0.24131454559190266       0.37541585514366738       0.30395982030964852        9.8971712813985396E-002  0.14938266662299204     
   2.6505387963873250        2.6181603626157255        2.7209455530322257        2.6822506819313041        2.7730396736909038        3.2041611899445779        2.2815918750687247        2.6346338508310376        3.9395595694625869        2.4781031314732491     
  0.16050204877868074       0.49978153887441878       0.18835112576882768       0.18659672254639587       0.18719774991486893       0.26745113155448375       0.39989349822401238       0.33037107187779613       0.12119775175295736       0.17439426774681932     
   2.5977702786286403        2.8087527562466765        2.6347045646725995        2.6011787095034089        2.6686973626496941        2.6634533678835530        2.5560211866549669        2.4728424884408859        2.8694709901531326        2.5484375463538709     
  0.19114766617912302       0.55445612622388130       0.22703429285936205       0.21822219204913940       0.21071537610604676       0.29302208125523549       0.43114496928642254       0.35536458468970017       0.14414718718241754       0.20008906298134924     
   2.5302290549170290        2.7161644977120498        2.6562040200503003        2.3330935236475026        2.5967539214907651        2.4662954933997110        3.2815592927980330        2.8305438481461640        2.5673648535566040        2.0915797808205929     
  0.22093438010665917       0.59861132349388868       0.26803611664535110       0.25195991209590046       0.23463514737341359       0.31643268481247455       0.45653386005969088       0.38196605221019708       0.16840917166063271       0.22888964375797274     
   2.8733287944904555        2.6140977052622936        3.0571056951196951        3.4313263099024263        2.2081438651586294        2.4181135879829938        3.3567280386884137        2.7915693151348195        2.7036709097168150        2.7403650792510672     
  0.25003982063722052       0.64705122905019063       0.31005652703391307       0.28454699337067829       0.26250269697638107       0.33972501285389728       0.48057158442166742       0.40681126523550359       0.19702528426494648       0.26369558670481991     
   2.1040930685001715        2.8552664299247681        2.9817953771721872        2.7832099728560755        2.7010631869437320        2.1026867940267695        2.6154415650888612        2.6682707609335790        2.9272815856467664        2.5220819744402978     
  0.27661280849021391       0.69745366171518641       0.35495981126068166       0.31559753897331055       0.29472673964274837       0.36396513997520202       0.50133981561282970       0.43252731956748747       0.22718799127307959       0.29580296451844573     
   3.0422689188129213        2.7687970657362801        2.9892767258335580        2.7436836003504133        2.8059872435113218        2.4643889411411140        2.5264223269345201        2.4365895272982034        3.0744364832305169        3.0986162990248145     
  0.30518909384383913       0.73300747454844783       0.39995457058628675       0.33722627955408818       0.32805140966698842       0.38921717284133817       0.52157401837702744       0.45918792218493409       0.25750911128693998       0.32757219859223080     
   2.5495205311630835        2.4083590699183617        3.1995411653089341        2.3411364509705583        2.3843131477445554        2.6577549828416109        2.7503331096148451        2.8319901175956783        2.7365038000883879        2.8665796424751804     
  0.33492064436788055       0.76805263127752021       0.44641064521066898       0.35844663028213136       0.35927770113294510       0.41458286648357257       0.54128828974254095       0.48722802322500852       0.28506269168314996       0.35665855030966015     
   2.8952530370630365        2.5347573732179183        2.9832828164037868        2.3360032568819533        2.5800993017677216        2.6471844659950303        2.4069135829333215        2.6598504164799412        2.4787006098022428        2.7829301136568421     
  0.36586814468141238       0.80321143495950398       0.49061161301674566       0.38050296217167551       0.38945344206830584       0.44061949838675746       0.56218183757995166       0.51815172726176839       0.31766061777443161       0.39030657053198997     
   2.6989912113215420        2.9916754973766757        3.4810345821845772        2.2192347413051725        2.3536536485973869        2.4015627198985783        3.5864634576744363        2.5487539889145907        3.0816412350263236        2.5721475576252675     
  0.39697821033755709       0.83029363806944612       0.53387882478706283       0.40639006679970219       0.42102419177587225       0.46625689725862213       0.58109711203211190       0.54919321361698448       0.35176277463196837       0.42215456673293572     
   2.8596937943918528        2.4034767262285013        3.0985472700736070        2.7016165444402223        2.7461983971777766        2.7347695387237501        3.5093345424465858        2.4056518147830914        2.6709993529698139        3.4029255362990747     
  0.43139736656797334       0.85402791895938035       0.57594630364975063       0.43756754601617032       0.45319890201396473       0.49068782223748014       0.60104304786683815       0.58030988988225185       0.38848902884062020       0.45733086621754743     
   2.9150914848905538        2.8113544288783130        2.8309194863386633        2.8639756897221611        3.0122918593683710        2.6332812238615952        2.2488919305983202        2.7151345517085490        2.6633941132529064        2.9963556197643553     
  0.46493486515308602       0.87373882463853492       0.61348667937497192       0.46937182358706619       0.48493280808084438       0.51642384637969696       0.61530315612540498       0.61163241504985555       0.42390290613367426       0.49234126059520222     
   2.7116154406853732        2.8553870343509833        2.5051381217440314        2.3529350600313226        3.1220262411746589        2.3169671960242053        2.5210393076222672        2.8790483663125044        2.6323649821956803        3.3423510235972933     
  0.49739747440041981       0.89370306554010415       0.64658612707903196       0.50094203352475464       0.51597558081272299       0.54200194260639623       0.63071014833253447       0.64372129171102965       0.45657277034292132       0.52637878416796402     
   2.7488075557660312        2.5971862908679983        2.9559458356122761        2.9929734861448769        2.4912980053483591        2.4020948123434698        2.4036651272572263        2.6038304898984590        2.8590685291347047        2.6550596144273135     
  0.53114058228123184       0.90923961257611530       0.67705594922175560       0.53107625244928847       0.54506468661404583       0.56974233681594022       0.64619332126506723       0.67773965315711471       0.48957913952677096       0.55908286683982111     
   2.7304124070726004        2.7193324489889683        2.4284094253293649        2.7885439099781619        2.5524553355027075        2.7915727088493281        2.7511506737729445        2.3063600997224190        2.8151560464597134        2.7428245569612031     
  0.56652043472553471       0.92408807678738247       0.70695862434190126       0.55908375340971439       0.57556702079342348       0.59640654487221545       0.66195637720765366       0.71023499163802517       0.52168247619761088       0.59264120664653341     
   2.8735507492109069        2.2439548594168262        2.9481567021161639        2.9565778834350658        3.0271557345749782        2.8523627817657333        3.6326270883315166        2.0652966443353282        2.7045089822081887        2.8003116065334663     
  0.60257033865913578       0.93676241578448227       0.73720677983038529       0.58537689603406384       0.60452830638740185       0.62478687879255002       0.67778318207338517       0.73800085484374878       0.55407399274676750       0.62772017728121177     
   2.8959033930375200        2.7655575140038038        2.8717149725697588        2.9760859898451328        2.8233429884945624        2.8845853241952399        3.2608408005946097        2.9058875537996158        2.4297352492677340        2.8807485757252809     
  0.63642638079226155       0.94804537962870961       0.76636323411561369       0.61228732987419554       0.63800061600352032       0.65253897920413340       0.69286663686386318       0.75965670289710885       0.58413533164510056       0.66525638976827239     
   2.7116615059164353        2.9353183535496017        2.8469623093826950        2.4820270456394922        3.3134673010943470        2.4667608773609944        3.2770668055638716        2.3341387099563651        2.3366254683240153        3.4695208022204680     
  0.66902707893524305       0.95765744240465744       0.78687797980190888       0.64084784944412010       0.67314498364346265       0.67948024203981316       0.70912912286735319       0.78205839319193815       0.61507590006624713       0.69958385821492630     
   3.0753927295157193        2.7258389108459444        2.4986628487265614        2.3424968247143014        3.2676416760493541        2.7189684879680844        3.0325076688381327        2.1114086313058773        2.2438611269333482        2.5861196617028419     
  0.70056734931691744       0.96543099977108382       0.80757254897743780       0.67284300509874839       0.70662954059710315       0.70655487928776017       0.72549551475641427       0.80766477726820307       0.64381919878002936       0.73133721274204344     
   3.0471358388156324        2.8249206979669976        2.3797051117931551        3.1075267912753950        3.2637193525356114        2.5781656923707339        3.0071612899899156        2.6085434687315927        2.5511833700512643        3.2504295447327225     
  0.73288957154323620       0.97260093253837110       0.82653666987709173       0.70763664540599258       0.74014888289291625       0.73400314276947709       0.74367539591217702       0.83828018640800728       0.67241425580418068       0.76224198140317367     
   2.7599836695955795        2.7656722471262563        2.1498060442782232        2.6477770289831128        3.0494301880651271        2.4004289760955291        3.2953691480467353        2.5990075640987937        2.6351597023045357        3.1537012130482163     
  0.76746447374745730       0.97821142113047832       0.84501765567876297       0.74524272265354585       0.77499193618335682       0.76168694783220781       0.76199454528518684       0.86692141802613520       0.70608404001007630       0.79247602080058543     
   3.2845650925934886        2.5124512933681968        2.7699921768717437        3.0365348727163668        3.1002105357711440        3.0136074785348361        2.9495117011709064        2.8325837000419658        3.2308932162539339        2.9896651125520037     
  0.80198745564054108       0.98299733055777616       0.86936011015075398       0.78348633965569592       0.80580707737250601       0.79073471799380601       0.77843856668435618       0.89268743756309299       0.74880790138271192       0.82174435042678018     
   3.3402263077894694        3.0273743495370100        2.5327645491151474        3.2735682123766203        2.4597880992517585        2.8805820778778286        2.7034780564238012        3.2578904759977649        2.6188449046182263        2.6998389170407511     
  0.83658690484371501       0.98677770806312237       0.89210591622137814       0.81713650958827977       0.83498897539510331       0.81684967576337963       0.79476522554093831       0.91513674920128485       0.79814640143863325       0.85115586650832531     
   3.0649517027978948        2.8940429919410171        3.0771299057447168        2.6787961037969286        2.9870641188601512        2.1890823481901984        2.9875603765967909        3.0564352722843648        2.9071626650506288        2.4242619674826256     
  0.87180251068931836       0.99036842813583670       0.91525810067179658       0.84816166266803850       0.86409703041516817       0.84921520332140854       0.81306651702513888       0.93506066156211876       0.84456648453367067       0.88196314490668359     
   2.9696822249311152        2.8994214201768571        2.6401321642154216        2.8970539531037920        2.5348235210278665        3.1774958772370243        2.9609286598177045        2.8266064372459265        2.5803947892083889        2.6902334225244022     
  0.90658388004289736       0.99308698265554596       0.93542968034038665       0.88149757488344194       0.89806467402656542       0.88547352421543124       0.82844404535151739       0.95317400036536493       0.88901489176770310       0.91379740970905654     
   2.6600775538181440        2.9942904863738828        2.8965890905220428        2.9671199208316712        3.3556538310764461        3.2535647342344984        2.7208400204495926        3.5520688862347787        2.2953427066845902        3.3280749898059891     
  0.94035615499005309       0.99560557891918977       0.95641635773248268       0.91855145163143004       0.93231786193410171       0.92272579983331315       0.86050630566414388       0.97210822491226534       0.92895555753772951       0.94516403628452283     
   2.8050482191886563        3.5359761436962187        2.9910949381551646        3.7994934993102349        2.8133603356558412        3.2633273362495610        3.5830008652035223        3.2850623041468241        2.0495857125097303        2.6223715337162887     
  0.97125232972271947       0.99780278945959489       0.97738945384196552       0.95842789996863775       0.96619483714160326       0.96169307622342004       0.90067963696004683       0.98699781177193568       0.96577512727610626       0.97324987071016811     
   2.9904190006015496        4.1616028668431007        3.2055327585535780        4.4429092648471427        3.2787473141076608        3.0109627987827423        3.2791288471121045        3.8799400624723566        2.2143886744299182        2.7050660541996967     
   1.0000000000000000        1.0000000000000000        1.0000000000000000        1.0000000000000000        1.0000000000000000        1.0000000000000000        1.0000000000000000        1.0000000000000000        1.0000000000000000        1.0000000000000000     
   3.0562100352083887        5.3766792525045526        3.0448244845519818        3.0833804291653135        2.9971859035377690        2.5573020995158924        2.5474294670938962        4.8045273302907132        2.1425071012152976        2.5904588324215889     
   7.4649707559892553       -6.5618080179994944        3.0137707604526915        5.2184388720446453        6.4738612877544606        5.2873289488565085        9.2915025637040625        7.3560038078342727        4.0207500406976928        7.0376236266013761     
   3.2741490165637388       -2.2983243808033977        9.2488832307177038        5.4976277266589433        6.5722000376423635      -0.13927685370989185        9.1763965570319783        4.5387878347118678        3.9427139911511206        6.2828871672414355     
   8.3163914498229730        3.1829741382851093        7.1580125730331039        3.7321954302779314        5.1148799456846561        5.5101351566350560        6.1453474993688539        6.5295363085328670        7.1865930187064739        5.6295172006518133     
   9.3531837650736982        3.2457928471541759        5.6282817277440458        6.2196166742735084        5.6326515141515783        3.7939259597653656        7.6823718908758050        8.1660776687540793        7.9242838072911930        8.1824662241887651     
   6.0939584776985276        1.0883088909813692        6.7847768446475447        5.1604781779619744        2.6557638701001407        5.0665882456066758        3.4236327120887160        7.1662741385010404        7.9640765285844237        7.1680572658425792     
   6.3060625703941060        5.1567284271064748        8.2868580187170942        6.4463450077023845        8.8068568584969107        5.4369457233224914        6.0904968708899947        2.7600303188385165        8.8149317023474687        7.4069874945829044     
   6.2426869605574939        7.7374552240043402        6.8185544264061182        5.9595603707119009        5.5619935947758492        10.719076611155177        7.2580069188929874        7.0627215385626219        5.5057027041073221        5.4062440691861564     
   6.0663394452925541        9.5379526682138476        4.3080047587958825        8.8935722466457428        6.4882342379378750        12.910916673307847        6.3657112137174048        6.4391827509966939        2.8671456314157688        4.7201844727153137     
   405.23678125297147     
           1           1           1           1           1           1           1           1           1           1
   638.91945467363371        210.47546464066048       -1.4824909335084770E-002   5.8779712177814094        12.019860165029904        1.9814786699674375E-002
   2.8835167508631860        2.4663754440695067       0.65068005810065599       0.12188469542530278       0.65041341777402528        8.9717506547994541E-004
   5.0000000000000001E-003   6.7189596978688417     
