   0.0000000000000000        0.0000000000000000        0.0000000000000000        0.0000000000000000        0.0000000000000000        0.0000000000000000        0.0000000000000000        0.0000000000000000        0.0000000000000000        0.0000000000000000        0.0000000000000000        0.0000000000000000        0.0000000000000000     
  0.10230896901216809       0.49880727133897906        5.1620255494414902E-002   4.0337455177599402E-002   3.5563687252611775E-002   3.7601167273244127E-002   3.8105090206629623E-003   2.6510313851918505E-002  0.41579941060102887       0.10657628323623032        7.9586580003937299E-002   1.7862305662793100E-002   3.2411574205432142E-002
  0.93953704039870889        1.2139268668395538        1.3856893012269116        1.5438565811921661        1.3233099403626185        1.7425830186333231        1.7224086502234695        1.2407720766758534       0.99099179781052449        1.4392159554537904        1.4375281598581340        1.4715932948347779        1.4018179840841201     
  0.15163863133453209       0.73108060958239474        9.6399848718593001E-002   7.7979951939475850E-002   6.4356567216325017E-002   6.5319253349446799E-002   6.8081236623531542E-003   5.4712957515947819E-002  0.65737343026051509       0.13522664564973902       0.14373079909240596        3.6552756029135491E-002   6.2463778999611981E-002
   2.3615315089349416        1.3922019030849544        1.0913899711505286        1.4380963308814971        1.2993612920233701        1.2170318705860883        1.4619482951631131        1.2643102629843974        1.6538601465527578        1.4403713004030663        1.1634573566181161        1.3284707582686663        1.2687090779353163     
  0.17334796948581310       0.82552384842604676       0.15271643949862140       0.11870371078309505        9.3311501177156697E-002  0.10270533581021951        9.8281942108188296E-003   8.2125426293477299E-002  0.76754938000659167       0.15531270839563743       0.18257917898312659        5.3803046690326164E-002   9.2808865018636846E-002
   1.1703918724674423        1.4930967316735277        1.4078887383773651        1.1004300789062771        1.4681490037456144        1.2533389719449100        1.1521380122028280        1.3958867968031827        1.5364055269528119        1.2203681494168055        1.2274820931451853        1.1326206277833786        1.2404666472319614     
  0.19098986342267496       0.87989474852771954       0.20852774405661570       0.15663905199351200       0.12419289689646711       0.12306120942319876        1.3333177861980648E-002  0.10994351698740940       0.80961580030025337       0.16982146481910682       0.21870931292293441        7.8627651029204215E-002  0.13137146199389424     
   1.2322973827591412        1.4376386869286901        1.0651449264646775        1.0626964969505197        1.3241248739757818        1.0824861750242216        1.4051743821473717        1.4669156592289203        1.4161320985575954        1.4277176112719467        1.1411406675515985        1.2710430872000105        1.4864932868598950     
  0.22120120155138848       0.91033216062489919       0.26427703137095926       0.19116343277474038       0.15396570241279756       0.14752149129845082        1.7647415689421277E-002  0.13392795579627959       0.83846993679932635       0.18317588191106546       0.25007853695866933       0.10057665467065108       0.15953970668678483     
   1.3934880188917265        1.1739653673750972        1.4292589795405533        1.2738847688013941        1.5037706995401574        1.1399984191952308        1.6914585077986737        1.3232543227303952        1.4688657477298257        1.1645667466551506        1.3968497612206972        1.3517611094807360        1.0023595837352350     
  0.24451153571734915       0.93048020451727342       0.32843125784054145       0.23127058486021229       0.18558132375984127       0.17356015016128012        2.2962791586006209E-002  0.15875127000328176       0.86366173125978052       0.19538365386477302       0.27665057103852531       0.12634306073603996       0.19868168279276033     
   1.6547815755004311        1.1615635469809789        1.1976116415683977        1.4810961552558013        1.4499358776411631        1.0771810631422964        1.1492777515780530        1.5114126801915664        1.3223084373526768        1.2151690813452052        1.3690126891359915        1.4048154306557232        1.4630112099769998     
  0.26720697307591701       0.94552111617254342       0.38690813272715768       0.27362776101992292       0.21611891589151491       0.20795414275624610        2.8789296510264951E-002  0.18328856536050928       0.88315569350011536       0.20753181624660583       0.29993965455280308       0.15412470447592283       0.23135828570188477     
   1.3629989130552247        1.2541151615228745        1.2936016583115297        1.0682213117322414        1.2395606267719359        1.3572616541798135        1.3265956910993766        1.4651461594302415        1.1440566283286628        1.1922881526683144        1.3072302836771619        1.2522474488046971        1.1823172710732603     
  0.29015112242088642       0.95593964302649082       0.44991061685275713       0.31381206172448373       0.24874267889284105       0.24498397232670091        3.5244835173578591E-002  0.21097581867203205       0.89899890348170974       0.22039936669679211       0.32352751212843889       0.18154874276203886       0.26284249647684815     
   1.6349515640020995        1.3655984700248098        1.2745147666933605        1.5278070041333776        1.3724549409280677        1.5168928277247924        1.2931883040592971        1.5608464144107945        1.1331931531070472        1.1147110116582608        1.3284961084712721        1.2448007938444361        1.2061510522422811     
  0.31401038999533115       0.96523577986525722       0.50523987377056712       0.35360653707990458       0.28236682125886226       0.28134789353017625        4.2272811757870309E-002  0.23823799529135137       0.91194821574616458       0.23357874872314474       0.34848182254951032       0.20820332802746733       0.29793323923881321     
   1.1318337201422886        1.1205247810395924        1.3493662839960554        1.3821042381147917        1.1433519996630674        1.6505339163898232        1.3232467480423038        1.3078998829063628        1.5089283995815972        1.4103485977783057        1.1595134975375760        1.4171709094301987        1.3269730784169940     
  0.33895523189130844       0.97265627918192321       0.55651996739937148       0.39210027034759853       0.31450657379402258       0.31708486006832531        5.0007877460483741E-002  0.26045863856195622       0.92307233354278595       0.24659507573050579       0.37360982614619570       0.23527977628313232       0.33361296701754822     
   1.3639144724476602        1.1426150091287954        1.3256565030095169        1.2212756142269461        1.1567216232927320        1.2455718883815237        1.0843782895384040        1.2667913829152255        1.5061866123548235        1.1851936996342898        1.1827909673062698        1.0557996530131926        1.3039650382208454     
  0.36372044892386957       0.97848661825599237       0.60462705438816300       0.43507036042757302       0.34419971542234190       0.35029144359156256        5.9124536941216201E-002  0.28882579677726472       0.93238549131701987       0.26038853527635042       0.40025495951359435       0.27028240977262086       0.37061707230127899     
   1.2610155432031358        1.2200059449292708        1.2843336992479149        1.4750053657059103        1.3277463493594237        1.2080444935733092        1.3364472687972115        1.6359241971211946        1.2491441304252680        1.1192827226794813        1.2937239515053460        1.2393524248376504        1.5325568934706215     
  0.38777398372609928       0.98287845786848493       0.64846976920447674       0.47633671150761359       0.37591206130413019       0.38112756185423935        6.9621137401544561E-002  0.31566913685626502       0.93991883721238689       0.27590673461806431       0.43010520526741625       0.30854874361321744       0.40253017237590299     
   1.2660157632602087        1.1189919603820855        1.3017366575550453        1.4748847517378965        1.5149567224911005        1.4212668270051632        1.1870888957540111        1.2641197047410093        1.1417117430000425        1.2848989225501120        1.3963167667445908        1.3633746407203320        1.2134175424763143     
  0.41386817925867680       0.98665053550109738       0.69175659072531515       0.51631582847766744       0.40556915921307618       0.41127136445369250        7.9480651198803279E-002  0.35094145993063613       0.94666961966673990       0.29055098002781510       0.45917386916767516       0.34529868470937192       0.43231129026152271     
   1.1883143402076526        1.3078804256144911        1.1972352785279665        1.2610730240377719        1.2248437155458223        1.1585433729627186        1.1194910042705553        1.2614722374494967        1.1511378752984356        1.3595308432950484        1.3242816504627195        1.1317459909109682        1.4106832278726320     
  0.44120985575899996       0.98953762770271658       0.73372767083345491       0.55398704040189695       0.43494986306534333       0.44067305174795973        9.1639737502624413E-002  0.39147410102629848       0.95311750194290568       0.30447206855778053       0.48836597644609991       0.38135041887866844       0.46318339953726190     
   1.3729379710650005        1.4768514276406672        1.1198319640060828        1.2555814738494870        1.4389739505851911        1.2223911543526200        1.5857969719458525        1.0294161099799626        1.1576244808258163        1.2262690045282663        1.4747869209802384        1.3405352723164035        1.1365687469377417     
  0.46526051545490410       0.99172648280267695       0.76886883882305312       0.58948664455778776       0.46801606060108275       0.47210912671891869       0.10423195213780428       0.45137266318109825       0.95847180307958013       0.31892852750733158       0.51707256643892741       0.41987237827045132       0.49373272323036449     
   1.3111405627245851        1.3479438501710470        1.5284236033476919        1.2402469305216817        1.4277068502529713        1.3349126092970649        1.3804723219154962        1.4341543795937173        1.1699348208188567        1.1338920268956756        1.2329282347767623        1.2274360013774861        1.5068884809554586     
  0.48552790955943581       0.99336994548371405       0.80148955296155178       0.61828756345431746       0.49848111570600023       0.50600381908363434       0.11911678637760847       0.50766092522644279       0.96364185130807778       0.33288479345458610       0.54679301839596073       0.45457080504611042       0.52119728071036042     
   1.1938106832277171        1.1885718882751486        1.1940266267571304        1.3381753619066745        1.4490777155789791        1.2871654141449325        1.4324627478585954        1.2996694007673533        1.2077184516675452        1.3344515997094317        1.3514116289566092        1.1373768384795586        1.3117102170682819     
  0.50849568477964990       0.99455574205841546       0.82997201276386379       0.64612599784357172       0.52943868527803917       0.53910819469489879       0.13555908620649490       0.55973449925690044       0.96814984184747521       0.34883977161571944       0.57791009650652780       0.49285210241192223       0.55065269434395314     
   1.2565759527722369        1.1237949007205952        1.0556592561440088        1.2168016743519245        1.3025844220736329        1.3837364114745760        1.3674100831360188        1.0690443385005166        1.2917896412054355        1.3087877287511538        1.0617623889732029        1.2418631770113320        1.1876334352837437     
  0.53023429402356059       0.99561299250680624       0.85674012071002181       0.67592339009800451       0.56238025940757452       0.56800962004635602       0.15415231013383138       0.60926901226218766       0.97197137089161390       0.36399992860995023       0.60744489826504533       0.53003129246982783       0.58015120897882289     
   1.2556771122108763        1.4658815410404944        1.2862587115702655        1.4507100972572755        1.2077702010035205        1.3517862382226009        1.3081460626424242        1.2879792636026863        1.4440293815684568        1.2034713447548009        1.1493275666377727        1.6010343322587510        1.4391518564206873     
  0.55271560961085886       0.99641043136289942       0.88236517440560280       0.70429718793317730       0.59587777389855889       0.60014982338401957       0.17417071217988306       0.65164691870537905       0.97545021570361690       0.37914116483629545       0.63590235164045961       0.56344434081845829       0.61030014701617907     
   1.4421818841815912        1.1459614845585206        1.5260320909699054        1.4497818808776441        1.4768011417243458        1.1822369945139268        1.2481931652428360        1.2906029218454453        1.2582653915415509        1.5827185037627838        1.6170556961182021        1.3982965400221055        1.3162189261665569     
  0.57878243332452339       0.99710491219465358       0.90232348398836049       0.73516915068143540       0.63127842241482124       0.62704110028194615       0.19479926748242829       0.68241544428047674       0.97862223382954294       0.39568272628458095       0.66443134436357087       0.59993356768706663       0.63761831513987077     
   1.1507778577139305        1.1943200537050760        1.3116916399883154        1.3130238945027342        1.2994737159443208        1.1211298906938363        1.2244038763636369        1.2883592027338575        1.4500615251026552        1.2599603977738461        1.2136676684306051        1.1898745111493203        1.3504461953382347     
  0.60904230251393288       0.99766675484930833       0.92073120927612762       0.76381463222042778       0.66286889739729693       0.65939381295668009       0.21784435005970257       0.71146468090795123       0.98137484524665586       0.41375587433516198       0.69407056222568664       0.63363942268701834       0.66729930193942466     
   1.4636277534746462        1.1601433893580848        1.4511140862330172        1.2445625627463741        1.6052612027518922        1.4353551027740297        1.0614920701033741        1.4888278631286567        1.0534499657695018        1.3101717149421310        1.5861872728136648        1.4260929209552300        1.4829593682027447     
  0.63570010507082098       0.99808464286979581       0.93487939246542984       0.79113962423247819       0.69092291845764642       0.69254052922078080       0.24081188667576678       0.73883921604015568       0.98402714897108556       0.43263456551799667       0.72559752644704678       0.66662010043096087       0.69574098802724282     
   1.2252288303334853        1.3113072655233129        1.3635002560666170        1.2742923193296312        1.1740055174714692        1.2192724343261845        1.0208321168565735        1.0596180701721403        1.1266093138155304        1.4864367315197302        1.3725228325712979        1.2155268464118534        1.1960055204687086     
  0.66413784892603245       0.99845773779596192       0.94747353276610469       0.81748615828581361       0.72624947153701613       0.72198305482934066       0.26537441722699895       0.76527677441129649       0.98623537723991017       0.45136914001090023       0.75283603570931823       0.70018410191563674       0.72775337092759929     
   1.5735292081665593        1.2032575939912529        1.3942109943136201        1.1926024529362080        1.2284962765146463        1.3061055669033179        1.0691129776009909        1.2543266541677780        1.0740564264543651        1.4232193000530819        1.4251749227606234        1.3775301756207616        1.3621569014254582     
  0.69341134502546320       0.99874684656593882       0.95936992427504630       0.84379868466696828       0.74985359264950968       0.75317173748143684       0.29194003014743430       0.78953282159328075       0.98852494144476344       0.46966905531725228       0.78425399518003980       0.73369755827110428       0.75731377027041225     
   1.1176942255841227        1.2173272261039274        1.2053613735236424        1.3102447510044288        1.0563145456300831        1.2790039971759506        1.2175767759793479        1.2220396921981427        1.1755451545519133        1.3312060359736653        1.4056182347206116        1.3164704313857389        1.1389984020867980     
  0.72224167408319306       0.99900331017056143       0.97000409831313739       0.86646558378500571       0.77875634218555700       0.78245872579636722       0.33536744451610773       0.81217757836924664       0.99035972295436003       0.49075490749098644       0.81323703088494037       0.76827993961946495       0.78348521565655238     
   1.1834891880941871        1.2688032106126479        1.5532688613910011        1.4092994975360411        1.2165333734887049        1.5306799161679900        1.3474541520685612        1.2028591906216057        1.3663909672474488        1.3371126477643946        1.2713316588567536        1.3161370179058176        1.3891792717598908     
  0.75219353958079349       0.99920254648349438       0.97813706893086749       0.88608113359259000       0.80883462807552720       0.81883723365310535       0.37313731599385919       0.83438447011659256       0.99198161112518168       0.51415337347164081       0.84079021710077195       0.80421480614772933       0.81290886784280436     
   1.2629309327419020        1.2085612034208089        1.3814866343228074        1.0920507514817799        1.3002619169682765        1.2038729132259616        1.2440532345494761        1.2204744056885650        1.3995361467130027        1.1920453446051944        1.4145755757807521        1.4436454081705865        1.0251471217316670     
  0.78089105130565983       0.99939110507713469       0.98470465393331275       0.90447834189646437       0.84120180661044464       0.85113344217110709       0.42214112256379760       0.85722734938426992       0.99356867191869636       0.53688424057593898       0.86928249699071891       0.84272275089011828       0.84485047894308807     
   1.2364147717464939        1.5388498463353919        1.3790322329764482        1.2894001283191043        1.2017119504659968        1.2354502510936727        1.3257525385583797        1.2221492462788985        1.3329496251059854        1.3062716741649485        1.1204864773194789        1.3923652533648845        1.2695678157651202     
  0.81149832838196112       0.99955670144749342       0.99002597431817319       0.92199938853648666       0.87153459879705175       0.87910621773802022       0.47890484787690074       0.88204752022234023       0.99504172212163733       0.56832392724079228       0.89292096022359457       0.87703034373189215       0.87918120362275998     
   1.2400203797685281        1.5325715449762194        1.6335754138816478        1.1551012842043500        1.1048828939029867        1.1359288691393028        1.5980914573034115        1.1628896909195499        1.3810026403555473        1.4060061372458554        1.4616133056147280        1.4852040597472516        1.5097240015204805     
  0.84632526097450034       0.99966936058126277       0.99445218074875474       0.94022166522227213       0.90329570031327489       0.90708886861438698       0.54019419922496070       0.91010888543535140       0.99614585147063894       0.60465261559497396       0.91924338124388238       0.91024154735950547       0.91323566714308868     
   1.2882523061718834        1.4306450994117972        1.3469765247444405        1.4685989998529974        1.3890253275198539        1.2943613267234413        1.4364759072037467        1.3971449035064540        1.1876387799156154        1.2852363031932970        1.2562620261685542        1.2772404155774897        1.4678610833069459     
  0.88419794517082639       0.99976097790255758       0.99709850836929115       0.96168272166040858       0.93612467370450902       0.93675386481825573       0.62260549423529488       0.93993702906513088       0.99719608945642557       0.64270082426427733       0.94659135404508210       0.94261004081745503       0.94253131040096350     
   1.2127649821142896        1.3894604321632098        1.1350605201145261        1.3448525369042950        1.2698611784176512        1.3152097104890883        1.3315965748887475        1.4028369261685187        1.7044106549215774        1.3914694263147851        1.3355799346930262        1.4044702582470583        1.0653637453164331     
  0.92227738245186452       0.99985424890133856       0.99870771799848457       0.98047002902908076       0.97025181522446591       0.96782032097188608       0.76972975250166353       0.97073863483467238       0.99815615469527175       0.71972132370275510       0.97325154390658775       0.97176159239465609       0.96933803705305577     
   1.3654387587152399        1.5638217753300887        1.1593679851095400        1.3026202252629546        1.1714189932837247        1.6194105105436640        1.4493817398452569        1.4666360866391253        1.8154775750937497        1.3597732281132233        1.1850725049481101        1.3488340775055481        1.4225722779740064     
   1.0000000000000000        1.0000000000000000        1.0000000000000000        1.0000000000000000        1.0000000000000000        1.0000000000000000        1.0000000000000000        1.0000000000000000        1.0000000000000000        1.0000000000000000        1.0000000000000000        1.0000000000000000        1.0000000000000000     
   1.1722128627522739        1.8923636591811790        1.3505405313882848        1.2927979602712822        1.2709369428502326        1.5169520205055065        1.1873074218756090        1.2106371121205777        1.3546637421019720        1.4411132658833128        1.2765925256546398        1.1105294248240927        1.3795646604694101     
   40.177211769176012       -54.630044884687301        30.248767203028194        30.815336465727842        92.112797720610843        54.891946640219480        88.837319115562622        40.503358251141286        8.9751887001858819        32.411873965574699        51.755925633040263        55.348644861901420        48.082913969948272     
   49.487313970956905       -34.393447525728448        30.473252493688765        42.270294919570112        44.047877488687526        62.068362118313225        38.910825399489795        71.819517219575900       -5.2475478053969713        38.924399167625793        53.299913249842881        32.103502429125797        63.537926830808466     
   43.693078689418364       -46.375041009757545        34.301600742984498        63.427626473845542        43.493533330000552        53.676462773295803        24.233336662806341        52.652943590814132        10.667401204425257        62.171672273960880        40.060083434271746        48.010694815077009        29.709675376866841     
   39.059122184039232       -55.568597340471882        55.848259445264304        66.674019824309426        34.222015526127343        33.099137060159748        16.663638483040316        25.500820118626578       -15.582161439358170        45.050972714013994        42.595603009216546        72.191874920008672        35.631148549692497     
   41.653694584745331       -23.069167169111790        44.344744408229147        53.609674378018532        42.778077124747803        41.175237227132286        9.8094085713716783        30.164724968664462      -0.20147893649601656        45.907818323634714        36.175089700538656        50.138606192650059        53.486071193600907     
   48.266856829049395       -21.236164473310392        32.762279631562386        44.760537851834520        28.633224008491901        28.760158097100561        2.1763730907013361        47.286700718002564        2.4900612240553768        55.877594873196209        47.934504114237349        42.749710894993463        48.599706543955911     
   55.050497692779047       -4.8172569451972613        32.017279908269153        45.944759177445370        48.910533226267582        54.470295263540116       -31.478614941960526        47.448240729933318        5.6821530186504186        44.448759415569135        51.227156413136520        49.083433611044107        61.328375843179948     
   83.059107344562491        67.919056442341471        78.368318134195789        43.927983253345822        48.270695384455657        46.423370295534610       -30.170164176183768        27.581849267324348        69.075293888403735        53.660575606227233        66.879793808204710        43.455476458373461        43.651838064136157     
   3.2562893147432441     
           1           1           1           1           1           1           1           1           1           1           1           1           1
  0.41377602384848511        5.9820405710955211E-002  -7.3987125425334591E-003   43.528090780709078        3.8595800080472815E-002   6.7149783626437384E-005
   1.0559323595553356E-002   1.0873206917861976E-002   4.3404872159446654E-003  0.64226098950770827        4.3372451981350760E-003   6.0044182109557406E-006
   3.0266593996032598E-002   51.186543863051398     
