   0.0000000000000000        0.0000000000000000        0.0000000000000000        0.0000000000000000        0.0000000000000000        0.0000000000000000        0.0000000000000000        0.0000000000000000        0.0000000000000000        0.0000000000000000        0.0000000000000000        0.0000000000000000        0.0000000000000000     
   2.9583542518075902E-002  0.46756149548131948       0.26934636855172150        3.9280581818714862E-002   2.6860511727340934E-002   1.8935084633861586E-002   2.8039877433352352E-002   3.0383758703037920E-002  0.36021612799348329       0.19669089769006928        8.8984060276838223E-002   2.8347125489696184E-002   2.9217571899575506E-002
   1.4490509003186287        1.8112149633626220        1.3194113354343786        1.7112327742048312        1.3587063957241408        1.7481195058710262        1.4601557075282456        1.5117452870220889        2.3980336662888795        1.4568369586432877        1.2248021860013381        1.9296370460832382        1.5870526087004879     
   5.9271264911606641E-002  0.55975265558505427       0.39110240538324864        7.8627050107071966E-002   5.5062846835084653E-002   3.9799161867558795E-002   5.5370285193840234E-002   6.2332238778138635E-002  0.44630654713335616       0.26105960187397020       0.17801187147142888        5.2806227903736999E-002   5.9939453175233366E-002
   1.8371604210142061        1.5868322212044086        1.5222451427319215        1.5858764720943106        1.4920595747198597        1.9204902782966760        1.2528582664055330        1.6294401717322768        1.5769721620467785        1.5049854819314099        1.4691016345050409        2.0922507691631687        1.9700796703817132     
   9.0434892064254063E-002  0.61490388101040161       0.49680854257510548       0.11769796077646820        8.2685186203980923E-002   6.2552055139417528E-002   8.5610228438782229E-002   9.1003485570576914E-002  0.51489653063839280       0.31540664831127885       0.21473768401434301        7.7256673078898663E-002   8.4825090912205567E-002
   1.6744091969713006        1.5538947921918236        2.2338673360987480        1.7865710651109528        1.2544328780049603        2.0747941795290168        1.7811280771812781        1.5232621964640227        2.1326539235728217        1.8889020038985629        1.4173384102553634        2.1569994828664556        1.4949316360181280     
  0.12072214562173855       0.67337195412693673       0.54717357446927672       0.15322430021566474       0.10594545771177874        8.6220593856822028E-002  0.11664712892532086       0.11842924383041149       0.54727640527170962       0.33008739243756735       0.24181550639276669       0.10047646246409500       0.10740868796864175     
   1.6426077415396907        1.5644861879063487        1.5246995930537117        1.3677535869951924        1.4775554539234708        1.7432502914181025        1.6069163076240189        1.4890056893080421        1.5244378205727842        1.2978073725768051        1.4124004866888340        1.8144077726850711        1.7571281388068194     
  0.15374156835542646       0.70631148050767789       0.59350768383470365       0.18392129810833907       0.13589555089798938       0.10722676667618139       0.15089660789572948       0.14556773248073829       0.56627163862630858       0.35389907838723023       0.26971718695178321       0.12308572752111013       0.13027389641424741     
   1.7434453413655735        1.6111563071208566        1.5566417439973754        1.6286001778906709        1.5348768342869243        1.4819267281112767        1.5578667934940147        1.3720035434970066        1.3914931749553028        1.5784548195997572        1.6894740863414828        1.9288794246971048        1.2808427586552842     
  0.18563829791143610       0.72407864054242010       0.62884190166192122       0.21505857956078642       0.16531733604763471       0.13194066473733404       0.18299408111254067       0.17264427971039392       0.59000464602015712       0.37617071403324709       0.29362945827831372       0.14611229020706376       0.15377894781255369     
   1.6636484852613169        1.2227225727819389        1.5828157352967822        1.4536741763974550        1.5293658467389284        1.3832301854091493        1.8589728679024005        1.4755084884134382        1.4794134815100850        1.9154265919168507        1.3756755074168727        1.5623936078458225        1.5644873529375838     
  0.21955615049435667       0.75108176365110824       0.65526345495786398       0.24745327014893106       0.19806060481267265       0.15568085275357393       0.21496513560290240       0.20433386230470069       0.61715156741223542       0.39468575068867462       0.31791181180108730       0.17367766054171202       0.18582785424912418     
   1.4160145413164733        1.4054909184036823        1.3603173487535847        1.4188954914848140        1.5959358090511073        1.5185372783180728        1.2976177325849705        1.4658052685725116        1.5767009982144036        1.5285064147104730        1.4319182526150060        1.4581573164958279        1.5324275656555060     
  0.25182351746854303       0.77998911083840250       0.68126369538492471       0.28080106139422206       0.22992589869418623       0.18026905224837017       0.24526583052251080       0.23788019605037314       0.64510496681485929       0.41113509033913065       0.33983867730852080       0.20260408449383913       0.21549770602287235     
   1.7132481099481405        1.9545653283359150        1.4013667957051539        1.4106535612007041        1.4972845164065889        1.5368213637110315        1.5308341638060594        2.0229751909988751        1.8861785844159193        1.6273273266091055        1.4565674510173989        1.4358014834304513        1.4238104256974107     
  0.28428235034963723       0.80098273943895670       0.70693796949250931       0.31479328503615706       0.25935518859648327       0.20811523734282666       0.27564404285785116       0.27197272267696893       0.66316723091867369       0.42925311133128868       0.36695871677553704       0.23178955510023469       0.25314388662533843     
   1.9040170824396310        1.5236987181972768        1.6234260948601289        1.5807100795202835        1.5908309060743777        1.3521831487600566        1.4168340877060177        1.8267469511796619        1.5087843732438460        1.6164886903479345        1.6133970715329731        1.6121588808130154        1.6232212639832020     
  0.31819037737043016       0.81747437317185034       0.73491322370492451       0.34976797326404080       0.28957696745119960       0.23475371126697156       0.30612620531887114       0.30681199588860109       0.68400022763951651       0.44582328310469455       0.38967852793453200       0.26169232675592768       0.29123670840622301     
   1.5549456215822652        1.5108321449233437        1.3800280512941834        1.5238939464615961        1.5562346898798454        1.4180891114447902        1.5210917559053749        1.5784893052318185        1.4348165927147343        1.6466241318957189        1.6478107627217840        1.5884710566406759        1.6017844736144569     
  0.35014959934063167       0.83232343864330560       0.75990259695554185       0.38502371384614609       0.32294866328397742       0.26259169166857771       0.33834936552667910       0.34514100280789212       0.70009598656233696       0.46167186121390674       0.41473771328988235       0.29187460707722479       0.33029829272803668     
   1.5848942329958913        1.3806463939196199        1.5167059004109691        1.6900864516115501        1.4624089005014924        1.4892278742726286        1.8275611097136344        1.6194185153414120        1.6048828964536257        1.5569393712946333        1.4926489968186045        1.3998275176895814        1.5928518137299881     
  0.37999090902249982       0.84685280958461073       0.78297277758321315       0.41323051366069169       0.35787238125170284       0.29281883403456327       0.36919227176961433       0.37880993586574385       0.71745272937515447       0.47573697327499714       0.44145794990162512       0.32427818509864997       0.36507612780599469     
   1.5364940131770302        1.7141765266201747        1.6955798505480313        1.5078543040922205        1.5377251351763677        1.5680067260085160        1.6093491919307967        1.5571801590755281        1.4914008329694270        1.6250589437121834        1.6113594820035362        1.6145536520364434        1.7372147689766115     
  0.41046644050381659       0.86028527137032784       0.80287439513596603       0.44042662081755812       0.39347200896029733       0.32263348857572927       0.40170855795045879       0.41122111810617973       0.73548334201857091       0.49024997639618190       0.47028284351265981       0.35789039979583737       0.39816847859434468     
   1.5228416753221639        1.2814060679489796        1.3331691139631761        1.6215929259251514        1.6528501876771851        1.3739701420814550        1.4197060129533381        1.4461940065715100        1.6032917625071210        1.6583919313808706        1.7145172450793096        1.3725894448090892        1.5934334401314283     
  0.44075237645448928       0.87092072959731770       0.82314797493966974       0.46853599613403740       0.42793078595681977       0.35204862240200246       0.43004335087224194       0.44055692628889442       0.75208907309293138       0.50470830085473661       0.49845863413136593       0.39227918434027625       0.43043107095267280     
   1.4673679247237470        1.5143125293881192        1.6931111922629398        1.6874360694225186        1.5559325753859339        1.3597423425861654        1.4412232337431088        1.4842156127495116        1.3896224530402999        1.7448345672388246        1.5247385920952454        1.4847423995862123        1.5196427991185730     
  0.47164863959339121       0.88162869920517639       0.84348536539216035       0.50192331100219545       0.46002635019098059       0.38284522886982675       0.45834569416453386       0.47246186297820048       0.76607639116471926       0.51861214629891428       0.52722586681417227       0.42658065280092600       0.46158959404068217     
   1.4607131886604956        1.3105841245168437        1.7284016271570197        1.4541847439901943        1.6811450397764816        1.4185679115579108        1.3997142268456675        1.4556613166239556        1.4202991242541709        1.5581098308571824        1.8293332923592722        1.7430006711222568        1.2519516654302592     
  0.50394753406161830       0.89113234632805993       0.86244589183512088       0.53428745755488349       0.49330944863754422       0.41547006932990993       0.48733825503548639       0.50351836287030205       0.77953171580383940       0.53127263381271272       0.55532225326033546       0.45766319533909466       0.49233829994459694     
   1.6535197119988532        1.4495453854404809        1.6391362488164993        1.3740072734143596        1.5151398693306204        1.2681679075169290        1.8804059568755322        1.3324697075419731        1.6268735173696398        1.4022253727490903        1.4517659600931621        1.5193402880058664        1.5816059083668366     
  0.53783544762528068       0.90188562551524443       0.87795160821398588       0.56751764410181815       0.52628898815537872       0.44803387674697770       0.51649063077748214       0.53388540511952676       0.79295355960471470       0.54251974299717143       0.58285804235039751       0.48434254845132130       0.52322013854565153     
   1.5405109953992213        1.5536162708226968        1.5120980393479908        1.6178618234431013        1.8350199346971445        1.5534026741842777        1.4254608829342654        1.2974060384427295        1.6761372466853204        1.1969247695715461        1.6308920580739155        1.5103760320185486        1.5127082030117822     
  0.57287876684790084       0.91074766040650468       0.89296572584072076       0.59938318620542863       0.55796133855950314       0.48424942541426413       0.54598121465535632       0.56579493197286901       0.80703440995991249       0.55446159280194096       0.61011265730041486       0.51163273958623046       0.55526114049841835     
   1.4380437857618757        1.6999407262280506        1.7246771329635646        1.4217981912634892        1.5375185621729544        1.7631162368280044        1.6396872127454527        1.6216173854353024        1.5991455772103753        1.6390548038532362        1.3673885475892678        1.5817709053294400        1.6934360955073555     
  0.60956292984472682       0.91802909213840378       0.90609758713578292       0.63229133965503925       0.58811154202737637       0.52360292935135644       0.57199225785335905       0.59570687866650074       0.81939282308292483       0.56741827582317717       0.63739665950925162       0.53507079505374910       0.58883864760424498     
   1.4866912530945817        1.3962228711538831        1.6074318788938244        1.5235271439665479        1.4779902320285929        1.5206723281669126        1.3558574693277443        1.5047745832502932        1.5218598481689962        1.5735258483576977        1.5302525664846878        1.3028791219812128        1.6030897864893658     
  0.64047629259649264       0.92461555357323255       0.91752669273774667       0.66128266687202275       0.61753488903083398       0.56350790933489248       0.60070698815641999       0.62642857608157143       0.83156917359509297       0.58165143052522428       0.66436194955123806       0.55909871373415354       0.62518773170240594     
   1.7057279329303447        1.5846008997816909        1.3436244890183269        1.4296243990290209        1.4405124087450736        1.6225355270724329        1.5352412100389987        1.5514090149506750        1.3488848077335454        1.3319269008321617        1.6122250874145181        1.3332903311030486        1.4517402174929610     
  0.66799340259963202       0.93096237206353760       0.92794806197873536       0.69019419810706428       0.64785057050620320       0.60304972599754791       0.62933022645336001       0.65955107895946985       0.84351200413499761       0.59699860258830995       0.69138011500475438       0.58402010919090608       0.65825916386147787     
   1.5484576163263746        1.4126523316824688        1.4599004022207533        1.6378944211808040        1.4703514220866829        1.3832680410149427        1.6134925525342600        1.5984035284379325        1.2203862016478983        1.6638561034971442        1.4273788399145604        1.3924574095047300        1.5966191900101072     
  0.69472235509360125       0.93762557593937157       0.93842365123427474       0.71901313396455169       0.67923673934499884       0.64280685393343684       0.66059172816806033       0.69436527108264323       0.85553602610676505       0.61385230307595151       0.71918171341055637       0.61060410234765017       0.69016815843116164     
   1.5953569943781476        1.5555625120575876        1.4584965905146370        1.4719637161103769        1.9750656805672167        1.7361487654182222        1.4885646637706795        1.4175363850782701        1.7781736883175967        1.5586896288987993        1.6770821488195817        1.3858624553703653        1.6881113436569755     
  0.71884522478841950       0.94468845367058030       0.94820034791940722       0.74569789156433153       0.71270653515452664       0.68119356964925948       0.69587189312775466       0.72816406936846978       0.86716580767014195       0.63126296726933551       0.74802708815327745       0.64014565504945009       0.72026547056386558     
   1.5480243050183424        1.6655825368489148        1.9868211349324703        1.6105641393673593        1.6454425417924656        1.5170561513588654        1.6331955506710361        1.8092791253486740        1.4179049736590077        1.7902344481438712        1.4700373867568493        1.4354853981436333        1.4704269423462339     
  0.74740583308046560       0.95146927961927141       0.95680026224224712       0.77146687861814389       0.74761245356920181       0.71075513412424063       0.72916686200969549       0.76070761411222299       0.87891237067142347       0.64891084642830732       0.77769737475119127       0.66964713323253255       0.75390298032108272     
   1.3744067814118779        1.3960378227057741        1.4003526759624969        1.6574417765317107        1.6843309331301308        1.3803506025185461        1.3597934867439541        1.6435949936722563        1.3707580755519924        1.3948816805318955        1.5422761708437689        1.2940761471155851        1.4527038698168868     
  0.77593057709527646       0.95778246949551660       0.96430148779388081       0.79801017799250418       0.78005617823641216       0.73863422136696066       0.76080931480589742       0.78898133394095804       0.89049542120625202       0.66489222602843545       0.80575440206939331       0.69896029296626561       0.78939659270289952     
   1.4557104768317803        1.6556812517720787        1.3074136167027015        1.4742221153504329        1.5375402408194618        1.5225839751827344        1.5738522379616333        1.8104998898190512        1.3114823111804874        1.4773169043226062        1.7488004192538191        1.7228830640063035        1.5462901141065195     
  0.80726690349833707       0.96411095909318145       0.97110485387471412       0.82775861586568300       0.80945164439702799       0.76646669437605408       0.79073097368811018       0.81599839662174178       0.90240387145682566       0.68547091231341484       0.83318316558446903       0.73511491682042129       0.82303694506365677     
   1.4489245659347796        1.3897579622027600        1.4969858947819259        1.5310214223621716        1.4530489012097660        1.4664777625428571        1.3770895091409541        1.5325120409077564        1.4419797559380239        1.7415194335130846        1.4123467144071005        1.5464778578616296        1.8194612255906748     
  0.84088648958712686       0.97021493519261615       0.97720322806406135       0.85696508013521377       0.83750748013153709       0.79634982025448853       0.82139323084467986       0.84415766642072299       0.91429512833057680       0.70107447369570874       0.85991224758974250       0.77579224484110287       0.85639213307444884     
   1.6089684069741428        1.5085700429247784        1.3867728159491453        1.6197433959129117        1.4511459044399553        1.5327596958930902        1.5181950902611365        1.3919414042063047        1.5242040030578528        1.4076966542395406        1.6463877168514838        1.3831853659155386        1.7057787807859048     
  0.87243227364106302       0.97597180220423940       0.98294442459989206       0.88291844494859295       0.86786800019207921       0.83380177971527980       0.85751346537063444       0.87364208187038084       0.92666714002753081       0.71989540916908901       0.88624885979235635       0.82130540638433491       0.88795606969503249     
   1.4478859790878971        1.4835228197789712        1.6305989058104016        1.4400325048756764        1.6422565027991369        1.6864714742126692        1.6849194944024724        1.6018221429066009        1.6728061575105866        1.3919528717809420        1.4560992042078056        1.5648560228117556        1.3846469926985265     
  0.90243628301229384       0.98133234319516871       0.98796312543411102       0.91029883378107601       0.90203136829522634       0.87633296925945159       0.89501027706716696       0.90405386738436166       0.93976265771697942       0.73769815020631235       0.91329745875698076       0.86890996984773061       0.91626403114491761     
   1.2686070979561959        1.6382058474879539        1.3908004449313951        1.7035178516261844        1.5908869839097546        1.5683017765585523        1.8671191440101957        1.7279574909140198        1.3996490862374453        1.3617441549525839        1.7421012401723852        1.6382000155842942        1.5615630966435112     
  0.93182270949383939       0.98638385571144405       0.99233803804906218       0.93973399554219950       0.93442212857270190       0.92075792745555107       0.93155624430994521       0.93562364489629890       0.95188910495221479       0.75498270445891824       0.94186875928831115       0.91386672554479809       0.94431603649171036     
   1.4443839895783464        1.5220997387286421        1.6724593293242755        1.5286610894670720        1.4857975861018657        1.6972173481235042        1.6302989714870615        1.4164603824275663        1.4693014529383466        1.5660006553052546        1.7669450034263858        1.5575464540172670        1.3485434108272669     
  0.96399290401824578       0.99269039171160645       0.99625665236717476       0.97091418200089130       0.96720347645386384       0.96094737053013701       0.96677525726115221       0.96790594692280219       0.97537323311231727       0.87896947742929477       0.97046235589940155       0.95903960496238994       0.97136854609710377     
   1.7164790031387929        1.9250390116104454        1.7926973685995609        1.4994528602255126        1.6172710183556041        1.9108008891582711        1.6288116456813579        1.4660479113057265        1.7293303032499876        2.2517975928200675        1.6997805575581062        1.3529663981860960        1.4229809406311360     
   1.0000000000000000        1.0000000000000000        1.0000000000000000        1.0000000000000000        1.0000000000000000        1.0000000000000000        1.0000000000000000        1.0000000000000000        1.0000000000000000        1.0000000000000000        1.0000000000000000        1.0000000000000000        1.0000000000000000     
   1.4056962344182515        2.2944256791968001        1.7640376245997365        1.8395571699907560        1.7001604914831798        1.4745552397163040        1.7532694109640123        1.7240588175117626        1.6094155558782857        1.1592357775294972        1.7933065597997822        1.3942318228158743        1.5189548791676883     
   7.9223034554474765       -4.8448090536380004        20.044502798848477        6.7119545885068446        7.2819141919038097        10.272523644304327        10.212509826026510        6.4828615372961780        6.3944563949114706        3.7669041795095985        4.2429415264134995        5.3558667558523627        4.6719148067523397     
   7.3657957546099420        8.9038126566502918        14.846671492312154        10.971265696840236        7.4949539105421117        3.3208537973680166        10.115032276652892       0.79087361225476305        3.0065208286280636        2.9515335860965446        8.6772735842085176        4.9434611138477207        7.5593683813685111     
   6.6605263781333619        20.184434018375097        15.525512847661668        3.4049724905531953        7.5785539682645631        5.6455373058993210        4.9514581003696678        6.2897630393190695       -1.2666744096628322        9.4974620375132481        4.7217991839127835        3.3012782311161688        5.2602994273812786     
  -2.3597277549585294        15.877045344520404        11.824215940366599        5.6513386176482578        2.0122273437494989        6.7357679833680004        6.3455829948762892        10.643381759030738        3.5615300589398640        3.1435993900231987        4.2937163229487627        1.2187404171349074        8.0163797585811221     
   6.3572723668526923        13.229481454856259        5.5253533155007286        6.8483569478747137        3.4586721849302684        6.0365445881716155       -1.9698048896516585        8.2359103320537663        5.5043737754736117        5.2656131572190663        6.5401801816280143        7.5769595315329852        7.3440030129556266     
   8.2775915520659442        15.206848278425113        8.9186182096509299       0.79408192768008945        7.0739116634332513        9.6942972402238290        8.8551932792878532        8.5608645209648238        8.2443838447913613        3.8236000666130412        5.7026772650979600        8.0883194692642757        2.1383891949168654     
   9.5393789759214282        8.8668991939645121        6.5555382841624530        6.7450290358981428        3.7964308106190243        6.6281075867502226        5.1693847006069813        2.9710434830464574        3.3844339431507895        5.0182265329061817        1.3281440403756437        4.5942641352170801        10.838102483770378     
   6.5419647496282156      -0.82862330531423489        1.6360836426581418        8.2664657285971082        10.462247784218061       -2.2166104310146730        4.6281897818238056        5.0736673785149424        9.9390807869906030        3.3437863521832223        9.7553436312132096        5.1714805548087170        2.0884660512783269     
   5.2456434454864542     
           1           1           1           1           1           1           1           1           1           1           1           1           1
   6.9014468791937746        2.3735965048103012        8.1078344029344492E-003   6.9821173853885297       0.15128610089649822        1.3361351078883398E-004
  0.10243447026124189        8.2123273194742538E-002   2.2074428495172688E-002  0.55789317026457153        2.2065035387251096E-002   1.9122840010249301E-005
   5.2508184420268274E-003   3.3742162712474899     
