   0.0000000000000000        0.0000000000000000        0.0000000000000000        0.0000000000000000        0.0000000000000000        0.0000000000000000        0.0000000000000000        0.0000000000000000        0.0000000000000000        0.0000000000000000        0.0000000000000000        0.0000000000000000        0.0000000000000000     
   3.1922234900354875E-002  0.17065274191244842       0.30177817828002934        3.0784391455957297E-002   3.1036522148703526E-002   3.0634606119941898E-002   7.5224032580624043E-003   7.5000381415442879E-002  0.45065959031720471       0.27194151618664381        9.8448052632096938E-002   1.4425773744954948E-002   2.5963016063419251E-002
   1.6650204663158374        2.3504898162938281        1.8918961678513133        1.8978476763109324        1.5451328548975971        1.4881634477024444        1.8825303631785044        1.6411008994469520        1.6301273131259630        1.3900022212164860        1.6950001058687838        1.9779361480281121        1.7006022747249929     
   6.1071203227152981E-002  0.35371543958071638       0.49490600062635393        6.0294482640453201E-002   6.2858039981649919E-002   6.2721177997479255E-002   1.2667340884582233E-002  0.12780323645749120       0.63333162673306220       0.35145608117553295       0.16190515370038988        2.9254879396122778E-002   4.7269866206059462E-002
   1.6449585798866149        1.3267575200902051        1.5798889683373112        1.5421517843748755        1.6860070689207565        1.7224287984339814        1.8255795180168570        1.6447615204055392        2.0301189494278105        2.1740452622290594        1.7054080935703289        1.6431816115134004        1.4385956239581592     
   9.0146504855164816E-002  0.57229952433677145       0.59447694484225710        8.9708938841882940E-002   9.4032370615415764E-002   9.4628583888719378E-002   1.8041490406601038E-002  0.17032955202197470       0.69765446282461963       0.39523075021710025       0.19107620854690083        4.8498441437480083E-002   7.4099622486209868E-002
   1.4156531922356821        1.4272477478247858        1.7209254101322899        1.6001807466986515        1.5063813212253883        1.7027015167181943        1.5532671363371406        1.8386221511779564        1.7318616350614433        1.6113707572738207        1.5809799911778226        1.8765875437250730        1.4843569718974154     
  0.12062917014721894       0.75319869790499627       0.67152510974319191       0.12374385152120096       0.12593080639111676       0.12347215821414008        2.4457763295078115E-002  0.20656660728847570       0.73841967297879441       0.43043058123955741       0.22155449537568059        7.0272865686684810E-002  0.10077184328069871     
   1.5315884630948635        1.5633787153651193        1.7362613759439076        1.6033491331683074        1.7585257603064552        1.5889417781302897        1.7177113916447151        1.5456796814798288        1.4629723258356659        1.3914194490348946        1.5765731524156461        1.8740568520107406        1.6940475230348246     
  0.15376815176720179       0.83995926966554313       0.73080538650830740       0.15815072198372035       0.16002695716871612       0.15307162861586215        3.1998457980680142E-002  0.23476768215563595       0.76978147353090864       0.46124809048165860       0.24754012592396080        9.3244866950000921E-002  0.12846298896660863     
   1.7045745790747007        1.6565224401251324        1.4289527238020556        1.6234239995550974        1.4085178169479389        1.5258240106227594        1.7127374466048233        1.7022856116048422        1.5903707866434293        1.5079594076205103        1.5623463711820582        1.6746352216039890        1.5879582656313558     
  0.18696570774239574       0.88766740307501746       0.77561129405825102       0.19153565188146177       0.18749837114979345       0.18338811659778201        3.9625965896985763E-002  0.26070963981041512       0.80259994643601473       0.48487939916650613       0.27252738373249141       0.11764968365978813       0.15889021984444668     
   1.6083533022493173        1.6216672301655868        1.5843904738968608        1.7526612840036708        1.6776810639770012        1.9994003458967815        1.6020426261805389        1.5292982159567041        1.7738161570330804        1.5891549303034100        1.7716862988821560        1.7963908981360581        1.3763098747198850     
  0.21871550059542871       0.92111795483929682       0.81146304914055178       0.22752530792712058       0.21921695766069044       0.21757905191395868        4.8962696785220756E-002  0.28565706084069642       0.82740362537542289       0.50830538431417382       0.29644067868647511       0.14436763139169534       0.19174330459360114     
   1.7323536315021806        1.6158314050328970        1.4352247155352860        1.8572019945925100        1.7011013749561026        1.7501577920649576        1.5788305774788447        1.7119092277591577        1.5678132877968181        1.6270593561418014        1.3956041120741227        1.9178985013234500        2.0310998807014187     
  0.24978247387072161       0.94166942451792857       0.84203286177681169       0.26236633517077690       0.25029407296310396       0.24915378407338284        5.8543913611819862E-002  0.30828325674354673       0.84674171983584867       0.52997002013132211       0.32198373886797660       0.17219811246264358       0.22528169794541728     
   1.4978440742523547        1.6343718248080124        1.4552733076696625        1.6909970671048677        1.7679521633719686        1.6987043045296699        1.7680781272479846        1.5965773597459370        1.5885856798206672        1.4870993206945096        1.6234942077671479        1.5445661153913657        1.4573799822854621     
  0.28262312808942863       0.95509097220551531       0.86724262439742028       0.29927547814720173       0.27743483636433369       0.28076303876223302        6.8944140999151679E-002  0.33110286271925410       0.86526734141770179       0.54929049479193259       0.34800498879237657       0.20215612952191644       0.26098239657404887     
   1.9722316313305011        1.7662587568681969        1.3955081809755305        1.6850048066065957        1.3929634192994176        1.6961602800412001        1.8220583091825961        1.6133451835291086        1.5837459450862903        1.6707327208322895        1.6735527929983047        1.4037482815832185        1.7227320714428866     
  0.31230007637075285       0.96531596118055141       0.89023160305764493       0.33762508533743762       0.31878494322952383       0.31220794753727360        8.0537201980762488E-002  0.35134502943676982       0.88027626603033149       0.56729698246725824       0.37435045031189623       0.23499479693056283       0.29536633799953410     
   1.5693535940090988        1.4371564379273374        1.5305004722179494        1.8598096184786483        1.7975376689248821        1.4695084752328966        1.6092810623830818        1.5066807979328920        1.5182357077239665        1.5167121074500278        1.3758162843369395        1.6856516322253685        1.5759177384419230     
  0.34665610369528377       0.97253162043380559       0.90838233083102204       0.37675011898014182       0.34851570998728559       0.35140725527858813        9.3609960500487213E-002  0.37333952182701258       0.89379582432731497       0.58512363565728298       0.40158653514621562       0.26890061505450136       0.33083893401494346     
   1.7006771959672293        1.6380749524364038        1.8555620409237501        1.9266603641795783        1.6064702600293390        1.8487422355279066        1.7608990647304577        1.9706384089957873        1.5956757651849547        1.5346420660819176        1.3559458172042993        1.7158540039789605        1.7005378003023435     
  0.37967005325528075       0.97849538348288334       0.92289424472641490       0.41455721046577920       0.37759876856982155       0.37576098720632445       0.10745763767858839       0.39486033906806217       0.90695893191091004       0.60348795430145163       0.42767105196913291       0.30336921658593874       0.36666096174315405     
   1.6649521259270430        1.5126619755374318        1.5516596168388042        1.5041995669925157        1.4488725422771995        1.4950413917250911        1.7577335076887446        1.7962696975827661        1.8431191056568703        1.7600764878329693        1.6214722903865122        1.9002911982353545        1.6992899494273548     
  0.41517798597647831       0.98301617458964219       0.93534757084126219       0.45150441672356101       0.41109571153094021       0.41196945667442297       0.12216943244426962       0.41699751530472035       0.91809815788584048       0.61981899075159819       0.45406928285986348       0.33798717873253137       0.39782975396827946     
   1.7865453720739786        1.5525860496663437        1.4187231353921921        1.5344606808515759        1.7944590071655371        1.6718684989183632        1.7237452392009638        1.6815225754646175        1.8777017541426260        1.5146532214914552        1.7898080665684089        1.6994486734394869        1.6026077383901782     
  0.44771265416935918       0.98645150139684690       0.94518202353758107       0.48918707213499524       0.44262679928421972       0.44358989407734289       0.14091962630922969       0.44304317798130544       0.92696388123952544       0.63472567005331793       0.48195458728913187       0.37592792095925592       0.42696504604133817     
   1.6716598547714498        1.7139454586546028        1.8249630816569993        1.7716851280312500        1.6063616683935638        1.5435171895981141        1.4964418515357023        1.6634089947951780        1.5152237787072351        1.6127162791690557        1.4816868345112699        1.5900242679964618        1.7781734751269518     
  0.47895366772878367       0.98913584934463483       0.95490498796651779       0.52810072302124333       0.47199662641753609       0.47614268112151753       0.16114364977818701       0.47590073713241993       0.93469882740451082       0.64736458266733421       0.51127929303732889       0.41478956161855979       0.45634103561608380     
   1.6842983329332677        1.4564702883065148        1.5862371053186197        1.9765157524224353        1.7655345621570644        1.6893538092821527        1.7253727595309787        1.5017571961220548        1.5574020925833851        1.5373173520686112        1.3753372993916950        1.6662437042400622        1.8415504535597789     
  0.51351162055538946       0.99133344653926758       0.96178711975958031       0.56560673938054318       0.50374615404222745       0.50670247030890203       0.18137028474360914       0.50392689886482500       0.94187648805967572       0.66141844316484222       0.54195553433755383       0.44975870823720993       0.48505372437294086     
   1.7927698619584407        1.5139582947576240        1.6227038072277855        1.2385883310399903        1.4581963989248767        1.6412700715813349        1.6096143565612075        1.4839925710359614        1.4998285549910297        1.8500454791295922        1.3902574294863519        1.3448589225293157        1.6201837459809891     
  0.54687046003349749       0.99293830746317713       0.96782314829627858       0.60322369982151058       0.53648647487411893       0.54063490407544534       0.20376345685254291       0.53094640979556673       0.94874676893674836       0.67633146501964736       0.57302509659600775       0.49182729823096832       0.51583531692528140     
   1.6005039611605707        1.6431425557177741        1.5900332967284729        1.6821654303006142        1.5674854157844398        1.6464158933386903        1.4155848521914933        1.3963461078908854        1.5651763687994735        1.6126163021204492        1.6393407510696811        1.7928945095559303        1.7160845713668533     
  0.57683455521598959       0.99431046404875578       0.97347318072233247       0.63440020298888289       0.56924951245002664       0.57452477960793336       0.22964350227212418       0.55794402237491370       0.95491476615620741       0.68959394063330448       0.60519794550945738       0.52411909618861197       0.54703297316252697     
   1.5802169011142204        1.7282182889514290        1.8457588169711048        1.3960629747497617        1.6814752734261935        1.8384208990523454        1.8844511133828505        1.6052893426582884        1.7164433605240612        1.5567917370954831        1.6095912582647138        1.7707568747227374        1.7669578993116690     
  0.61259895862913227       0.99534892446608969       0.97845879140304859       0.67096618024918708       0.60011769763077893       0.60458532090785988       0.25961526232145743       0.58153997467444818       0.96023666127008644       0.70507151366505560       0.63447239172204928       0.55689801102389780       0.58034997065713567     
   1.7954195498839178        1.5049806251115405        1.6312751724508441        1.5536057382040254        1.4738055573567597        1.6790623865921233        1.5076476435760031        1.5789625993368579        1.5172448999381736        1.8553798658060301        1.6167205969715595        1.4500147185886068        1.5333328212519781     
  0.64648639213555259       0.99633446688303073       0.98233475210943666       0.70155112629770922       0.63374121483394963       0.63850547709666283       0.28980567306884120       0.60120218541553538       0.96509448470752979       0.71864534764650523       0.66077151193889327       0.59135041940187016       0.61018803362390739     
   1.5086769098893484        1.5547869003545924        1.4072644120971096        1.4541905368677455        1.9737078946361568        1.9337047503254121        1.5760188648658107        1.6198545342258450        1.5833540520478113        1.4476232440218457        1.5197722804908826        1.6888930338389561        1.7209249031701153     
  0.67967746872320578       0.99710640318468224       0.98574462503310700       0.72948499984318538       0.67072367830165425       0.67258544446458846       0.32296623321883222       0.62343881558887337       0.96946979231506458       0.73183583744165337       0.68705238940824642       0.62314787919727266       0.64289493624215188     
   1.5690129617084752        1.6298659044080468        1.7983897047851720        1.7716514950801650        1.7480519400790784        1.6499542820288160        1.5705047903406555        1.5765904178532206        1.5609569976086011        1.6714457697899752        2.0143836027764048        1.5246078279667354        1.9025137041484323     
  0.70794837594328752       0.99770587600824123       0.98871832159842599       0.75694589749940933       0.69691827376610371       0.70663852285216677       0.35989037373364541       0.64316511454395386       0.97328661541308492       0.74476256996441204       0.71955451442337159       0.65533728558163118       0.67412654866503530     
   1.5143781626838266        1.4640100020448366        1.6555722710436573        1.5483157879550316        1.4620909358366769        1.7064603615745788        1.5316550182420678        1.5885557451519436        1.6248787886086331        1.6122031495970273        1.7927268799289953        1.5131389869806602        1.7067561949944998     
  0.73798076954844716       0.99822992671166277       0.99116567099113195       0.78342884902007548       0.72449611686027415       0.74018811208017865       0.39975322959021192       0.66638754241946030       0.97660402352232978       0.75676600977748487       0.74638090679826308       0.69173472625279908       0.70422188605892766     
   1.6236924243155675        1.8282147349915336        1.8800715681387976        1.5206399246470312        1.5976921653465463        1.5697801596994150        1.3783750665466790        1.8481307059845242        1.6155313589178102        1.7938948666792449        1.6676176610163329        1.7891020481450672        1.7989490896440350     
  0.76388153434292849       0.99862514856992168       0.99311318262639847       0.81179389229381027       0.75034427199957410       0.77311282476776222       0.43831399201451576       0.68775679965437819       0.97972728329689562       0.77025080829450121       0.77125726773789405       0.72529280668809504       0.73692283680629334     
   1.4326035115813667        1.5859967969599313        1.6937358223677133        1.5938049481307839        1.4299758523741215        1.8008009644635816        1.7086449798220764        1.8864723397147389        1.6417892695006790        1.6230891606337550        1.9985713631554554        1.5787748036134643        1.5364168389797213     
  0.79376610674558146       0.99893308168645667       0.99466393456940538       0.83914040016585811       0.77930299233931177       0.80391973444477693       0.48312066318430075       0.70958561379191054       0.98280084312836424       0.78342525330347257       0.79690625133496740       0.76361136332633694       0.77403965897548788     
   1.6705932999065718        1.7267610992655773        1.7833554896109878        1.7463986845024158        1.7233717364592116        1.8559325043719859        1.5858209065237334        1.6154939020334484        1.6964020713363173        1.7637169417418905        1.7407662633856198        1.6305574697241978        1.8492366686009660     
  0.81986302828247715       0.99921410101762853       0.99588624448847762       0.87055111553226083       0.81183155187800837       0.84010449564405010       0.53263043049418601       0.73463932757738248       0.98562608203284408       0.79789020418074286       0.82506911432104446       0.80209220378152002       0.80907499734745669     
   1.7249043954749683        1.5320537293530601        1.6378741991311507        1.9077843287794189        1.9265773074695107        1.9376241943123600        1.6764622482694669        1.6071810622248663        1.6468197433309031        1.7246329581499966        1.4625023049501127        1.3766579242642789        1.4492217851471958     
  0.84642042028852305       0.99944170767388985       0.99691761846136384       0.89781684317375510       0.84303835500294988       0.86621077114392220       0.58260058320023611       0.76123122674715638       0.98827370442154383       0.81307312764001027       0.85660629158845458       0.83442796456320978       0.84676910065296529     
   1.5645682543596688        1.8328108817452931        1.5395350218764783        1.6888023292869094        1.6838568800272868        1.3385112853725325        1.5267216778175776        1.5484088470039532        1.7588864807921292        1.7445280926212743        1.9745404362637191        1.5542587327886062        1.5501436993891629     
  0.87466817090244497       0.99962113916963158       0.99789246205976756       0.92396163757493777       0.87717333889154114       0.89284371166086685       0.64197103963565672       0.79033116651258772       0.99092077665747136       0.82750389870053143       0.88678821636338012       0.87043151664518681       0.88339383983981778     
   1.6219770110899498        2.0231265641856950        1.6984840347163994        1.6574990938077756        1.7229975128012138        1.2764515448590930        1.4816357476737960        1.5757419012590961        1.6418428125700135        1.7465520395397796        1.7870968038541895        1.4941005922007111        1.7764126192044483     
  0.90396546217448404       0.99975580233944616       0.99859927039004281       0.94877581214588513       0.91021357664653002       0.91939644612401594       0.69530715572276758       0.82680859774691151       0.99340250655878781       0.84429783508248191       0.91341035700114070       0.90560867016402624       0.91669611746490287     
   1.6271366361637218        1.4459980477796277        1.6614430447768522        1.5684530805897332        1.9987117543162642        1.3676890678781917        1.4669567458387891        1.6903168399161757        1.7948765419273016        1.6259625539696503        1.5398855224523558        1.5461335243827989        1.4306188451232160     
  0.93448208192791471       0.99985126578508876       0.99913018558571975       0.96649718648530814       0.94165048191956924       0.94593008729775507       0.77258682885487329       0.87810445564263573       0.99563989283574161       0.86135145806343716       0.94074902221935519       0.93839964870191928       0.94694103687632392     
   1.8954497094901286        1.4914233664997389        1.4624032611771614        1.5161491374187888        1.5086581663976666        1.4857972823081858        2.3170495839870640        1.8542154299176759        1.6317983824875733        1.7692239697855052        1.8377076216606938        1.4383793454559435        1.6662953250021038     
  0.96628380213228926       0.99992493024084639       0.99958810056801928       0.98351038735600438       0.97095626256880152       0.97268486932182141       0.87508261724914016       0.91495316585042363       0.99768985152731393       0.89950473179181556       0.96810999811320775       0.96933631920011265       0.97517006314748933     
   1.4995285643010594        1.8928102834339973        1.9250304088671160        1.3398611688151689        1.7730597560374382        1.5683274992126313        1.5378445986658791        1.3416268271636285        1.8378695974592978        1.8299137396757463        2.0160335618243383        1.5857847246796499        1.5875315990204397     
   1.0000000000000000        1.0000000000000000        1.0000000000000000        1.0000000000000000        1.0000000000000000        1.0000000000000000        1.0000000000000000        1.0000000000000000        1.0000000000000000        1.0000000000000000        1.0000000000000000        1.0000000000000000        1.0000000000000000     
   1.6380934161381802        2.0881779610230424        1.7732693547082965        1.6475260775869067        1.4320386370578784        1.4748117551172961        1.3587414869466896        1.7939386995420141        1.3415564086471876        1.4524453227593419        1.5097106164638627        1.5802117588953835        1.3154123726887810     
   64.775453598340988       0.16411166358106399       -10.178431117032712        48.049186473335482        50.036235729440079        63.580241789396865        83.823565690076776        56.283615633939000        17.788790712412514        55.668876864003387        41.655525488592417        56.062380723766800        35.589653203974251     
   56.499978145205738       -19.779950611786372       -7.1829845037469058        71.591826875577823        56.504349314644543        56.241983195408039        54.365524627450803        64.622134214274013       -8.1521397348319375        18.056039747161307        35.386706493763114        48.619601389446053        62.472398555519398     
   70.396090611286553       -23.456260661234847       -2.7576779290479205        58.724928810552839        43.007165578015446        50.225765886349024        55.701848281049465        45.238396336038058       -5.1779576259295332        53.959227490207255        55.277997414207206        51.899390135903985        29.115276678554615     
   59.830680119404427       -12.739869922158215        8.1305917292640721        66.351704382169956        43.285998011812453        49.832063500719144        47.229854298961548        28.643085216137756       -6.1564453971917983        50.142736848741450        47.023296657024162        49.121015568637233        68.097101615335561     
   29.279557693999624       -14.186567652842939        6.8170084363550840        39.743370401699288        40.008652032136553        41.496488023707720        32.161805772892833        49.760990148416710       -18.253574277421009        40.646651742142225        50.862004981883885        55.701875679828802        49.751152043640865     
   40.764305361635458        5.2228353264880720        17.598213706918671        55.173772997488072        58.802953248960137        40.266627022316499        30.269462411498459        65.417567022129205        8.1544343444983518        48.999438276025714        41.173440940144765        42.793927190608677        29.028560454849437     
   45.383161843818137        14.982549370704511        22.294497507983838        40.738497235973789        61.748975337774894        43.191636397060130        14.736242395858971        44.750468589751911        30.532490871365937        45.719678117438811        66.795036145899587        37.195593611348393        65.931257906800198     
   52.510699408006126        76.007671212501464        74.823692839130842        22.863010968001042        46.312808379234220        48.231341020523388        1.4834898074558343        47.273953497759770        81.918089134443832        55.365115173744265        54.568906032211757        56.784505303212356        49.502181336981309     
   41.961024574768089     
           1           1           1           1           1           1           1           1           1           1           1           1           1
   10.483309306362772        1.0571716127202617        1.6283771562979325E-002   45.974826913957180       0.75851833511479994        7.4966818278767323E-004
  0.26289138939624040       0.22109278818592987        8.8599929873509176E-002  0.86536289425505231        8.8556887964977155E-002   7.7475058388789720E-005
   1.4528291056017644E-002   44.953465857249853     
