   0.0000000000000000        0.0000000000000000        0.0000000000000000        0.0000000000000000        0.0000000000000000        0.0000000000000000        0.0000000000000000        0.0000000000000000        0.0000000000000000        0.0000000000000000     
   2.6670078927765468E-002   2.7788179838359749E-002   2.9506330949947205E-002   1.9396225248480649E-002   3.2983753398942439E-002  0.16015180047791516       0.22833013842087613       0.12397178219650248        4.8220237924221976E-002   2.9088465363197463E-002
   2.1894070043101550        2.0287539247656015        1.8040222274333022        3.8841432692782019        2.0349156210297239        2.8665672731541276        2.0786753301574987        1.8163851631272461        2.8164625685734230        1.9854737614603348     
   5.3776693248168812E-002   5.6874997219709178E-002   5.9619580629110991E-002   3.9045539214187991E-002   6.6264572862195670E-002  0.25615404528053493       0.30040279592753671       0.20308895507245625        9.3999198464184322E-002   5.7811542079299519E-002
   2.3567037052219302        2.1086310127241528        1.8516662821041427        2.1940621186736040        1.8666205689476858        2.9664835403333676        1.8067066986315909        1.9437850060246240        3.7820806334775998        2.1332831291080181     
   8.2074238666176524E-002   8.6663568422834666E-002   8.9716144560403485E-002   5.8697584185139262E-002   9.7197575883065199E-002  0.30903415611805257       0.34503954466623415       0.24267765078260739       0.13488648253992477        8.6973917378392135E-002
   1.9094857453157812        2.0996433987517436        1.9776315766854218        2.3566031656149233        1.8480306533795168        2.0804095352625414        1.8571994700946817        1.8019859755532723        3.1530322691271935        2.5322396319614895     
  0.11059003298252149       0.11798141243478885       0.12150842807050023        7.9009679918891157E-002  0.12942942083295061       0.35845230655153165       0.37886281149981399       0.27540217867965178       0.17606070132922400       0.11583060815096749     
   1.9902910548341330        1.9668544401805750        1.7181906641867850        2.1121006014569144        1.7885730078630424        1.6898904279707574        1.8794021462480557        1.8850750579431959        2.5393019687187532        1.9045563371414782     
  0.14024928964644018       0.14563611511905097       0.15078681021127099       0.10054953216567965       0.16102736739062376       0.39014629595821892       0.40572512829091556       0.30076727415856647       0.20886866733642873       0.14619962027733846     
   1.7581913544835162        1.9948626201746429        1.9678042636179596        1.7438313990336589        2.2329068634634486        1.7341706476521812        1.6967329471927597        1.9895741043633446        2.1160910371075077        1.7996389974663225     
  0.16933357761546822       0.17457665379259704       0.18100412368032270       0.12224628321199375       0.19346388656024111       0.42653841007962767       0.43182103595538518       0.32687657268434411       0.24179556237474414       0.17713344552417823     
   1.7969638921518079        1.9198683035786790        1.9396441674815188        1.7532465735781047        2.0167434676817257        1.9821859588211741        1.9714234818985088        1.9447302105215936        1.9793999601061716        1.8384428286379000     
  0.19840149344332741       0.20459390663145505       0.21187754212184073       0.14625920662213801       0.22522532636214945       0.45758456845765888       0.45338072953047465       0.34978884682788930       0.27558581371138918       0.20931790057653768     
   2.2897229654457445        1.8522734683736859        1.5968114207180766        1.8659305427148256        1.8567778272931561        1.8951622930269663        1.6606000916846810        1.6793413015848582        1.9297954540610924        2.0095174769845694     
  0.22739197265605590       0.23381255913983715       0.24287830891520418       0.16999178802221213       0.25829364363566171       0.48857799001140156       0.47617772043117407       0.37528814630822094       0.31084663131006279       0.24236314504534190     
   1.9158986510751306        1.9555599849839538        2.0284714094067655        1.6910522112591391        2.1014920629653351        1.9209947738294033        1.9153269970145119        1.7256398483534949        2.3219777140957278        1.9709619120116968     
  0.25699926364713838       0.26250656866064642       0.27534017349225259       0.19697485044337570       0.29064969550952441       0.51276116867337695       0.49515123773107189       0.39858617817812775       0.34436600403080736       0.27649808163013284     
   1.8340297394984466        1.9626068429022208        1.8357819489667964        1.6614201743507804        2.0016855826255293        1.7823473256987057        1.9519292475826358        1.7853630721023939        2.1516883420730402        1.9822328933919697     
  0.28735080459605772       0.28992311924441183       0.30723721536295279       0.22209983176382284       0.32169098933703011       0.53633155775463592       0.51417769660333390       0.42085694116556471       0.37758369335845343       0.31067162063283904     
   1.9341362420622716        1.8803575269463768        2.0482883581791600        1.9292387355942304        2.1582025807280556        2.2189325676531060        2.0462816990314487        1.9648306161075404        2.0674049140495709        1.6039925778491508     
  0.31753164464545691       0.31699289950828419       0.34077065393561806       0.24963323414245514       0.35337519268676543       0.55879578995612056       0.53253709894929724       0.44483972119357013       0.41104986918173392       0.34305744358593876     
   1.8100255966341152        1.7521945263554901        2.2505641065491058        2.0332120937710698        1.9905774361505619        2.0714279606111754        1.6950998033039726        1.9439219801059067        1.8992988282209722        2.0855983294549012     
  0.34805156170969986       0.34448923174459389       0.37321224708218337       0.27636811725579857       0.38486946883127493       0.58083284182621375       0.55094494956263174       0.46840377254533161       0.44178960209443846       0.37355354699373106     
   1.8137070891139329        1.9152277201653423        2.2330278284548970        1.7056970361465864        1.9742827991015772        1.8102085679517537        1.7502297020465059        1.8511705290862392        1.9716944332301662        1.7811167429536916     
  0.37969195280445001       0.37200675408418205       0.40605240377405660       0.30774335028709643       0.41610264353267712       0.59944783120341782       0.56897979438530422       0.49348811790315233       0.47151098929993274       0.40338390854767953     
   1.7331744176512434        1.8923341933284088        2.1564223743664606        1.9249937153060361        1.8380217901541256        1.9084559115766182        1.7678070116200069        1.8447145065544919        1.6497760741247933        1.6834965163332856     
  0.41202134829634002       0.40140565168585141       0.43870273015892103       0.33859715249999905       0.44763288988687450       0.61911719126553844       0.58636474288377338       0.51878785423520657       0.50013919379111127       0.43333395485242215     
   2.1681049508710015        1.9833715117745010        1.9336402725468209        1.8915050228624288        1.7739029777332544        2.0970782806281094        1.9268295002164875        2.0240398613106647        1.9933691587992952        2.0174760370865292     
  0.44497960942282738       0.42991859551266076       0.47008441299978188       0.37230063181188078       0.48003744983934704       0.63898305278425971       0.60312165436149123       0.54431561538837048       0.52781843833039310       0.46362730504206900     
   2.0310747130626865        1.8473166374723498        2.0377957276755465        1.9236130090142551        1.5597877114243428        1.8138311858295511        2.1566530264488142        1.8607984947824889        1.7824337630409768        1.7790562204885627     
  0.47659095709314570       0.45659586500872396       0.50109146495007950       0.40658992577138264       0.51100091359021027       0.65968740212743304       0.62011382042729213       0.57010493689703257       0.55415386471437178       0.49411978361188225     
   2.1365999708572270        2.0400065141474215        1.8739576717062540        1.7936931786181538        1.9044362106855619        1.9167170602204338        1.9516271359259059        1.9296578333652359        1.7721451625077655        1.6701056377911798     
  0.50761715374784411       0.48726541994724781       0.53079614398058106       0.44375732586524358       0.53978072972900903       0.67787931718674044       0.63609574201100894       0.59729590453683079       0.57863779847589436       0.52466468702989533     
   1.8711007840931568        2.3154317330881038        1.8863278967170596        2.0155406868052554        2.2743309814002415        1.7320531106101758        2.1861596186749628        1.8227342915223612        1.6692728036752063        1.8882611969257570     
  0.53808522128432634       0.51791060814782119       0.56225276990891004       0.48063886181230686       0.56806659848082308       0.69596668969266318       0.65310301050518205       0.62574588869334846       0.60394427218402746       0.55486784588788540     
   1.9460972570132202        2.1086168898083661        2.1864821855389338        1.8820729394933335        2.0587916737441869        1.7203704112852130        1.9468473184386326        1.8049860677480043        1.6994227574742626        2.1316964688254454     
  0.56871513145237718       0.54858263556883480       0.59416927796834118       0.51693487894985823       0.59615578305874439       0.71415001223500474       0.66924619214476633       0.65634471692764418       0.62940128248668659       0.58492595255344215     
   1.9386787370098217        1.8733784121951704        1.9602103164161504        1.7752777289516037        1.8370573371994638        1.6780511820057959        2.2786261007452957        1.7865801057080186        1.7764038639233199        1.8627511305210871     
  0.59921182707796150       0.57750115620720444       0.62725920823278614       0.55194487613244392       0.62656142841761286       0.73199745633901103       0.68490810448309802       0.68639033610781641       0.65450550412865316       0.61557299333970883     
   1.7092776086058206        1.9433988921348402        2.2919133977425257        1.7552181136870506        1.9767374420863080        1.7485457080105689        2.1836113658434471        1.8985209635606242        1.6997001716176556        1.9408869702386193     
  0.63036725554779038       0.60729702480190872       0.65961684926637776       0.58844295311458272       0.65725529612752265       0.74974472647937118       0.70060696422636459       0.71896678472655062       0.67955480421095271       0.64697307243577040     
   1.9530199671256869        1.8042092320906193        1.9768200767754878        1.9903606031749563        2.1592938061890652        1.9703849858750804        1.7277383189918092        1.7732907250632339        1.8063181728187603        1.8175963789243588     
  0.66234788383873167       0.63710570647044018       0.69124527241609268       0.62477599365496328       0.68799702478469982       0.76813112906312364       0.71669038560625120       0.75193327169018320       0.70536968209912276       0.67900549846098746     
   2.1037184699088840        1.9449506018574143        1.9476870107697604        2.1453024269285494        1.8388434936654940        1.7936527213949465        2.2900507612675169        2.0506560568682155        1.7293668234486577        1.8238309492924092     
  0.69463826212942559       0.66874033613004713       0.72045692609459033       0.66308078462725106       0.71786517026464325       0.78547100980714346       0.73277718740029318       0.78386580545687534       0.73348104915122248       0.71145134714643099     
   1.8559112631890127        1.8827908592215774        2.1502778261477413        1.7777274085583761        1.9353950628558740        1.8694363009655819        1.9753136643246259        1.8634490605253049        1.7898717944457654        1.7298473161428103     
  0.72725199940395058       0.69929552830372621       0.74980706117128582       0.70068178940560533       0.74772411828907792       0.80373128676027328       0.74869166886129734       0.81730576910951691       0.76444199052370188       0.74556539279598877     
   2.0040486313038919        1.8398926067120795        2.0302269216259732        1.7258210870739668        1.8750744788757769        1.8055748398048330        1.8850153870617439        2.0145541689556352        1.7091640585370542        2.1845994872537489     
  0.76077998485848020       0.73302495559277947       0.78107441596587968       0.73897851658897162       0.77828434358904774       0.82260557031030135       0.76383208251374923       0.84712005656427736       0.79812138740417082       0.78066896140680553     
   1.9284112350278249        1.9464673750389365        1.7812538041041719        1.7356804747379133        1.7371909270665933        1.9236105382918076        2.1393549924723896        1.7687917998435709        1.7656986333498399        1.9179141214138438     
  0.79429343327532820       0.76766732806184379       0.81224194366063029       0.77740848262204487       0.81062261009361836       0.84067446316240668       0.77854576120565788       0.87747421092012334       0.83082841600600710       0.81559428514016652     
   2.1264308506304674        1.9346313901628927        1.9780574174025358        1.8386550437460936        1.9464161121870991        1.6810320301738371        1.8289514057885201        1.9770180855249078        1.6549334519865038        1.7379232942322265     
  0.82689088769759334       0.80480206077563199       0.84326084164391768       0.81628854408464546       0.84343199480917730       0.85960251420267952       0.79490901696307736       0.90402047956328502       0.86018055992560083       0.84959477659730454     
   1.7928009955705546        2.1195355869363901        1.7491976951348922        2.0594321092302961        1.8848631217404566        1.7180173785363844        1.9557100975031831        2.1569904357530270        1.7686941015280646        2.4268786783945835     
  0.85918619973092547       0.84246285791942499       0.87367619198269275       0.85611532776960697       0.87636312028908048       0.87728876616313523       0.81150443355142388       0.92991970480229835       0.88887293052275562       0.88330635590164008     
   1.6764884718504580        1.9589418633848523        1.9280921007103899        1.6323064323769438        2.1057373770885106        1.5074746831172146        1.9899400452447307        2.1439270085251940        1.8201754958577328        1.9190874255995722     
  0.89274219250718156       0.88239056137963257       0.90542505197161371       0.89453608168866761       0.90829784077980524       0.90022357108497797       0.83235380503766887       0.95119078210507868       0.91686666117072224       0.91311388933653626     
   2.0138283705104745        1.8585337709788228        1.8947308327506973        2.2179663474740874        2.2806188621672785        2.0647628092053019        2.0426081207963929        2.2863100372494558        1.6964768015318750        2.5369175752353303     
  0.92722791034116336       0.92115695749410298       0.93710790388983900       0.93134931553119005       0.93994477513511843       0.92362928694492374       0.85066126750752225       0.96940044582433860       0.94593692233122961       0.94189265068266825     
   1.8756754808534861        1.7772756640837537        1.6969882704602335        1.9268722058451999        2.1213986763018857        2.4490219048638311        1.8714102238709291        2.6403082266884139        1.6058219211028801        1.8240785128341810     
  0.96283441282041260       0.96131503311253330       0.96840227152734759       0.96644854920675238       0.97025921749632993       0.95758250962856473       0.91464972663032640       0.98531789068586662       0.97334263420811573       0.97054556262709324     
   2.0904923147798913        1.8540939152117233        1.8027903201791331        1.8528269696610360        1.7209095185805834        2.2917581477599627        2.7226058382354275        2.3940126495043947        1.8078618433968601        2.0271293751152464     
   1.0000000000000000        1.0000000000000000        1.0000000000000000        1.0000000000000000        1.0000000000000000        1.0000000000000000        1.0000000000000000        1.0000000000000000        1.0000000000000000        1.0000000000000000     
   2.0018624090049895        2.0873605954334868        2.0467321748492076        2.4663938652014994        1.8669383422484194        2.3726779009298946        1.5826880264409839        2.2883010907069323        1.7650110570020414        2.1889694888785542     
   5.0779284209691244        1.2464075148624536        5.8434865350502152        9.0419964971876539        3.9131560820553601        10.430589672518582        9.4546779513310550        3.3001020634176923        4.7351604838582357        5.1324553674156546     
   3.4367138723450159        4.2893501989164999        4.6054512502853262        7.5992444960302699        4.1900027748918856        8.4739987322666419        6.7499476777137559        4.0266174945700284        6.3773157638619260        3.7942926639010341     
   4.9245338539300034        4.0172475213592191        7.2269516435128285        7.2139346958104209        4.5638537339731542        9.3114613061787317        7.3360069553856722        4.4550800161037891        5.4076688318187953        2.8734593365449532     
   5.1581856300285907        6.6657707007313176        4.9540206761443146        7.7702259626114918        5.4799478419400707        4.6822061921287528        5.6974885672137967        5.2376727916358581        4.4078306551973077        4.7282528413968468     
   4.4953502470300988        8.2586849450662285        2.8979054352072122        6.5824422467865755        6.0985242666615589        4.8184678757529973        4.5474235897058666        3.9270141139132040        3.4786900992192606        5.0361899957745973     
   5.0967050923972730        7.3443585362987065        4.9810535815942663        5.4482545030116780        4.7934199939238002        5.8235560334070717        5.4079756566455623        5.6987339285475889        4.6517294386478207        4.6080049893017669     
   3.7893520879544296        5.1968655018200103        3.1524957854776465       0.80705188419929386        5.2385804409453165        2.8652872681415613        3.0108886234645102        5.1795005615946783        5.7927885238975216        5.9004693691681993     
   7.6691093522208753       0.71833820938134130        4.5297086579072872       -8.8192436785730521        4.6883874449779146        4.7796673767835216        1.8248774219829669        4.5416074290077297        4.7600416260877303        5.6806980758685821     
   19.195408916980025     
           1           1           1           1           1           1           1           1           1           1
   58.406282700162478        29.098083714814706        6.6875544371979512E-002   4.8935295568723420        1.3789296483045284        2.4784476938831254E-003
  0.43176651697531632       0.36092105449500633       0.13563275563030924       0.30910161569129102       0.13548470236077564        2.0192574953698255E-004
   6.4094203407356201E-003   4.4876542481744002     
