   0.0000000000000000        0.0000000000000000        0.0000000000000000        0.0000000000000000        0.0000000000000000        0.0000000000000000        0.0000000000000000        0.0000000000000000        0.0000000000000000        0.0000000000000000        0.0000000000000000        0.0000000000000000        0.0000000000000000     
  0.12194628834297384        2.6025974309668572E-002   6.2267968431557803E-002   2.2734084335008526E-002   3.3151944087645213E-002   6.3647587948943790E-002   3.4548087335029343E-002   2.3568953460695929E-002  0.26757273268067355       0.27080477144488785       0.11022674812327354        7.7602771031687291E-003   3.1180490035007977E-002
   1.1038210947847849        1.9428201730739849        1.5194498101944445        1.5296538288541515        1.4840699542850910        1.6340578426179708        1.4922941324345507        1.2184252663715753        1.0656592213204696        1.3442196466198972        1.1125126589816690        1.2534516955467074        1.4419035172100751     
  0.16989342894045698        4.4953318953927741E-002  0.13573719365618717        3.3717018037205837E-002   6.8887762074746700E-002  0.10388113286189457        5.3580386233283657E-002   4.6971962246849679E-002  0.41528104157294954       0.32591512892717589       0.19179290686923703        1.5763654476715034E-002   6.2182191148522782E-002
   1.8648114350365903        1.4384753909121115        1.3430727666101954        1.2384556040982087        1.4808612389616693        1.2980373816354629        1.1657345883638843        1.2355011370046083        1.2672704759438618        1.5048065013731626        1.3784361176358935        1.0200072840821335        1.4182989365524779     
  0.19279199336167910        5.3814320263523334E-002  0.22082055385849786        4.3846185903745082E-002  0.10335644064394575       0.13721618524125651        7.3321073292075045E-002   7.2114325123065287E-002  0.52612523500155739       0.36956650860337936       0.24465590868972281        2.4628406232909988E-002   9.3725689638824147E-002
   1.3183641589682176        1.3451021762018736        1.6056787383559752        1.0977716204274306        1.4964382952419475        1.1532712146624020        1.1049862082228932        1.1032918108361853        1.3634040216206778        1.5965158794902912        1.4853728172390295        1.4978826373960712        1.3160625697253978     
  0.21774215080922335        6.3178056797060594E-002  0.31268204641408803        5.4947179583164779E-002  0.13506351514983300       0.16988179470451903        9.4082777391488584E-002  0.10125130983052259       0.55664077557522296       0.40389605703139492       0.27532027180488061        3.3577643289265609E-002  0.12520825732261007     
   1.2060238735397808        1.2160803313262727        1.5991110030173974        1.1962243861348301        1.7104824877623450        1.3388237508674459        1.1601051845908148        1.3829478396320793        1.0732285074727501        1.3700838305975866        1.2178343615923408        1.3737278933146786        1.4610522313883103     
  0.25169442952853482        7.3177790202891349E-002  0.40434720899533638        6.6100730430269455E-002  0.16833467341281555       0.20455125600850296       0.11297069050187802       0.13443771063113946       0.58666033785387450       0.42813285324985351       0.30254595556999808        4.2663213620915817E-002  0.15965945831759298     
   1.4708682847687364        1.4309825777637994        1.5930439282895079        1.2061353168084772        1.4910314965056419        1.4841023894377396        1.2655839420145356        1.4090312646554450        1.2911281288706222        1.3053171366640413        1.5976014039472390        1.3128810053031714        1.2984260076261984     
  0.28080371702070689        8.6756650134876379E-002  0.48731143656674702        7.7497888267801088E-002  0.19963067514469426       0.24402210672072652       0.13423753679636113       0.17134212460853376       0.61404078423421593       0.45310617435065009       0.32662645980955191        5.2825395752438331E-002  0.19848833769920121     
   1.1935869700570227        1.6951730930708451        1.2604116993737344        1.1686473232168721        1.1977197169444682        1.4120812629089865        1.4118429052839285        1.4857491801498532        1.1526314828142179        1.4541230170995243        1.4806114144898441        1.3969523084447755        1.3482129840505546     
  0.31238366837703418       0.12207596852580684       0.56096722408924127        9.2369958516361109E-002  0.23602581396531253       0.28239265214122639       0.16212951014403068       0.20743572719541120       0.64881933117934754       0.47580291854972007       0.35236663146467856        6.4197426609578820E-002  0.23934128133707458     
   1.6299399471670466        1.5184798417497665        1.5636474520445003        1.4060009479512783        1.7196917062038029        1.2388530522442589        1.1746274616665264        1.2647096222764507        1.3540122596028636        1.2347370870944960        1.3359924133547543        1.4184933100279515        1.3063801149032344     
  0.34428863715470492       0.22811584267880247       0.62798136092956691       0.11585942697153034       0.27221395774187768       0.31384349630054859       0.18994963928745368       0.24284392457875656       0.68082519458599233       0.49975675828676275       0.38323633182748729        8.0713818643107615E-002  0.27953176434609039     
   1.5721982109069050        1.7791016391161469        1.5056046429694889        1.3827077818200277        1.2388209624655799        1.4313486738084582        1.5001456758288796        1.3413697746601885        1.6675730725837321        1.3658488537200169        1.1910994823140943        1.5820338289831686        1.6557100133423466     
  0.37187774148506175       0.33249151711716668       0.68283066871383580       0.14118887260127852       0.31011586766024363       0.34156569813614179       0.21674110647970046       0.27710559957497416       0.70581188492674640       0.52199271863999008       0.41454931963696473        9.7146973148939608E-002  0.31955997280744752     
   1.0560626514936975        1.4116794882038957        1.3894054839468297        1.6598941046851075        1.1870744337043018        1.1605317751554980        1.1952051793978862        1.5617600022959057        1.4726863485109234        1.7043464211527324        1.5919637545312357        1.3638560718548425        1.3113887607835204     
  0.39704930593368509       0.40550862840714352       0.73453232040661376       0.16753302037208742       0.34522794512535082       0.37010995274436026       0.25321972407604892       0.31059600354147088       0.72890576843824439       0.54264810020666365       0.44738139910791258       0.12079143434114684       0.35949734335433908     
   1.3247958331863150        1.5111155411994377        1.2659054760834691        1.5316911495827716        1.6270164118682666        1.2439126582826734        1.1760149790359771        1.7805212051337944        1.4270499184026502        1.3495231594928248        1.5451022530456344        1.6854308222852263        1.4704699247086261     
  0.42205077965019050       0.47139557877419758       0.78246950586115327       0.19378261133133876       0.37445769038755256       0.40494714720600189       0.28570950376445747       0.34655719122686141       0.75093337578033947       0.56218286875876144       0.48352290439068785       0.14784868778724616       0.39384190042028450     
   1.5539895329972362        1.4089394698832365        1.7266105204194937        1.4224794870957020        1.6715268506043792        1.4705771785584825        1.5344791867756997        1.2724018166866882        1.8397006278281345        1.6682709883283378        1.4994126461753667        1.4228310918390519        1.2706168787944834     
  0.43874400994172930       0.52790145097625918       0.81643529442829166       0.21977987022962289       0.40259174493888761       0.44072461903513566       0.31792782218360416       0.38407446563279607       0.77283140093222025       0.58101390989639345       0.51610541281707945       0.17581595084610768       0.42879206989680713     
   1.3397390527068009        1.4853589535876410        1.3296309259325132        1.4084018709970170        1.5079059602745446        1.5539974626422675        1.2054751740484826        1.2941939232161515        1.7899607662124404        1.2923123675468209        1.3076254206802349        1.3372212738891540        1.8410243149933110     
  0.45693647320815095       0.58086618227040776       0.84827538079984366       0.24806358445753546       0.43341068689099588       0.47876792016474101       0.35049299345109053       0.42067523753566238       0.79198299141136808       0.59690206419412895       0.55258565067514942       0.20634465199979676       0.45807975038626608     
   1.1393150918701698        1.3722635375277921        1.3943988352175460        1.5196122150430682        1.2914324916812332        1.3187084539565295        1.4812095555275615        1.7888247109384590        1.3709593529309807        1.2480560790126167        1.3949147180934045        1.5817430708475517        1.4429721582088684     
  0.47757252761485769       0.62893846374998630       0.87336249640757124       0.28046567118443366       0.46943822838828470       0.51281662434585873       0.38550372530297305       0.45220207356976200       0.80829719167473113       0.61238109874798552       0.58601723893527724       0.24116520664593594       0.48564296649978766     
   1.2930311234724097        1.2839335412965620        1.2107930797378550        1.4418335735453465        1.6181731033602607        1.4225450196464091        1.4098898331436012        1.2050926743257371        1.4172418628710159        1.4072239637009760        1.2545827180156115        1.3607979699469550        1.2621679055572590     
  0.49783387353496150       0.67122476419926413       0.89174697088256671       0.31609454566239081       0.50675882753167323       0.55535159677853718       0.41739910364774968       0.48503924015049604       0.82300720207370515       0.62833033265462368       0.62077393587395502       0.27580358021141482       0.52016542914367392     
   1.1927776059300503        1.2683802538761617        1.3075891569135971        1.5636206639910553        1.2710570961439054        1.1698121029995847        1.2708495962627078        1.4104203428015081        1.3719864012672116        1.5662239700783318        1.5171377268178761        1.3922851108776622        1.2807122658974504     
  0.52037927598411526       0.70361553753327211       0.90982350162342174       0.34848266068303113       0.54162504126533439       0.58746783100734423       0.45387837884936899       0.52049826296244561       0.83617185031599084       0.64633390715875660       0.65335728165160212       0.31636329858345513       0.55440964396416537     
   1.1930914970378510        1.2712031077886874        1.3452460663919483        1.3462591181197583        1.4673274119482387        1.3812348931358416        1.5797804948681191        1.3142361662550610        1.4151876822751970        1.2427537021119703        1.3645148398930231        1.6055669541319486        1.4266666803397809     
  0.55123375616783055       0.73399770269897679       0.92475166478097937       0.38373284187749002       0.57535492804167476       0.62200021084342882       0.48531084655438161       0.55750722836785804       0.84903664426408598       0.66343328802597945       0.68664290650179238       0.35881165319045188       0.58536228967875958     
   1.4817916212935898        1.2826341558745948        1.4946321151840778        1.4945184157655327        1.3304788533527323        1.3852293188076015        1.5174358796551299        1.6743929405268507        1.3144501865093516        1.2472158451562643        1.2398957638825554        1.4863666626938581        1.1534653236880836     
  0.57519835872056391       0.76196363752308749       0.93782995209598952       0.42009153913748781       0.61799614575680850       0.65439105112939111       0.52079133764291630       0.59048640759897875       0.86213207838059713       0.68056665758316315       0.72169583574368390       0.40277666947969382       0.61244868719786394     
   1.1646188393405752        1.2759566945933789        1.2798168350731622        1.4184726214213512        1.3636521022209702        1.2610631720519696        1.5184237910692713        1.1737281567917976        1.1980456223700211        1.6217641396684621        1.4882636496312149        1.5151905575121596        1.2713320831533170     
  0.60803622325603446       0.78914465542388867       0.94691171548513176       0.46181267409691273       0.64621249485196064       0.68237971136286757       0.55218522336513975       0.62124080104366208       0.87521766839064397       0.69812525405221371       0.75940151445612480       0.44164024586439871       0.63852415835594600     
   1.6348270825548707        1.3063589633968096        1.3811707257627222        1.2159212308022012        1.2827754949270977        1.2796466079678552        1.2500779046812158        1.4883154004155752        1.4377995739922897        1.8266494472751789        1.4000112189478593        1.5708525661823169        1.4654599136552879     
  0.63501612207927272       0.80914727415262067       0.95188657825299461       0.50091930589203926       0.67572525764370439       0.70631798398264267       0.58430387310685261       0.65294535686013977       0.88669887319277774       0.71369660171242622       0.79143816470274619       0.47556788348977863       0.67295203295809269     
   1.5830626353417709        1.2385770004915408        1.1668048926835490        1.2669230333122208        1.6630048130758959        1.3820951545398577        1.4022851945274557        1.6797084705216949        1.3408638716587324        1.4991424017549722        1.1935320564652863        1.3078069450929055        1.4604929898369130     
  0.66399845190025042       0.82963551388342816       0.95745471866362464       0.53966755602413197       0.70278430598358277       0.73032754178373993       0.62180741822871288       0.68499293857113064       0.89779976841829889       0.72751635159357275       0.82060588319052008       0.51304983984964336       0.70855633943685348     
   1.3565517333264057        1.3511111407279173        1.2289260961216022        1.4900918819049978        1.1856577152986987        1.3371629693632987        1.3643159337171082        1.2777712616588481        1.4909516641174601        1.2576555085736632        1.5212232972867545        1.3390043594641310        1.4666298866043239     
  0.69212291064372566       0.85010615462552519       0.96325414125394981       0.58257449659785887       0.73235671073735709       0.75314095860619035       0.65900284232282302       0.71845251683839262       0.90810936368634132       0.73989031960231966       0.84766133341071603       0.54985598380497192       0.74690087010451456     
   1.2863969523190342        1.0123721017955050        1.0552549570462997        1.4090482663023862        1.2489688967103674        1.3715953234079761        1.2947536051957660        1.5687279824449214        1.2269783554116658        1.2712719965707631        1.2500395550690875        1.2193123956488527        1.3046044432066575     
  0.72018360467640452       0.86853933017458551       0.96795042500944173       0.62869651398904225       0.76704635363120588       0.77115190134162703       0.69293233267640286       0.75221719348621274       0.91869639861137897       0.75073792100842762       0.87615751050487201       0.58412952528006579       0.78308448956234655     
   1.5218161306160651        1.3961935799123102        1.1739355922293671        1.2270476588530319        1.4063469085138769        1.2249486670387377        1.5332104501012518        1.4748825599714042        1.5281005939209913        1.2227353823738782        1.5512809968913008        1.3352481483422161        1.4286243074312779     
  0.75157135913217810       0.88708971843290463       0.97279819509387699       0.67553170212033997       0.79854236381247268       0.79100512417327096       0.72494578863766779       0.77734905614831262       0.92840675098579706       0.76347665576373247       0.90099530192125221       0.61716487533668662       0.80632321311812893     
   1.1752428584693217        1.1940895056278138        1.1588882545494603        1.5001246776564483        1.4419062831073055        1.1738829711904581        1.6195882956899819        1.3817286797259276        1.3048568194205288        1.2713003038683885        1.3851407380675622        1.3032365022676946        1.2448900331325141     
  0.78270046692336870       0.90356473793806658       0.97872799882697770       0.72543311159679591       0.83099455028537006       0.81069941298656678       0.75777043336416472       0.79529888536750615       0.93718644914731519       0.77728693357613043       0.92379847061441167       0.65058906645824488       0.82889093387680401     
   1.5367567513781419        1.7132067041381422        1.7266348332000916        1.5336258014570880        1.4306900408787959        1.2871506552948659        1.4946047736658485        1.1171042075009738        1.5306044148064744        1.6016749581567549        1.7559446988579874        1.2853396147985461        1.1843316270836450     
  0.80941747093763672       0.91916312722020577       0.98384487487441719       0.77487288751740691       0.86052022270237238       0.82835561681076053       0.79168685975724651       0.81581154230104114       0.94573500704114188       0.79654346280961930       0.94231055310681699       0.68662362885992445       0.85123136853848125     
   1.2509551299605830        1.1828010228195853        1.3106226252090911        1.5869550751125392        1.3090872149347874        1.3271881627421194        1.1474752426481440        1.2422107040962020        1.5244633316367007        1.2229478357538048        1.6437297053018776        1.1980188306523258        1.4234205626216323     
  0.83406632372259371       0.93406589787295513       0.98852233891701879       0.82041729413940512       0.89619342519809275       0.85677228435561981       0.82707074650799162       0.83645604167304854       0.95431936575428133       0.81998839621775366       0.95640295727861480       0.72967645579071605       0.87071657517229450     
   1.1784215593301606        1.2831118754521658        1.6981118725579663        1.4055631758759144        1.4473221462478256        1.8191904446625873        1.4899664557378283        1.1231881381440854        1.2343246426758314        1.5189275126476274        1.5353915635585058        1.3281629849883925        1.2916835211061779     
  0.86307994923374254       0.94749016740757963       0.99257963764044910       0.86159862564057288       0.91897344572597073       0.88490373331231142       0.86540095069799383       0.86249296410921139       0.96342152774014123       0.83677704619699922       0.96606712239722514       0.77819388198399375       0.89029458168947173     
   1.5917756191749286        1.2340336030422383        1.4958754891101724        1.3049835456600265        1.2344835051893746        1.3767662409903845        1.7522846485496324        1.3275870874471405        1.4231489534697637        1.4314254509638202        1.2050903864611007        1.5991146877972153        1.3236411672445796     
  0.89262989520409874       0.96078515041939827       0.99540418052561830       0.89862060216592754       0.94031127668272063       0.90960186435291546       0.90637437408189703       0.89910026105439766       0.97176091662064223       0.84756471355247298       0.97557589981939874       0.82868931140057678       0.91761376571019071     
   1.8053912071724225        1.2753611612158768        1.3237715041154385        1.3169472202127375        1.2719427895027755        1.4815755194032050        1.4218738209651853        1.5474893389165356        1.4355016948826591        1.1104176317711523        1.0901212629963550        1.3361027125794973        1.3704870065776547     
  0.92332508230584420       0.97377128167898519       0.99721711804776425       0.93353437454942989       0.96350356062130482       0.93447811390911473       0.94230094262900854       0.93432102809735085       0.97940837294810545       0.88840794717517080       0.98479915691360342       0.87907607560005696       0.94283807904747108     
   1.4912452721980245        1.6634092254686395        1.3550733315176864        1.3765055243920497        1.1656167235176518        1.4677775757811480        1.7695084950302433        1.7951893112826991        1.4359215687076594        1.5218599656483216        1.3726500059930684        1.2959097668153363        1.2633740270177587     
  0.95694875425649428       0.98696326497672626       0.99860585395695478       0.96741383766515077       0.98227558362900147       0.96129154110467963       0.97167802235920053       0.96638390855300693       0.98862151372012763       0.94069611000176734       0.99264897825713749       0.93712373579947406       0.96964564488532234     
   1.6035831169333885        1.5253605809709527        1.1927098784424350        1.1727841218888719        1.0460176998527337        1.5412745358942739        1.4692460709798967        1.2909083951928111        1.3923051452369410        1.1638558601546865        1.2338101672987924        1.2672485267740370        1.5600946992788103     
   1.0000000000000000        1.0000000000000000        1.0000000000000000        1.0000000000000000        1.0000000000000000        1.0000000000000000        1.0000000000000000        1.0000000000000000        1.0000000000000000        1.0000000000000000        1.0000000000000000        1.0000000000000000        1.0000000000000000     
   1.4031734037085486        1.1493457785839611        1.3780758816557190        1.4271969641052573        1.1178988131242278        1.9254563499209771        1.2197997248523877        1.2317078552407392        1.2123575799944002       0.98898242821996951        1.2080991049711209        1.2738380969360623        1.4731820802116982     
   23.407075101278160       -5.2641344601979538       -13.654337839552415        21.185330595505711        11.688314847050254        2.2842337951328817        8.4710258171950485        22.044194699848564        11.648429722322515       -6.9891305623816944       -1.4379390140287280      -0.34105329066869294        4.3579050219291648     
   28.321867214768247        3.5041356248381215       -10.274544129009515        16.100607995292830        14.660994669652686        5.5219161234421215        11.901119159526116        20.100952239637763        9.7166713024475388        6.8552271729154626        7.6270132570429539        11.031086767753965        3.3808282499972040     
   18.440356576039619        4.3395187027471263       -1.2645522005823961        9.5601410925280561        10.733083835603393        22.333560791698869        4.3079777520826479E-002   13.564509463011188        10.860747155450886        3.6534469677588861        3.7700955782903418        7.1020607638867750        18.584742633490805     
   1.4674253858499151        10.476443957288701      -0.21964524529862195        7.9355040427477528        5.4980823383766122        20.417036632271259        7.5044594364697748        4.1239374541769180        9.1130890811127276        9.4250239280354258        6.1974043551753457        4.8511088949261039        21.431391493911192     
   9.9911796846418426       -3.4975531583443065       -7.8444436541087139        3.1068505917229108        7.4588779149390660        15.568047547035212        22.930426788706580        1.4228926349233451        11.698763244143162        17.282671516585914        11.065929916925279        14.424865534564834        17.533460161639006     
   10.739786084504695        13.591748500846021       -1.1630079501698583        4.4284638579930142        10.201477175313215        8.0018228655898209        17.655743147346715        7.1320182919550970        7.9074682097133673        20.026050989890447        6.4960859608413877        15.478125170681777        9.9672018944133800     
  -2.4751121989053932        7.7069682258812175        8.6667074574136738        6.9724383104057441        20.812825874153365        2.0193652893867560        12.744256108392580        11.818609437976583        7.2967299311612361        9.3393099504207395        15.277676934809282        16.925497902323158       0.59293087105860831     
  -2.9351710595637304        24.527710148368580        30.024936797443292        14.772457884322421        7.6974740798435386        5.1148781432706922       -1.1735213700708391        7.4080625020457287        22.170698667202839       -1.0175074766486842        12.655352336993593        4.6401599591599663        6.8748326089150602     
  0.65991731662091158     
           1           1           1           1           1           1           1           1           1           1           1           1           1
  0.78301457847278300       0.22625477555102716        1.0714531461949808E-003   12.639634230204789        1.2822354545923233E-002   1.4702085456431510E-005
   1.7718064557567817E-002   1.5739456370747532E-002   1.6953971166350826E-003  0.73399167355468209        1.6946377435218668E-003   2.0087505467776200E-006
   5.0000000000000001E-003   9.0144305301378829     
