   0.0000000000000000        0.0000000000000000        0.0000000000000000        0.0000000000000000        0.0000000000000000        0.0000000000000000        0.0000000000000000        0.0000000000000000        0.0000000000000000        0.0000000000000000        0.0000000000000000        0.0000000000000000        0.0000000000000000     
   9.6359385984726570E-002  0.23494113801029531       0.53687391325439215        1.3007596299976656E-002   3.4516266138528234E-002   6.3129071276671098E-002   2.5307218922649619E-002   3.3010427548242710E-002  0.54139920663422858       0.18069174493782914       0.13609360893218672        2.6445099254521293E-002   3.1813092771519939E-002
  0.86531636494955533        1.0043279314912719        1.0294896715440331        1.2793785974800627        1.2162032562634790        1.4656021948644213       0.91956679391670260        1.4494977826058530       0.93172724508055993       0.97859929612556296        1.4171286302626360        1.5247212484800254        1.3501203848307723     
  0.14234472605622192       0.34492073296644721       0.77622564876115052        2.8187703202460161E-002   6.5241752712725989E-002  0.12956964600093634        5.3810041066388710E-002   6.6168251077495494E-002  0.73585352335891296       0.29078948544895966       0.19120828900560033        5.6962071273681553E-002   6.1551053358527723E-002
   1.7470448341285978        1.6573747901670874        1.3176014750107101        1.2602556179504394        1.2535316454258028        1.2190385614685868        1.2698240890324661        1.3886176705248230        1.7630434418855110        1.3997540521856033        1.1146410360120640        1.5482239693749111        1.1303355204424437     
  0.16509512778083241       0.38212266548129081       0.85579250873621471        4.4789860936709225E-002   9.7455024264111442E-002  0.20309882413798522        8.4887479851833800E-002   9.8059818213001401E-002  0.78340400640774610       0.32464540491867777       0.22256153350841518        8.7172529014927405E-002   9.4245994736134875E-002
   1.2212759572736716        1.2760209636996700        1.2420597932303610        1.4380251866205460        1.2210760514427981        1.1834626041765373        1.3073528780054369        1.0805629703382742        1.2042341134379089        1.0218605398715745        1.2296586152335225        1.3640616397246865        1.0980141901898544     
  0.18495741084593487       0.41924395658772590       0.90369645801477960        6.2257497604854717E-002  0.12719213677021038       0.26024163934914279       0.11505033428950090       0.12966117238551744       0.81185229334842646       0.35743852620203065       0.24985613446728150       0.11746276433967344       0.12562951835402136     
   1.1278847518013202        1.5745823130854835        1.0372947180636352        1.1969818533834349        1.0908235164793063        1.1178521487325574        1.4563294926519657        1.3287023394755826        1.1155531649484063        1.1946840636369467        1.0484023148692765        1.3051167349500161        1.1504514481419930     
  0.20466107785108789       0.44883035663223081       0.92415653934096220        8.1693320122753654E-002  0.15896277440017584       0.32254713086947423       0.14694795958623708       0.16126826877179301       0.84101578769810736       0.38484200083681963       0.27831222124357524       0.14630999580556259       0.15956950856184215     
   1.0431217762790665        1.0954953518493020        1.1423602934835368        1.2050355757765210        1.0929088687844923        1.3107493679256275        1.2326078867678609        1.2182739712952673        1.1890838864061786        1.0784569320039290        1.1545042382088662        1.1568631793239983        1.1855324632185653     
  0.22447021972842321       0.48150292529561106       0.94140704602637759       0.10044922557524048       0.18763500030508679       0.37732275052006953       0.17681926174667384       0.19464600881518990       0.85722093015815426       0.40741564567823152       0.30627924211774649       0.17919362164674729       0.19617460484513735     
   1.3401883790163303        1.5356297319669867       0.97557208712601917        1.0955565531750939        1.3796879620774343        1.0159282530891025        1.2359450776520962        1.2873846045666730        1.1812763064569067        1.1776658988822133        1.3172483896445777        1.1984145417683438        1.2127805372676219     
  0.24404346852718281       0.50406643414749397       0.95225590721869757       0.12002327075322880       0.21975426301589784       0.43260260570776743       0.20472497403015194       0.22558471066257477       0.87944639889542398       0.42760961290929045       0.33411148734833107       0.21438301644365199       0.23328413092197403     
   1.1062030852445919        1.0465971284621336        1.0558445458145183        1.1697445423796951        1.1302359802798931        1.2648443422371152        1.3818251450951562        1.1985385177802328        1.4482514744582828        1.1531533655782220        1.2638102774876314        1.3120547408793197        1.3156676890313783     
  0.26224428895841784       0.52518055089380911       0.96175378690065072       0.14002188530392498       0.25078453682338103       0.48187390627021676       0.23143468638548501       0.26010887623805534       0.89057130653054617       0.44636655226665173       0.36042939400375351       0.24955494122702426       0.27013772680197468     
   1.1689484456212218        1.2149518373983754        1.1736553855271177        1.0934477027645613        1.0959749545283097        1.0870884961236595        1.0859234029272973        1.2595758458674522        1.0452735122343320        1.0586508303911411        1.2552039681492397        1.1069213386511709        1.1174833969095821     
  0.28044733673982103       0.54964004112565046       0.96883047915354714       0.16029773942762349       0.27813955464949680       0.53145894763041679       0.25803805444159933       0.29087969494638993       0.90359661334425723       0.46525331070567189       0.38585992538930652       0.28284654182239671       0.30373511020734340     
   1.0277461094819371        1.2649198336476906        1.0860250584544375        1.2511619962137241        1.1380261370186568        1.0851850458047128        1.0082165602743134        1.0111640396371802        1.0935630813174331        1.0583056013473267        1.3003212368773467        1.1891113084406011        1.2911899233396562     
  0.30181734181973069       0.57435954499675657       0.97454235020624458       0.18227166763136890       0.30322382885639659       0.57529906514157525       0.29014520515574493       0.32639204495867613       0.91383645821960768       0.48587573020174568       0.41329509988995367       0.31504653497199869       0.34035527629060869     
   1.1817708236921696        1.6327427467693365        1.1507891043276279        1.0508630010850166        1.2274563222458059        1.1806844489438668        1.0626363749459280        1.2065958888655410        1.0477327453305278        1.2885578825266408        1.1759981065705905        1.0710248100030093        1.5211382356542900     
  0.32168008473319609       0.59889171409355990       0.97903328620712171       0.20951688744582997       0.32616718220882579       0.61665427209192847       0.31990500711490588       0.35999575479347484       0.92316217080945651       0.50200297657523030       0.44377724860980217       0.34788671015882966       0.37607521448142245     
   1.1964612434023472        1.1674679219981559        1.2198571504824909       0.94475270546398926        1.2338534170336095        1.0785857916451684        1.0463158469416516        1.1957799482875713        1.3413605858741686        1.0365314501147278        1.2270291461841181        1.1029000562883040        1.2253906220294510     
  0.34551367372488423       0.62077121360796605       0.98260912502718800       0.23548132730874402       0.35480690768343881       0.65663509230443784       0.35031265742669082       0.39131699627333943       0.93084533676348769       0.52300919471655816       0.47272865598202002       0.38177843968268466       0.40927366368303453     
   1.1715616761503167        1.2481990418201137        1.1000791194669564        1.0434014186815208        1.2572484925411758        1.1597910459303251        1.0277275918921482        1.1298088633006780        1.3194455206365820        1.4123945113595744        1.0465197879252706        1.0938740666705522        1.3340879508974286     
  0.37058522833367930       0.64180317900164374       0.98573221722560433       0.26108745284858659       0.39008260590120220       0.69515600209141803       0.38106362380712855       0.42279692666515706       0.93742638235208642       0.54113219827828418       0.49473080928072710       0.41642364138026000       0.43634933093127964     
   1.0285709284936007        1.0973274911823105        1.2676208643220011        1.2328918249717620        1.2265725644708614        1.1638156472356542        1.1822333090083765        1.0497026959318709        1.2857146282572176        1.0829007522421354        1.0760991710270489        1.2809717678998194        1.2859137828577447     
  0.39600084575506111       0.66198133622150024       0.98831146984690721       0.28493309609121648       0.42635037063983316       0.72883248192182526       0.41361490677030810       0.45921516246286176       0.94373722217347178       0.55814755711870023       0.51832853849703331       0.45313976583185545       0.46456419845515873     
   1.2084654298953554        1.1298433764046945        1.1956398874898335        1.3330001389795567        1.1688488047161740        1.3152963957723158        1.3531127365884490        1.2210160581272205        1.1682018440674886        1.1692290169803186        1.1205026678426311        1.0977205093320042        1.3028764521549150     
  0.42059993832020764       0.67974136499690907       0.99034892923724971       0.31533923400413433       0.46048366803358226       0.75508169878400810       0.44478117256223537       0.49380539782048605       0.94940021032916666       0.57441111396322841       0.54244142135305018       0.49061644448992986       0.49430038054852404     
   1.0258439582246668        1.1373938684256566        1.0067995433825967        1.1130559008465379        1.2357687075352073        1.0313258500954516        1.1486098513868088        1.3476656543764558        1.0707041676611435        1.2305966716063896        1.0696419525830976        1.1750036374194772        1.1113561134064056     
  0.44500316981872151       0.69786080852815791       0.99180422383698719       0.34592101656983304       0.49357377902755145       0.78619766687030368       0.47905217385184551       0.52235983742065550       0.95459090154503723       0.58816960736900392       0.56750837964617340       0.52687646572961200       0.52006487885102348     
   1.3356271635425387       0.99927991881751099        1.0667677245659628        1.1041911794020534        1.2792909654019988        1.0584432264031882        1.2734068442243034        1.0623367076858321        1.0724949360810414        1.4028253017323813        1.0555440518418093        1.1126118986974167        1.2148116483506179     
  0.47487981628235748       0.71758986794986523       0.99304416857107147       0.37657395207725708       0.52719652175410192       0.80757978844989053       0.51012266576123133       0.54912572918196600       0.95919848994515167       0.60299862747243937       0.59637769471170643       0.55883749330477828       0.54618958057522016     
   1.0143618397459613        1.2045741857046064        1.1396654081709303        1.2390977566017245        1.2446792321593303        1.1453956306009678        1.2522362057391729        1.1496411574738199        1.1606014295623612        1.1212413545689464        1.1303660900497039        1.2787788366844879        1.1602310358058936     
  0.50336663067736087       0.73601358633657032       0.99417285835998603       0.41022051676273419       0.55921710714218686       0.83324315511880509       0.54173079877228769       0.57486662949707479       0.96372589549882437       0.61842134489801193       0.62335924936228526       0.59331470213848014       0.57247781722301716     
   1.2920838553630385        1.1712633435951612        1.2952232829787591        1.2387573719218776        1.1882408151853145        1.2232344429789919        1.3370358445856816        1.2101203863373389        1.2207366505999104        1.1796106974568126        1.3014418084150126        1.1937836007595481        1.0559448944770664     
  0.53026627586251651       0.75480017574684644       0.99510329053332558       0.44186398681501821       0.59162312045380550       0.85468615421708638       0.57427665183618237       0.60124480442156836       0.96771774972957059       0.63525730346164133       0.65206130359738879       0.62285643692884607       0.59870727033542148     
   1.4031989972284256        1.1045605360421664        1.0287654886352542        1.0390892827914029        1.2603273255333691        1.0418151215521712        1.1231622914530381        1.0015750046531970        1.1685403011507827        1.2686976459405293       0.97426852903647021        1.2093868955611666        1.0907255856347282     
  0.55656422356739377       0.77270934198991725       0.99584221734364742       0.47992335192394586       0.62524838477658284       0.87403950766570560       0.60624175320454965       0.63301633090985654       0.97149510534438999       0.65256283126994286       0.68258323260727605       0.65407428544635804       0.62473330272515504     
   1.2105268440277177        1.2183642896229998        1.2502677141124239        1.2606978618623061        1.3326253899286691        1.1984481078949103        1.0873356017313740        1.1552006668185311        1.1638071733649189        1.3561786813572916        1.1206858253109020        1.2341645897942841        1.1358753676536866     
  0.58432845133995315       0.78989776933053224       0.99650551679757482       0.51986363368596944       0.65699273435164796       0.89131516165932723       0.63814029355325086       0.65934964987272382       0.97480220662164596       0.66946291050001827       0.71326427715995289       0.68097144673628196       0.65032174132480869     
   1.2384549285325390        1.2288183803493029        1.1709610810299254       0.94216843807359274        1.1049676175280054        1.1951636928990061        1.2524185229654072        1.1216294138639831        1.1026775272369000        1.1531068282348180        1.1104202718980283        1.1147376751639744        1.3183245004611577     
  0.61485131929410963       0.80696017925455632       0.99711852366818765       0.56122722677022641       0.68905333000424751       0.90581363078460264       0.67014216038498498       0.68761703656286077       0.97778577015006685       0.68502208364899730       0.73969858306106551       0.70848351348055738       0.67672281679364144     
   1.2244507270295648        1.1413353018597043        1.0638769319729129        1.1135645608738751        1.1124914968515456        1.0159501669047399        1.2320072646474594        1.3401307536899074        1.1915488128086074        1.3296279851258030        1.0311259006095608        1.3122295356063960        1.0371233928147474     
  0.64649093572185601       0.82368540514523469       0.99765807250419558       0.60358831991119521       0.72060479147930623       0.91884986399144986       0.70410347593037892       0.71474328886905969       0.98050731133107505       0.70240671039253255       0.76784256802111872       0.73998552536799156       0.70858603398697739     
   1.4588060565850893        1.1630447044171501        1.2299980779056205        1.3081566753996858        1.2949774504119076        1.3201275128115524        1.1876447832843442       0.98406354585449796        1.0638621196021818        1.1958281322603035        1.2180141653187340        1.0282844182441537        1.0643234950180205     
  0.67258225722251752       0.84131295670992090       0.99809890859555672       0.64959048820499865       0.75175983104007371       0.93224031248730921       0.73736553563038443       0.74524851289413407       0.98311694611874123       0.71878642429378381       0.79336414828379032       0.77125551386238844       0.74588203346924209     
   1.4868571683648213        1.1267249412647780        1.1756184149344187        1.3587150750613519        1.0508945420950695        1.2166144208076153        1.2518615049287043        1.2931904667257466        1.1054878308767100        1.1312253811301010        1.1630751823974270        1.3176037998357890        1.2178394554412380     
  0.70164179359260459       0.85807337720649324       0.99844547355848345       0.69562292025176442       0.78226039482844734       0.94307833814257935       0.77108384789481532       0.77761180556725662       0.98606256136331882       0.73419712399657577       0.81956542149409950       0.80295091304304245       0.78279256753473303     
   1.0484018974217173        1.1001817702155847        1.0511151380827479        1.2152062203925362        1.1110342171525003        1.1954446439280848        1.1427223474588113        1.2488622241750069        1.1864733573545936        1.1016334443992770        1.2950374662575486        1.2264804742263276        1.1996143992339261     
  0.72675788509292261       0.87553569002874654       0.99875537931783809       0.73997755188871606       0.81083627958174664       0.95233859265211440       0.80603417293608237       0.80908926160104622       0.98826124150512118       0.75177873201830414       0.84447818347942560       0.83176415191944397       0.81882363766626876     
   1.0724089285870650        1.1298709713115418        1.2860274762501847        1.1220981696869803        1.0710248100030093        1.0721085338302510        1.1320236785384072        1.1628610683573704        1.2007143954703663        1.4008627094576480        1.0928373092027044        1.0904425610681565        1.1536033186403634     
  0.75147676656785700       0.89334985778641340       0.99902837728144100       0.78535821152706919       0.83965716973160287       0.96216401860234479       0.83921839024009381       0.83817496192462648       0.99035925230886113       0.76936824971210382       0.86910942843655536       0.86042717334433527       0.85110230769497308     
   1.2778814231364590        1.1142517370290317        1.4074043111162657        1.3612590347590898        1.0993610088723273        1.3713004526635300        1.5294169923299239        1.2040334056326338        1.1882949271391703        1.4881103752814531        1.2606365835034266        1.2160567571483012        1.2271708383767808     
  0.78230521473090064       0.91228753866364332       0.99927193546118809       0.82891960038689017       0.87075967452755032       0.97096284710768732       0.87239395584305546       0.87012652947730418       0.99230656057399835       0.78894353702856279       0.89599095906662496       0.89269305343567074       0.88286945763102609     
   1.3092736887112353        1.4549743533038042        1.2242787086412126        1.0254913725732160        1.0845968759472737        1.2166537675094646        1.2303860358029244        1.2094393237074046        1.2971405966198630        1.1462149379226290        1.5117269679535836        1.0103733255862866        1.1485001032640807     
  0.81714512579422993       0.93163367198563152       0.99948182563949062       0.87359949698511652       0.90090892928234478       0.97821022928821821       0.90473243249079527       0.90484282505225155       0.99397365648645064       0.80837104549427929       0.92283421799020349       0.92245654441503777       0.91210401459716017     
   1.0884325329196820        1.0370355307208898        1.4467621182847450        1.4357171239413404        1.4776398800989907        1.2101783981518339        1.0314350261635490        1.4543870216063928        1.2627190254609593       0.92202560852793214        1.4568688834160393        1.1192361333405594        1.0560773942585671     
  0.85460983138239877       0.94954711928597901       0.99966594087725380       0.91995608367116455       0.93283455658744563       0.98513212650071702       0.93639263793771044       0.93955765221051912       0.99569069407626587       0.83124534565655395       0.94815219197571043       0.94825107076749382       0.94227222502287955     
   1.1050597665076203       0.91503862174353012        1.4191413157327410        1.2272450542398599        1.0374566819420745        1.3455533366587134        1.3903881406529313        1.2506768037710472        1.1469394326540368        1.2532788755625257        1.4371455632279562        1.1157132630218272        1.0753460995723623     
  0.90202150248229951       0.97419395943008102       0.99983889429740092       0.96034486260500140       0.96495774396141909       0.99232477698949717       0.96951658559050768       0.97035382060096309       0.99776164203377082       0.88142034735581176       0.97356710649736822       0.97289346278357658       0.97431585961005296     
   1.1786260767343928        1.2608432634654785        1.6348670346327461        1.2250170821240647        1.2366246367638776        1.4094531659320138        1.0136883221121642        1.1816232279506995        1.3354963816876777        1.3403257198518561        1.0772372795126095        1.1795795148901456        1.2386179682000065     
   1.0000000000000000        1.0000000000000000        1.0000000000000000        1.0000000000000000        1.0000000000000000        1.0000000000000000        1.0000000000000000        1.0000000000000000        1.0000000000000000        1.0000000000000000        1.0000000000000000        1.0000000000000000        1.0000000000000000     
   1.2148049631888957        1.0142332482560574        1.4695193601142038        1.3698920564064740        1.2434944012096945        1.3342528663158595        1.1385506627955826       0.89389969906700717        1.2475941224216869        1.1892103278226416        1.2439303767192649       0.99107247691142786        1.1853676546655278     
   53.607975603740961       -41.472255556338567       -5.7819605480422727        37.294550971587441        38.461426079904079        35.537106331980084        54.225247022301460        44.211082465464102        31.952233151093541        58.049797956720134        38.506010067742743        53.891657030969938        58.021192449539427     
   43.866710458514405       -35.124162307450291       -9.0952354555541532        50.054518697857517        60.632101768808987        21.390484337994291        40.218131195286396        55.536836888940577        31.952233151093541        56.313580825671906        52.407157796987100        44.176202119101390        49.364615781284243     
   56.729072523087552        45.563602592354222       -15.484920891137484        53.873109354691167        47.090225772595495        42.882678607066993        52.844039558715984        35.105834686743059        21.311143162796348        44.776291025002628        42.021917516781549        57.796052584242261        34.650446106609394     
   51.530139835620474        49.914965091985295        5.2555266616377274        42.551734271092357        39.629840439716219        70.053802499998937        46.201608262573053        42.115084835761479        24.267783719711513        43.683621113028920        46.009637223164127        45.924902413215868        41.839411929250055     
   44.855932375986100        57.861391655230463       -2.1635256233502034        54.338538952556249        42.748308076998086        47.969988496994262        54.919393508819937        50.608368314830464        15.216929449171094        50.910895798561057        36.223254359999530        44.419755828342517        40.647560983069184     
   41.912063882424924        48.022017837738595       -1.3095416938028626        51.235223144826229        54.178040094690488        42.969299571861619        39.148143613942018        43.938949786809317        17.424099758748849        50.257989677097278        28.270060757254644        48.671195044337921        61.225768314614463     
   46.672281591223175        52.407545537426422        6.3527531292865351        58.474899996893789        57.672626612443757        49.730841075853839        49.864390030046209        45.954909156348563        39.840569320084676        61.112951293523530        48.556429985909013        49.206735920658794        37.215618945763325     
   45.538173245137244        36.630252786050747        58.336518729108398        41.948235042778272        37.605487954296393        47.971535756312093        50.625627025522590        47.762888290427391        60.621283923461284        28.969117254545544        47.346203649668404        48.252893011855733        52.805831446449325     
  0.49258167930021929     
           1           1           1           1           1           1           1           1           1           1           1           1           1
  0.15277868145159540        2.1120921600161810E-002  -2.3355169438006584E-003   38.693222452472760        1.1683648360589431E-002   2.5801255123821590E-005
   3.4071539678183610E-003   3.1884532584018879E-003   8.2000194091423867E-004  0.67221551723553163        8.1882646655589844E-004   1.7954751917508419E-006
   2.8128389378299274E-002   50.081549563714717     
