   0.0000000000000000        0.0000000000000000        0.0000000000000000        0.0000000000000000        0.0000000000000000        0.0000000000000000        0.0000000000000000        0.0000000000000000        0.0000000000000000        0.0000000000000000        0.0000000000000000        0.0000000000000000        0.0000000000000000     
   9.3926660343852095E-002  0.29254189974070288       0.44590033187689182        4.0571827618072362E-002   2.8879538676226512E-002   7.5340322176169683E-003   2.7512526873588933E-002   3.2544797506467507E-002  0.60858254621681851       0.20538667428773444        7.8509824536921041E-002   3.1235037642147644E-002   2.2031039884603532E-002
  0.79952185489262773        1.4869791122262634        1.0378304769015469        1.2281929055028147        1.2011854931048886        1.2776506095658984        1.1480574605881424        1.2798969892859162        1.3984109382886056       0.91191571482318079       0.86943618393008859        1.2829951442631562        1.1094786476022138     
  0.14155440417944873       0.36373478538519988       0.62327591270985550        8.1279809548207904E-002   5.6524150305450049E-002   1.5013655153548671E-002   6.6791980744120849E-002   6.5725689391829989E-002  0.67983642033368008       0.26042994492882898       0.15649342091138579        6.6048646405051897E-002   4.5908612454277006E-002
   1.7790505225967301        1.4061173030478435        1.1305615003298579        1.2461048601571798        1.1550375946669360        1.1319536101623553        1.3279984065108019        1.2275999933860595        1.0547928440722179        1.1598054522326255        1.1226842482757526        1.3385139509649049       0.99811413261104798     
  0.16251504952751941       0.40441333557123244       0.73052484866976897       0.12261662998376557        8.4477557487765448E-002   2.3023524586515343E-002   9.1629043309157554E-002   9.7962374035755417E-002  0.74082897332352626       0.29193799337686699       0.20919757040956405        9.0210662358478841E-002   7.2471358263039160E-002
   1.1248629902255429        1.3651473137602097        1.0821382048343673        1.1583578829437629       0.94167911105821456        1.0646483291322604       0.88769555772008302        1.0806865311112483        1.2869015053623090        1.1591453808669423        1.0706180634115956        1.1620865706065171        1.4925232591843278     
  0.18103425401065476       0.43699671892237596       0.79069987258380392       0.16377657199847356       0.11306816301751062        3.2994060633828148E-002  0.12002461085413774       0.13517568823632883       0.77707423198482362       0.31577317866536492       0.23988533519359306       0.11700403493730456       0.10301168562681065     
   1.0535559535728907        1.4235581124897925        1.0861110868145332        1.1202808825628450        1.1921058317260493       0.96345468120206446        1.1176908376700834        1.1742812041420299        1.1969079341605011        1.0387304882835295       0.97469415837149498        1.4115783159531465        1.0133271850008949     
  0.20233242087756220       0.46714031807055317       0.84407489810991210       0.20762448034283315       0.14336114364174907        4.4448337219808461E-002  0.15173479817050486       0.16885232755689833       0.79566518154292631       0.33996642498233576       0.26415942095654138       0.14639433267101101       0.13093962273895207     
   1.0351688776792340       0.92537010469630854        1.0946412835580179       0.99986940120914636        1.1907329076702649        1.2202215786346773        1.1030632484582410        1.0539263469043605        1.0935835585026772        1.3637985842699403        1.1245505490397687        1.4461545619481417        1.1224070918402285     
  0.22350907719161764       0.49728135943858959       0.88090030850922885       0.25082913231489035       0.17608510332839719        5.5037557380358426E-002  0.18350415105205509       0.19723982837425968       0.82291236006996404       0.35668552819781563       0.29511377729286470       0.17792648318675255       0.16471546430702194     
   1.2205175093986502        1.3557041986833367        1.1474276122445002       0.98106696531109783        1.0740315439978252        1.3339097694553905        1.2122659516099854        1.2002392383502263        1.0059034944782312       0.93350578727330003        1.1761016849636292        1.1232693472082345        1.0824491278111625     
  0.24943105654055819       0.52341813336371712       0.90491699902303113       0.29837523178610481       0.20524449922116711        6.7418795775786300E-002  0.21605579793088242       0.22563441751181484       0.84088108132169559       0.37538190555777501       0.32187127561568085       0.20938127690138017       0.19793332532851052     
   1.2829504405238690       0.98942649127975646       0.97350011755390775        1.0174656076139834        1.2381901155257165        1.0463167052419353        1.0098262897099670        1.0911714708827298        1.1176242710222875        1.1256086189042125        1.1339613473833805        1.1545459065462154       0.96604845554644092     
  0.26877290087826178       0.55117228048733236       0.92235640134625507       0.34448434047550386       0.23746570962827468        8.0594730738482348E-002  0.24604481695702454       0.25347996710526521       0.85708145792292600       0.39361327658088979       0.35027901565944503       0.24636454848284028       0.23356168825499807     
   1.0492356440749258        1.1409997441935318       0.84318640325246430        1.1868009116379905       0.96996651076636153        1.0951753675892031        1.2274332418247074        1.0251259275662319        1.0282104356356487        1.1476460144746594        1.2313102767189403        1.1518905136857749        1.0323856236962068     
  0.29436455826317159       0.57220158578963942       0.93887094085524148       0.38443936568264930       0.26905420999614510        9.5492460727055029E-002  0.27332890093466816       0.28163030227182739       0.87325159614830739       0.40963410976112291       0.37728944046503221       0.28541681808749658       0.26309132977645228     
   1.0769474016891558        1.0809522842792834        1.2300650688159511        1.0187445444469094        1.1327187695145671        1.1566090756091694       0.98830936225536203        1.0323368571339566        1.0886119361529132        1.0320225720978076        1.1442454862092371        1.0510226647422851       0.93816197961742809     
  0.31631875890632344       0.59801520493217819       0.95181380316326014       0.41984267690200994       0.29809343847360659       0.11380853226094366       0.30156028948832253       0.31469887964743753       0.88470627764894172       0.42462294425132313       0.40546353039471372       0.32478840558382049       0.29904437194087863     
  0.97137737432600046        1.2181503475880797        1.1239309542300158        1.1529064088112519        1.0468414379382054        1.0043829709576124        1.0560242532312052        1.1383911477717223        1.0094366986810719        1.0193057499348435        1.2413336792493126        1.2329676919339019        1.1253546961454310     
  0.33658648887827453       0.62229635990877674       0.95895201580646738       0.45790798677809108       0.32867712405645749       0.13267452371000157       0.33176249895154347       0.34714993795491311       0.89550011211860725       0.43981174404703288       0.43672270587012169       0.34371737473158542       0.33686748452989113     
   1.1817063532684742        1.0296541273171778       0.98024207909525929        1.2811415970247362        1.0433564267164794       0.95320818508297567        1.0672057685144307        1.0623969439921681        1.0438476160641263        1.1768090309288017        1.3953258206816654       0.88559868524650487        1.0968521584587172     
  0.36005687103711997       0.64607270930579053       0.96626428933187969       0.48781871044276243       0.36021637760786646       0.15435345438087433       0.36179466045052916       0.37785543853120435       0.90508679790487712       0.45476246035181717       0.46280076696647227       0.39383367708168426       0.37614444295661659     
   1.2592756539265200        1.1065097536046036       0.86604431021038253        1.0192457980352541       0.98492445811452900       0.96818324459566074        1.0463930651223452        1.0322238532585144        1.0757992726264607        1.2049027621487893        1.1192603624645232        1.2134697510758343        1.1392722438224454     
  0.38138024390620995       0.66982995883065932       0.97177756774165769       0.52314535790267980       0.39164255694179251       0.17947856934603995       0.39317152324087884       0.40958065538124683       0.91370720173459297       0.46880021838583230       0.49851170866624211       0.42342406170412150       0.40777591791371653     
   1.0397197346535600        1.0866033391917496        1.1686541136706143        1.0565403529755921        1.0883839604108760        1.1985380251737381        1.0325958707394274        1.0278733152798949        1.1168152214063978        1.0189792779615670        1.2838928795020255       0.89181184975421424        1.1073563817517411     
  0.40420596578989104       0.69038611379814274       0.97641228863235230       0.55718004479287031       0.42461452553245460       0.20461721524806270       0.42538946552457879       0.43791045008763491       0.92106560279601268       0.48241838708007423       0.52531805062807480       0.45741736547873524       0.43915634229813577     
   1.2212601824398719        1.0092176373979971        1.0049651455496129        1.0799214625909417        1.1331330990953830        1.1247672820655221        1.3125775032703419        1.0803276579462959        1.0854431462080241       0.95825118083138028        1.2314778674125257       0.94451549866053985        1.1510965455540159     
  0.42889152581665496       0.71151704514411107       0.98018230080938240       0.59266284207446251       0.45872816893389323       0.23030136886594355       0.46000532032178265       0.47050952065098217       0.92793928486699095       0.49687036091390313       0.55263777742289588       0.48922765090194525       0.46960022140194174     
  0.96981613448925597        1.1155321684184905        1.0907440622204998        1.1247268550234137        1.0363073524956754        1.1567792086936990        1.2531488720949999        1.1324696864360229        1.0526890560821613        1.1130763974536311        1.1158549134008633        1.0508546797760292        1.1935475337887476     
  0.45128759690605508       0.73107456114030378       0.98326724133172083       0.62586646002210700       0.48754794297314102       0.25958613983028561       0.49270958566131867       0.50264760885949467       0.93476353433337900       0.50966856635912072       0.57911507197314294       0.52401284732594133       0.50025977355945517     
   1.1250954824137382       0.96794405874512124        1.0300668889024631        1.2085813236150087       0.98246586000276859        1.3507488163514918        1.0889513046649559        1.2311492297782787        1.0709799475435642        1.0259293174621931        1.2064277152702125        1.1230633604259832        1.3756071248974422     
  0.47418162051870838       0.75042569252328029       0.98625126175436106       0.65635725072110340       0.51631469172532962       0.28908691881825677       0.52327731995798288       0.53609237195982362       0.94136074398248015       0.52262290936174249       0.60392523275442267       0.55642290345710943       0.53262729012176779     
   1.0826237795276530        1.0512820301525594        1.1572876388039346        1.2563474713664577       0.95867112650482122        1.0296232090742750        1.1640264253009363        1.0938779928076432        1.0496627633557611        1.1700417256427118        1.0404231524580072       0.89230445278928605        1.1965066861719735     
  0.49609307590105428       0.76875078995985413       0.98875776769359791       0.68631210764813477       0.55171771309784834       0.32643181809321814       0.55459839310208836       0.56832334882996549       0.94748384014618847       0.53713354871964258       0.63243809171498921       0.58698699544226374       0.56369415981973336     
   1.1058964664066242        1.0042962430480060        1.0336724575168046        1.1368224585776228       0.96025241946572626        1.0136427548651026       0.99279937037108390        1.1278955613796509        1.2166410193252246        1.0359612147414552        1.3128171080589552        1.2292704814402131        1.0743490613194551     
  0.51894478770152763       0.78525257331177922       0.99069161624326230       0.71544916224684052       0.58607625718093759       0.36468396362107347       0.58641529826069505       0.60021348394574514       0.95326845605840516       0.55336459206021371       0.65876397201577241       0.61358431411319914       0.59466012779505451     
  0.98077263524963654        1.1114058456018072        1.1432372408716704        1.0748596192055411        1.0046957251958089        1.0448815668793341        1.1875377198552051       0.96888329277169627        1.2663160492870267        1.3127524786099729        1.0511332432216616       0.96610691045990826       0.98675378299160221     
  0.54511448931786854       0.80167994185497049       0.99223630265575891       0.74459218551649331       0.61617621147646695       0.39851792544197251       0.62375594173814175       0.63121928237099290       0.95856713393819337       0.56594949325081412       0.68430118985495303       0.64320977900620546       0.62708546548721533     
   1.1282385828397523        1.0495696509005459        1.0690958839398990       0.95280275952926308        1.3070215464874035       0.99929533506689483        1.0592516185784453        1.1214658476518127       0.96229309498809468        1.0736837803870720       0.94637706107360231        1.0213665758807844        1.3834778564163033     
  0.57163963140419172       0.81793859006940151       0.99356997238687672       0.77281299225807765       0.64463794478583747       0.44857093022368233       0.65532699601814104       0.66522303743757993       0.96316435413363244       0.57977016433608641       0.71139616873637990       0.67377303767747787       0.66007213491514727     
   1.1078003887397783       0.87350181771260449        1.2399303701071787        1.1419678717067605        1.0512118319470649       0.99183280169366617        1.1554123904503488        1.3598563218005733        1.1101552823613745        1.2790228586839893        1.1151348355370045       0.99153918736401547        1.0646947315593818     
  0.60101104261409333       0.83344238373815149       0.99475579375051781       0.79593362733596829       0.67575654313650457       0.48743445200700802       0.68915050330966632       0.69516377280789898       0.96724215375027023       0.59315380147302899       0.74083276889489291       0.70280389555831313       0.69367919522574295     
   1.1923969932632166        1.0241425078576643        1.0471757219866129       0.99294748543933342        1.0979519052901323        1.0000064273873981        1.1025628132520284        1.0351872699101357       0.99325407548411315        1.0287157077493636        1.0009738777554646        1.0849666889425058        1.0735247358083730     
  0.62121787074461354       0.84973810104892467       0.99575798253646641       0.81841974534593775       0.70721811411334057       0.53794522263910161       0.72247698866603205       0.72732268016105550       0.97107852727226895       0.60680116026270881       0.76850147057167140       0.73229622965163432       0.72887766932702769     
  0.87780381471665603       0.96307188079514505        1.0545776785133161        1.0439034003897760        1.2904273721498625        1.1129817676426867        1.0247100530912090        1.1608398582434354        1.0884970605101054        1.0679215958725856        1.1139739996148212        1.1437117151581131        1.0691767109139274     
  0.64415772252949299       0.86534977154992632       0.99653520316442246       0.84440795406247515       0.73376384843424136       0.58507998022291974       0.75224786406653288       0.76024244012934461       0.97456603473683667       0.62243604426561960       0.79494983787570517       0.76609331541740711       0.76396116634267097     
  0.89644952901796360       0.94069401029960797        1.0824668599167544        1.1453899279913837        1.0203929676530303        1.0562687117707055        1.1453480684586301        1.0688801546869382        1.1605290670014257        1.3563109867460978        1.0020346006697551        1.1609192447247174        1.2184539154857967     
  0.66942577477622656       0.88122696875712769       0.99723454050160021       0.86689417702296434       0.76933204382078579       0.63108963295932963       0.78186297831736218       0.79203835591088123       0.97755900833964771       0.64050467926881394       0.82176337029759350       0.79818106348165596       0.79718017533224517     
   1.0560967883354793        1.0364078322258625        1.1863494538254560        1.0644446008894894        1.1732339161361307       0.94763610201190851        1.0843802454295441       0.98346855996604787       0.94648971053088715        1.0793919352763093        1.0077788049025274       0.87155448017993065       0.98155066706794336     
  0.70025968970023700       0.89705499606852745       0.99782495462650433       0.88922014759045964       0.80252706822166775       0.67918531768540924       0.81275273634787315       0.82347809500080560       0.98098492843536655       0.65751297847414225       0.84918273241261566       0.83176298416503358       0.82852617168443732     
   1.0402607909468224        1.1263673727609420       0.98415524833054147        1.1490138500706955       0.95784207211462880        1.1169670751327261        1.2282060753217587        1.1283180170241354       0.99520618696683494        1.2409651813098939       0.96969606939323572        1.0631734513222804       0.99425414117202293     
  0.73347190262247397       0.91415736987322693       0.99835325525361107       0.91252521876010972       0.83739859732130995       0.73768074944765094       0.84434744744401247       0.85314651549085962       0.98445492533533729       0.67426352119004251       0.87622149221082601       0.86167939830275164       0.86244852500100966     
   1.0069973920967243       0.95895684809576076        1.1659620248479845        1.0578033520867087        1.1291254499295791       0.98809834900602755        1.1319190558082617       0.94328544248320512        1.0017757942491574        1.2193034261940510        1.2319171519138932        1.3133016816677323        1.0452111426498292     
  0.77184905914964697       0.93134602413648038       0.99875100022500529       0.93069320471794659       0.87064941230476200       0.79916176509520154       0.87408140906575371       0.88348246281533371       0.98740699370674989       0.69847167445897462       0.90289408303702623       0.88991837209432589       0.89305822120994260     
   1.1731572647882493        1.0481697868545852        1.1657078567962975        1.1458476865730840        1.2936379419933832        1.1048261015078564       0.86049126776188556        1.1576024347985110        1.0448518480628397        1.2179578716230728       0.93142319630066173        1.0076047381920810       0.99116108604255215     
  0.81161403903134921       0.94738832313605581       0.99908369509321571       0.94932683571872778       0.90403678288263578       0.86102300669230858       0.90693747722350782       0.91364782017842505       0.99009411518040746       0.72222852257261749       0.92927972835596162       0.91749091428084173       0.91904922145981294     
  0.98717607974960153       0.96573510264955031        1.0499231032512604       0.91660675113102663        1.1218808509437290        1.1952460824929376        1.0561112393072314        1.0011362438909135       0.87964219126790799        1.0320119179398919        1.0220602047168241       0.98598425822469871       0.94323014805495464     
  0.85188185145154272       0.96364219723809041       0.99937686822630056       0.96680835647391650       0.94095802617521440       0.90653603673196337       0.93765117012248034       0.94324563106266346       0.99279178897896503       0.75055488933758552       0.95249692933924357       0.94506236653546216       0.94329163023400342     
   1.1982106355093520        1.1017658438551865        1.5049787742223255        1.1193704714278438        1.4481693502886737        1.0343572085702237        1.1300400810893212        1.0036418328776162        1.5662959840035282       0.87538315393482347        1.0663041153165396       0.99144345038097881        1.0743750381459811     
  0.90695797083284246       0.98112027376189859       0.99967434392715115       0.98374935163477439       0.97153647506341123       0.94917627509679448       0.96140910795455581       0.97286001397765509       0.99593119650677286       0.81344271732390816       0.97463702860869905       0.97289680642222920       0.97051417146116226     
   1.2454937689964802        1.1512224702121359        1.3212547428198480       0.96069945072918339        1.0255780662313190        1.1717564170037342       0.91520463308758038        1.0880044836899279        1.1749545757252211        1.1254058666675435        1.0404532415428938        1.0690300046699834        1.0696178892382520     
   1.0000000000000000        1.0000000000000000        1.0000000000000000        1.0000000000000000        1.0000000000000000        1.0000000000000000        1.0000000000000000        1.0000000000000000        1.0000000000000000        1.0000000000000000        1.0000000000000000        1.0000000000000000        1.0000000000000000     
   1.1380194331425659        1.2633668441564461        1.1720167040811134        1.1426259223959745        1.0074519512174667        1.3941724740872570        1.1132545653631025        1.0611648908592433        1.1056505170465261       0.80781765910296199       0.96922860686399426        1.1101507186346959        1.1547922436649696     
   40.910792695260305       -31.776437179357124       -19.587538779482948        26.035792592034699        40.677736785849945        64.275439291122368        53.124301957772332        42.548715830817819        30.602980836900187        80.651787976592999        25.752005160088327        26.730162895620758        44.068315901223748     
   46.972485669152228        24.037721982114800       -25.862738199663163        18.946612169949013        18.819414978370755        52.243478955005450        38.775862776867363        27.838431532081206        27.485225287169136       -129.33991918213138        28.781332873251145        29.071535160738886        43.790535786854583     
   59.631859521051815        40.754391756300379       -17.255091912889242        34.250487097075833        39.236114093388260        35.813742644991152        42.010439646995820        41.129563956026324        25.323774585220104        50.086203242309494        39.802194813919073        31.710799294060923        38.560409549539287     
   45.760565802396904        41.251815538749646       -13.811989716085218        47.128211912841984        44.857990986527781        22.545869248927321        30.963844232880195        37.677352589808748        12.191096492099925        42.458577245358192        33.831243486033230        44.371875050378179        38.729672653374237     
   31.437165241351863        48.408839558953730       -11.327489681693876        39.869229310181936        49.842162548655665        50.819854361332006        34.785202395763761        39.559320831896613        1.3948474929586308        49.102039498724686        50.355389056042682        77.426915332085102        51.124959056804897     
   37.803543968766149        37.319735914975602       -5.9629539482668452        58.779144307747217        31.856913120079756        31.519822156078177        39.278495652942780        42.327674825469209        6.3529277134382722        44.155361328806649        31.953918891800537        37.923667084861833        28.861351095664329     
   23.191886992150149        58.011868555513324       0.38810501084873650        56.109677895205863        49.163473598407627        33.203560972857460        38.439463789372468        38.014603363443143        20.357685576840847        41.361413914438586        35.520155715445398        27.700621170730571        32.866507272973863     
   28.611407528344710        32.116239365467649        60.918164450657954        40.383215230696997        35.884749786805550        25.394192194087093        51.158720632183815        48.142932552091317        61.322242909367461        9.0590063614834726        55.774458548065525        40.938511386547312        49.758208034796340     
  0.27733120780723047     
           1           1           1           1           1           1           1           1           1           1           1           1           1
   4.9218258530119942E-002   1.0779958181955127E-002  -2.3662779529505220E-004   34.713752717784793        3.5863519942765146E-003   4.4708184421899804E-006
   8.5643373254829435E-004   8.6376012944620190E-004   3.6720695145568249E-004  0.84644883644390800        3.6689012873244265E-004   3.9154357162532187E-007
   1.6655533770567645E-002   23.556431668167814     
