   0.0000000000000000        0.0000000000000000        0.0000000000000000        0.0000000000000000        0.0000000000000000        0.0000000000000000        0.0000000000000000        0.0000000000000000        0.0000000000000000        0.0000000000000000        0.0000000000000000        0.0000000000000000        0.0000000000000000     
   9.4225221849249405E-002   5.1904872486889124E-002  0.28419106905339642        3.6760318480482952E-002   3.2893386763883870E-002   3.2226598441284483E-002   8.7543528949298142E-003   5.3851940001952127E-002  0.71709354319421514        9.7238650375266647E-002   9.0675167773935306E-002   2.0481743256182273E-002   2.7203327562362586E-002
  0.84824856273132265        1.3280510528591454        1.1005548272551788        1.0530832467131745        1.3808019383978829        1.4360749640674364        1.5239389678682065        1.1225261183063400        1.9007048091649197        1.1119207425009541        1.2340543062604774        1.6203643320609189        1.1794529893253629     
  0.14485351925942924       0.12167527567452818       0.46042094860893579        7.8326648034020008E-002   6.2448906617778771E-002   6.4718358907288720E-002   1.5909608878823863E-002   9.9779275294772568E-002  0.79874863459516654       0.13621561420602404       0.15128885220601487        3.9226413047953435E-002   5.8319081345301352E-002
   1.5510935012614431       0.96909595070916044        1.3353260308152501        1.3031507967526976        1.0526741591852931        1.1275110564733903        1.4561118756931204       0.92686049394672065        1.4080962020311723        1.3035815408669085        1.1460292021550460        1.1894360495654754        1.0554613932290622     
  0.16803459582489375       0.37675365536891925       0.57908607943040979       0.11434219015628713        9.5219778622632603E-002   9.5634707804452324E-002   2.2283304783567593E-002  0.14009920597618461       0.83434966483322537       0.15437245485074491       0.19070896009436325        5.8544367179950429E-002   9.0327698025981173E-002
   1.0707564409390251        1.0527624063330041        1.2074713464710760        1.2159623532320512        1.3560185732168515        1.2207599424135560        1.0977824356536665        1.0532414723026824        1.1032172179837902        1.1106155155257091        1.1951424175645591        1.2042459056455332        1.2519900476928822     
  0.18880083322218899       0.71698418371999351       0.67004138778057010       0.16104327281680272       0.12776613107849211       0.12529720137476805        2.9699374584945131E-002  0.17486018088699509       0.86035927899412268       0.17078173341668751       0.22568999418558428        7.8621474375931297E-002  0.12233218101952331     
   1.1722065309480720        1.2998217066487987        1.0165852837278420        1.3252772148692988        1.2208976354113874        1.1209562004601015        1.2997117545846522        1.2233503048186833        1.1559125746643217        1.1512399179585366        1.1284003459734004        1.2577081612180876        1.3514281042581804     
  0.21340442913428473       0.81593947937451539       0.73300866435238843       0.20254923085689500       0.15967397868224137       0.15529814139606218        3.7348101130364679E-002  0.20501467422248393       0.88084884641723293       0.18573958611828734       0.25265406884069858       0.10230704952630883       0.15356356248802583     
   1.2177158859084842        1.3187767459182360        1.1992573945527030       0.97950048810257972        1.1814797109809856        1.0698727297318393        1.2256722057431426        1.1890406682380854        1.2453133556162903        1.1082565633869828        1.0942849390107929        1.2249297568011064        1.1344184508328437     
  0.24004429525614773       0.89712362585846450       0.78096058942487556       0.24502929862110459       0.19240921488284954       0.18556111124559033        4.5845932558474946E-002  0.23708966395700395       0.89750661726439440       0.19994792039256720       0.27932699863861665       0.12849213493648717       0.18744526057154517     
   1.4067990256008598        1.1179576870752872        1.5826253985556611        1.0549130476011765        1.1391696505845614        1.0953704718535329        1.3653492890778423        1.4465902291271782        1.0886419922931900       0.95593597596356772        1.4616129305055905        1.2434276721615203        1.1720876229283104     
  0.26471073967150432       0.92454150584896500       0.81910086369100554       0.29543406715078691       0.22619399518879499       0.21622421743243697        5.5957854954486914E-002  0.26237333983102551       0.91184552491422810       0.21422657592394340       0.30735116398116974       0.15383194879660003       0.21405733399515561     
   1.1924600655505109        1.1073373738761554        1.2775277037820658        1.3456349769495237        1.0999030801843230        1.0689401570735266        1.3073228214022077        1.3300218111916526        1.3938075201617537        1.1398408786977978        1.3661414592679986        1.4187062679290587        1.1119699604623561     
  0.28708788306049887       0.94465676924155773       0.84786989177037397       0.33766403872454431       0.25922334825344268       0.24946899194848096        6.7086919319078717E-002  0.28920260074843807       0.92318431581812699       0.22808756016601725       0.33683715943822223       0.18156678829450437       0.25233562637929191     
   1.2033265867881828        1.1268320180265541        1.2303001082273113        1.1821555101433339        1.3610479563986528        1.3779480462224873        1.1314352100879197        1.2402709586345664        1.0505295661127296        1.4002846842403796        1.2800853435438897        1.5563465148282676        1.3755948322568206     
  0.31038156396569505       0.95706338313547368       0.87357073881306824       0.37636409326101139       0.29108516791369371       0.28167699948954333        7.8593934283483963E-002  0.31129435464210325       0.93192175231813357       0.24119490742010721       0.36402483448784206       0.21354916617491587       0.28516536125687347     
   1.2407966972195881        1.2275308799506353        1.1578203700424958        1.1514908186259478        1.2490154073130819        1.2691749532261833        1.0394802309656526        1.3824362991654300        1.2594111469173623       0.98820985661788308        1.3461249983739452        1.0993129129930648        1.2505484931294786     
  0.33429834507543166       0.96724243802734677       0.89203382012891841       0.41991989494507992       0.32084058396331344       0.31178732398879550        9.0197292399808199E-002  0.33543722383554314       0.93930040173940388       0.25408981902872613       0.38956538912368360       0.24366470659346318       0.33278779698847699     
   1.1509111768087885       0.98651569837275532        1.1883191833297193        1.2098955893844867        1.0889253557011840        1.0711177337539026        1.1430223791912344        1.0624296429645250        1.0207162065235467        1.1232020304597525        1.3806392540800694        1.1518558231451315        1.4878484489512696     
  0.36046004591439740       0.97456579302838886       0.91176007465497932       0.45731733250238082       0.35113201235820779       0.34056786176324205       0.10223467739838185       0.35721725041180930       0.94545079240696384       0.26749630307545302       0.41571888443065952       0.27951487904970335       0.36111655186114877     
   1.1607851041059676        1.2280902118468779        1.3055058218471871        1.1338855073028944       0.99426899303477789        1.1024354390423938        1.1115110981942242        1.2814096423916150        1.1084076307917503        1.1113337585477545        1.1638711368305883        1.2213856026815237        1.2516516233848181     
  0.38589321838854251       0.97983946305185365       0.92394194691515952       0.49452804367252567       0.38134413776389164       0.36798880049786381       0.11590469202469378       0.37957612519505690       0.95143916232163306       0.28094515452925667       0.44316321224640542       0.31652923269905431       0.39040358570222466     
   1.2538712923272630        1.2662939093958892        1.0411521361775455        1.0832096242852443        1.1366241080146111        1.1050625827450105        1.0274886260893803        1.2453275588024038        1.0539092132996093        1.0956801672852425        1.1835512905660526        1.4210061420122682       0.94243088813227349     
  0.40896622358921431       0.98393760286845144       0.93551098081512307       0.52888644181934252       0.41200009129680537       0.40185305493994977       0.13109486244470095       0.40289732265703687       0.95691020407353367       0.29391970421380936       0.47370343673241555       0.35092478629704993       0.42068689953687771     
   1.0946094693397208        1.2878990384889100        1.2710290861133615        1.3009008024880271        1.0827810158310651        1.2560232001901768        1.3409994209007614        1.2032297087280344        1.1809590931483558        1.0425314008794169        1.1597309816844006        1.1092359761687876        1.0718673439117661     
  0.43358028873376325       0.98711147136753452       0.94721427807949221       0.56456140668067367       0.44090482054277119       0.43528526596484562       0.14737170831943802       0.42784749938105843       0.96207055875494618       0.30756317138222639       0.50668403460543177       0.38569218852595782       0.45083294370559773     
  0.99004852011873645        1.1636005242503191        1.0226998740844213        1.2075956736571736        1.3094745015962410        1.3292856058256226        1.1068973752411382        1.1509418014877089        1.0956552715966985        1.1604616841595827        1.5928437995846387        1.0659391302994552        1.2079731470626687     
  0.45915534183359380       0.98961240739185119       0.95475624251195368       0.59835254170337648       0.46918435466709507       0.46593842315551415       0.16556298637408484       0.45930228047165261       0.96654022317052346       0.32222499992322851       0.53643009075316961       0.42313248990498015       0.48124164716447843     
   1.0725915411557125       0.97237341977241321        1.0174883917240174        1.0871004295323290        1.2810200030304155        1.2697610051620360        1.1666901168581916        1.1223625614555994        1.3321698348123294        1.3750138206726481        1.2104811500068657        1.4950897233723819        1.1042976866166869     
  0.48363748714533311       0.99157125573769922       0.96153093964895719       0.63113086265578822       0.50190560689255403       0.49854945735409212       0.18386038758461423       0.49561257603822689       0.97054119155322116       0.33822796816768957       0.56693062267110406       0.45948394380551916       0.51012868726227811     
   1.1931256326407729        1.0409687637781333       0.92692621408660147        1.4004893670018101        1.0513688388952735        1.1310692009869510        1.1830041198759520        1.0707019920795544        1.1618751829350651        1.4605989973064442        1.0510267445091723        1.0137559651493617        1.2663009963643015     
  0.50704289808534253       0.99318875312407984       0.96768578385868642       0.66174904227770126       0.53505077231715881       0.53196192762424044       0.20514354828830875       0.53279994558864630       0.97411167640478158       0.35380629310977518       0.59326960766178638       0.49783531705733930       0.53549708523784201     
   1.2471536212346481        1.2151372623505545        1.1909473948467406        1.1315314541038577        1.4571721573032008        1.3467604470942929        1.0520639632964950        1.3600060026628980        1.2875302490516085        1.0874290428659645        1.0108492946669829        1.0438423782541135        1.2760882693210140     
  0.53475318915256365       0.99443149947592002       0.97327168247996521       0.69007730189364835       0.57197359765192413       0.56157276601906059       0.22937190062203400       0.56736296673085684       0.97710230007105603       0.36873886144202611       0.62056332801766578       0.53728755752136048       0.56801253320379597     
   1.2402330981006644        1.0756631981527285        1.3956912043376719        1.2491419820684715        1.0994106588876880        1.1185376151846291        1.1483266421724394        1.2562815573196160        1.1681163843855220        1.4116426110642117       0.99538614862096098        1.0409051009262524        1.3010643067130272     
  0.56283278067596809       0.99551024471076988       0.97782343605851252       0.71686835246840197       0.60504594469066642       0.59432563326589583       0.25476333125589146       0.59430223589287845       0.97963407659613566       0.38645237728883736       0.64974517633226125       0.57631784188515345       0.59305821264182057     
   1.3047412685257147        1.0864086155819410        1.2189621219571802        1.2637936266638869        1.1111519442309250        1.2073896976324563        1.1679883308880805        1.2442741828297055        1.0736171898558950        1.1649789283852892        1.0770074199047845        1.1614016961655937       0.92678123430039339     
  0.59014138743190170       0.99635110687823070       0.98160407167955765       0.74233364720850448       0.63270216916362665       0.62315656925178964       0.28142853931783923       0.61610001221155430       0.98200317500227141       0.40305889019782187       0.68055289960705290       0.61205502984413229       0.62861665050495497     
   1.0390130962055082        1.2124149594002751        1.2110427458433253        1.1442990212580271        1.2536621641154551        1.1318779502235028        1.1008530859991328        1.0704689983995386       0.97271422552778741        1.3243227131299966        1.1579059558636264        1.1810241250844811        1.1646063051408373     
  0.61450976718574812       0.99712303813088399       0.98527738040122914       0.76651912578034831       0.66093377772435580       0.65647609995378375       0.30813485613728742       0.63622820903882293       0.98400562090152399       0.41994545395927657       0.71264310008166820       0.64376568370622722       0.66303398721013429     
   1.1334751317659906        1.1160854215733693        1.2148436725982221        1.1417540235159340        1.1320189487331209        1.2205424406084697        1.0366565347697365        1.0075795236719371        1.0477620490938422        1.1621799742033692        1.0320772737392696        1.0863626976772045        1.1720330135096986     
  0.63930468768316207       0.99772129506770846       0.98842857752338464       0.79306012718220342       0.68922707277960371       0.68607471902396011       0.33983854099857314       0.65620516176922172       0.98591995808591892       0.43761520639583895       0.74043279170144161       0.67375190486572412       0.69867228264901482     
   1.0170944589350104        1.1088690805269958        1.2666315114341458        1.3537678853451875        1.1426593991034140        1.0834893010395941        1.1965476869134675        1.0362056994664781        1.1614870057516182        1.2752485699355578        1.1027195142018511        1.2115237432776900        1.2072552458957506     
  0.66338883972644935       0.99821290642611282       0.99088112654941563       0.81841061462229348       0.71848735988288226       0.71553619271024194       0.37996376911647312       0.67841764287968509       0.98779989492744136       0.46211452285950444       0.76678214953096069       0.70973133868503091       0.73452035803928639     
   1.0996887833320925        1.2358350576863486        1.0553385685309344        1.1428607559333508        1.2673294107862556        1.1383172466879186        1.2292965754243463        1.2384568456545246        1.0341497394255197        1.3246619122747965        1.0931952274820522        1.1011447282620299        1.2696042899454900     
  0.69124983957500075       0.99866236657943175       0.99284414899699946       0.84256002520931195       0.75323645442339127       0.74781332674814738       0.41954012746761227       0.70164720790646640       0.98960699942231023       0.48194777701499847       0.79107546002323315       0.74385655609223744       0.76651964226743718     
   1.3385804061026627        1.1029440844989691        1.1763671461105785        1.2781287583072580        1.2097216522532943        1.1569071836982119        1.2710972020800957        1.1406864598529545        1.1420908892716339        1.1905358090915401        1.0965248553871203        1.1684447684916990        1.1026326084171678     
  0.72053565398443531       0.99899262514360643       0.99453534964990986       0.86597435110970500       0.78406683212147676       0.78333796442074555       0.45647676073867249       0.72472780856916241       0.99139745101463139       0.50730370270347924       0.81578596457123398       0.77585692499695513       0.79632464464049402     
   1.2645108321381757        1.4121591000641995        1.1374683756660939        1.2586874371489138        1.3096525270293187        1.3277629406280467       0.93795098042092506        1.1414182798708390        1.2218547302111205        1.3160966629104704        1.2196742307595683        1.1315157966578089        1.0562591178693626     
  0.75023814584744986       0.99925959629020344       0.99582278602206831       0.88628603998259958       0.81529269497245904       0.81774659345618939       0.50489935696155097       0.74750453682428764       0.99284204571244539       0.53106489861167439       0.84085316717323888       0.80762947111495376       0.82573128763684978     
   1.4081695198578399        1.3991203588616523        1.1215412331610428       0.96846796500149623        1.1201793801409710        1.1339261618781700        1.1212755113128909        1.1037527395379854        1.1276532259835492        1.0078660621529156        1.1182815226073115        1.0004751933932476        1.1472091637016788     
  0.78122540042979882       0.99946331993518900       0.99699415078566211       0.90398740257286458       0.84849989997361452       0.84880884344528784       0.55345451829836678       0.77299727751241787       0.99415044048196088       0.56837691329928031       0.86853806564693115       0.83774869201933322       0.85723315721901827     
  0.99288141722644785        1.2777744533485111        1.2383552277005960        1.1542221284780931        1.1955875020108111        1.1868026570773587        1.1222127972758351        1.2326918015413932        1.2427165206646897        1.3272146856299811        1.2968839523533224        1.0291456968634980        1.1974823096900462     
  0.81382960903437040       0.99962428727078734       0.99789066341171384       0.92069286578432064       0.87942850591877120       0.87621494209695383       0.61530333412427385       0.80472275364263512       0.99541243923683920       0.58721844568205850       0.89566327426336312       0.86887116964550104       0.88807002317415784     
   1.1305078347588300        1.3939246228797497        1.3581527304342693        1.1457940021422914        1.2241646843596030        1.2239247541281857        1.1312238085263893        1.4468981129158436        1.1884472009575378       0.94370322559220177        1.3441833390539351        1.1568208005169578        1.1799725707188813     
  0.84877630755727418       0.99974414372023723       0.99853895936571857       0.93925246981217902       0.90912756973422348       0.90346661841632692       0.67290466091215306       0.84310191531797130       0.99638703409078122       0.62050562942981047       0.91913096519110649       0.90200579298437311       0.91699331562520070     
   1.4605873869741981        1.1714012475583939        1.0321511323063564        1.0520644996281427        1.1979729741786438       0.95655697231636139        1.1763247536094263        1.1534554505437782        1.2079136500487528        1.0649311233977601        1.1165044571336042        1.0890480797901132        1.4335619687844670     
  0.89398056273870619       0.99983618433622712       0.99906314509107363       0.95895285239967165       0.93904241272896360       0.93599599447230275       0.74199823175856228       0.88484472614120357       0.99736546926164060       0.66336017864199615       0.94569836203106550       0.93410098083747151       0.94435226795610916     
   1.1604367573835601        1.2075352343067249        1.0797732445043411        1.0343881053250241        1.0763254961297273        1.1652311153706458        1.1219029097704316       0.96225527038240100        1.3054581497871780        1.2327205483550616        1.1634114121036052        1.0640844324537524        1.0514403133587744     
  0.94686539451216667       0.99992091584142340       0.99954277038693895       0.97902833726923422       0.96887482927585478       0.96990946511532417       0.84153675404706285       0.94373829944990284       0.99852800161143696       0.74742934115984350       0.96937446744310951       0.96688823120107148       0.97067138205514325     
   1.3677925764122087        1.1723722121546225        1.2215910889290911        1.2945344437389259        1.0753161293369389        1.3636678385639776        1.5530656183895220        1.2614123809858111        1.2266525795434959        1.4155168941755916        1.0364880039430462        1.1730715876395499        1.1433718779351356     
   1.0000000000000000        1.0000000000000000        1.0000000000000000        1.0000000000000000        1.0000000000000000        1.0000000000000000        1.0000000000000000        1.0000000000000000        1.0000000000000000        1.0000000000000000        1.0000000000000000        1.0000000000000000        1.0000000000000000     
   1.0602715026736391        1.3040839560291395        1.2109089629349858        1.3119149394187239        1.0910025836215718        1.1300985360628173        1.1396609749269544        1.3057507513844282        1.1298426277752371        1.1631865445256788        1.1630264857017201        1.1442661303989661        1.1472860274325267     
   53.900140938623025        9.5103679990979444       -16.559223336322546        28.444654607196966        59.094826151231722        54.270974149124456        74.911841143832234        49.580202011869318        23.952486639884338        33.693487387039966        53.530926695603817        50.463321900915865        44.013977348070696     
   66.293132526729337       -26.807909950204156       -3.1445957096323278        63.119535216996837        69.905146196790639        31.525967192962515        64.478174349809990        60.554238270980711        4.7894424028072002        46.465440056581500        41.396013008795968        40.178497050462560        67.554589616541747     
   56.681556999968791       -19.999406363537453       -2.9902086006879349        50.627712701770861        41.791180790030097        44.835948273043101        46.391162257376017        51.608994124773417        22.921435746329777        53.309642015038982        44.156369000262202        58.714203574677803        43.993412947601449     
   51.848251601453079       -15.891232265833029        6.3157034763023168        60.225612389578146        31.338883577024045        27.908684325060143        42.903064228713816        41.835387506352056        11.749265893811337        61.082982336450293        38.596657107160169        68.603077900346165        41.381718459807445     
   43.990144074588173       -6.9818635317390552        9.3163118024476788        56.335731200228246        50.972356263715390        53.077746404334746        40.383500424946774        53.401298447275103        7.3215757999723499        55.602780345262644        41.547153234018019        52.817742507581322        50.540758080682537     
   62.230474465852424       -10.503421859461998        14.483655520492322        71.049553495927881        54.940507385133365        58.899593345135926        34.954599920744513        41.106932299932730        8.9539758630420732        40.163171387117394        49.450815386525989        51.676083749195435        34.188856581625316     
   46.862720153445778        27.913362851101809        30.145614141735379        56.637515588498808        36.321690945997076        59.412642473495787        37.387660600257668        63.910381431818045        28.241956801686626        36.527672737569802        44.570509432163952        54.631645596596393        57.204764661003111     
   27.290283669112263        72.931941826901777        77.018284108428062        35.143098493648864        54.604794860718734        65.991659728917384        25.296905254929481        60.992967332644795        68.138236757636435        46.463638411474363        70.631852680383872        55.733880523726334        60.867946834338234     
   1.4291889386762866     
           1           1           1           1           1           1           1           1           1           1           1           1           1
  0.10709601436621523        1.0859292139589409E-002   5.1167443030896624E-004   46.389970820561267        8.3492198582721198E-003   1.6051095935605569E-005
   2.3795317494624659E-003   2.4277900510802680E-003   8.4392774006427013E-004  0.55619680487884204        8.4297826064841852E-004   1.3017760382376290E-006
   2.8412857725346706E-002   56.174208416050689     
