   0.0000000000000000        0.0000000000000000        0.0000000000000000        0.0000000000000000        0.0000000000000000        0.0000000000000000        0.0000000000000000        0.0000000000000000        0.0000000000000000        0.0000000000000000        0.0000000000000000        0.0000000000000000        0.0000000000000000     
   2.9607900091096324E-002  0.29297848314544395       0.24210878495371929        4.1938264951703726E-002   3.1231216414301481E-002   4.3100486136705182E-002   2.6588089477541366E-002   2.8361841374511296E-002  0.35527530387609485        9.3481274380209700E-002  0.16365235608287118        2.1020267121963278E-002   2.9359816479757325E-002
   1.7814043994618085        1.2104412078921900        1.2719869432572788        1.8007997973752625        1.6658007576819409        1.6649400508379106        1.4721509851828931        1.4950078645734770        1.9161506535043680        1.7622416684867721        1.8128013299912673        1.6899685927956045        1.5709214109081326     
   6.0164833672603786E-002  0.59641689354434724       0.40199833844666527        8.0048520330860296E-002   6.3078440548585787E-002   8.4633905060110037E-002   5.3520498028145416E-002   6.0334800034403502E-002  0.48022027317106208       0.11673737588223515       0.20997546529334163        3.8350489406933141E-002   5.9211672085517961E-002
   1.8530851139512845        2.2208081776462070        1.6472084878017723        1.6427924247547061        1.7117492769416218        1.4072328053573808        1.2905954434518689        1.3666939449501854        2.0566311254869736        1.6021793376579547        1.5041213764844759        2.2685067931772540        1.6239764558874688     
   9.3140677059618343E-002  0.63192117696423733       0.47485489270196701       0.11608474187160295        9.6876048512449672E-002  0.12754968653923787        8.0447678765711586E-002   9.2658613452403144E-002  0.52727205817670797       0.13542168461051773       0.25132612421417933        5.4428154269276108E-002   9.0365605802975077E-002
   1.4980876760782325        1.5291944599553744        1.9687727830890474        1.3395206145003384        1.7729202159926676        1.7162066031606338        1.6015880596470791        1.5631026764372749        1.9461555811499336        1.4223278526068031        1.7717621166549484        1.9682780653528764        1.6858184886473240     
  0.12542551839673316       0.68000301520233786       0.55231656180568578       0.15462302413897680       0.13190744601150223       0.16868268341453771       0.10798321433833782       0.12744199232172884       0.57643104915026644       0.15094396277477148       0.27439928939286201        7.0279006102883596E-002  0.12338735680985280     
   1.8326326181369090        1.7631590451360717        1.8595387942140746        1.6576993961725588        1.6326935883289651        1.6324405608732284        1.5026736610647797        1.8208671530306695        1.6986748306029020        1.6644831501823165        1.4623251073991346        1.5406961162420356        1.4500060944222137     
  0.15488732569963493       0.70711105336008939       0.60087840542350712       0.19274470912638789       0.16406899302685046       0.20963084476990179       0.13861719082033749       0.15667679347825045       0.62131446041161531       0.16302236852707191       0.29815309174675753        8.7235727295008891E-002  0.15650494028721040     
   1.4672303636495116        1.2420338282708590        1.5847147874250045        1.7001244580664892        1.6176847878745393        1.6145615731874536        1.6078238158053284        1.6145610790492888        1.7996767837980328        1.4841605861290115        1.6315738480938569        1.6064532562750697        1.5768322536369428     
  0.18259027623721991       0.73800631113288262       0.63475595081424696       0.22859469811969607       0.19508259527531702       0.25201617489042877       0.17088115826832886       0.18631686661414690       0.63781524291180836       0.17481878836335812       0.32243299976309520       0.11327466856856835       0.18629050682468620     
   1.4423046214573296        1.5645165168049222        1.4746884813351646        1.5334169366242345        1.5569147881110939        1.5307848238213133        1.5440905366900224        1.7840093076580112        1.5848780470419450        1.4923619652709967        1.8268395946078160        2.0082531886778408        1.6416119454951346     
  0.20937803918972189       0.76438661110055250       0.67366863408244482       0.26398219701084230       0.22860190323747409       0.29625078461630727       0.20376555097443289       0.21587669749216828       0.66307185393187285       0.18608307346752045       0.34860095448865092       0.13605756988551745       0.21402397587157806     
   1.6273439611050831        1.4569139158743463        1.7012514133115828        1.8049113153586098        1.4209609259205187        1.5713914831362517        1.8403908866470391        1.6692568520753959        1.5488717486624943        1.5500567659488522        1.6143401160265622        1.6837669009979845        1.5794176295331079     
  0.23776338051848908       0.78547050434319010       0.71362644765155470       0.29801663855924221       0.26204529169360447       0.34124633014044720       0.23700358419562606       0.24444831419944982       0.69056628876479864       0.19689893777107004       0.37369002903736176       0.16074616549273399       0.24487793056310556     
   1.5637686620219660        1.6881275465930767        2.0428087774127941        1.5913939430685633        1.7560764086378442        1.4470291021770163        1.7304423693130551        1.4566116430310720        1.8131753447401222        1.6570347147490814        1.8736002015650044        1.5479160802356811        1.6059395006344817     
  0.26889156246059986       0.80362305836456394       0.73902178738573898       0.33081018056328765       0.29305653044328595       0.38606760690761704       0.26988285507336385       0.27546389081286698       0.71431743866368536       0.20737333293384688       0.40028617668836636       0.18495692658269886       0.27842732059527681     
   1.4311070631808749        1.4330967133192607        1.5346368165867765        1.5526424000346133        1.4387466489233469        1.7573510381860280        1.8374082678464210        1.5916770939379525        1.8006140027553321        1.5075423832132229        1.7080543145355538        1.5948797272002710        1.6184190974934616     
  0.30122705171625680       0.82152910518908828       0.76595401533579111       0.36238918732257286       0.32335094390123931       0.42326732413745505       0.30194399692858187       0.30732970104930851       0.73008387830957733       0.21896852593411559       0.42682036344322277       0.21069601822883299       0.31125350924421985     
   1.6962552522293743        1.5190596753684242        1.7486687453451857        1.5979072751117303        1.6795015103650481        1.5932322503216869        1.3795291219960659        1.5790736052790422        1.3946824958152759        1.5464418411870224        1.4414720689682663        1.6241814740529656        1.5571609562523281     
  0.33375419989296939       0.83920373905359713       0.78851646667247599       0.39117244809097401       0.35022168658490660       0.45664432378221642       0.33455404880782791       0.34387354894461886       0.74560440408985851       0.23131465366054391       0.45280965945574714       0.24000116231820026       0.34388319393903771     
   1.6232341639884866        1.5505073328844812        1.4078935274878621        1.6684172195115838        1.4222514152571371        1.5413279344077764        1.7391052170661410        1.5147825193711411        1.2623739267628327        1.9557809985827315        1.4897772929523916        1.4758354589559464        1.5167292082316264     
  0.36567533117244300       0.85397676537471201       0.80818326532099372       0.42326836983683847       0.38154936106968157       0.48902254896305675       0.36692665292800791       0.37803626417724084       0.76005420366668897       0.24286946655660693       0.47985619504493149       0.27088764235064777       0.37306550077165374     
   1.7127283396831932        1.6374150296524108        1.4203805261391382        1.6322045106609124        1.5413339129526515        1.5223716351811636        1.8477643759690443        1.5869612113917348        1.5748740135103358        1.4893837059266328        1.2937197380198033        1.5463390030477748        1.3708672379888693     
  0.39691549108789853       0.86706890290237892       0.82605375170251105       0.44909200326389048       0.40954126622026088       0.52124126604784671       0.39820195743957831       0.40396938560379120       0.77483241324205343       0.25524526794965752       0.50877404091450495       0.30063953965065865       0.40341967593728068     
   1.6926275753819424        1.7110399212102800        1.3366035759130059        1.6120950899977393        1.6311078907125094        1.4331282790714106        1.6169635861529492        1.6000105012622261        1.5028840690199490        1.6332659614662495        1.4676364672645190        1.4486656176351504        1.4828460927175910     
  0.42945547349956265       0.87879729820298846       0.84296689286911120       0.47526478206199063       0.43909232500196449       0.55497991724179718       0.43000429973291510       0.43196248111366670       0.78802727382334858       0.26869391933911391       0.53925798812050585       0.33430448480542957       0.43355793907350537     
   1.6820602653713110        1.5624093121028799        1.5364701603687718        1.4743464545222840        1.6805425365641673        1.6858336710765518        1.5948357244324141        1.4614424383357516        1.5030035957883345        1.5820041800419569        1.5044451819101301        1.7966861762927866        1.5368612344470396     
  0.45885123048405324       0.89032125579489219       0.86069955476289084       0.50233995362100281       0.46780154100377103       0.58877272263649783       0.46075236243961276       0.46475621142424695       0.80074559043996296       0.28343707313991134       0.57099692681398995       0.36705182162891420       0.46020335050996880     
   1.5639672841204935        1.4052627683813637        1.4468990619132220        1.4627481038758714        1.6050845107786411        1.5926321430273338        1.7190086921214485        1.6129708145200525        1.4930402722095200        1.8406181550582452        1.4223502982533109        1.4977144268807046        1.4521181353500159     
  0.48868530099989865       0.90138072422788340       0.87769420561327849       0.52893006720120717       0.49818109298422819       0.62058009704691230       0.49049995008836733       0.50008638545057027       0.81425173250540805       0.29841145936317409       0.60067364212287822       0.40017147320546342       0.48471239948807682     
   1.5317810334961364        1.4595903484258643        1.4302714146524400        1.6777048051433625        1.5615318840891692        1.6411021667723464        1.7871693776181714        2.0930114944419063        1.6121204377959468        1.7103131341133500        1.7044659224339402        1.7301959081919984        1.5223438476875184     
  0.52042003553760641       0.91036607929254776       0.89323154978439978       0.55582761747939946       0.53065038245579277       0.65103784566259992       0.51939222615708258       0.53403823890185609       0.82743931294540130       0.31263748136565644       0.62772400184942556       0.43032556786571702       0.50636478678669483     
   1.9232839066241676        1.5716542437037011        1.5549563402057227        1.4408960344546569        1.7014979694814254        1.6823043059176495        1.5069228970036732        1.6943306555724851        1.3860045613297907        1.7282874962877892        1.5489681190497138        1.5639846292972905        1.5031992227685911     
  0.55087485874468278       0.91979287844312485       0.90543778151780885       0.58380583946352949       0.56259571094950511       0.68187461106944536       0.54830872420568721       0.56482919388680675       0.84000013538897211       0.32637732448789425       0.65513932686939536       0.46073912546507090       0.52921846913653137     
   1.5009067113281727        1.4737385757271528        1.5237269274996230        1.4610476406648092        1.5744767099624548        1.4713600120845984        1.4197601536427917        1.5895280975861195        1.7441156997169625        1.6719039224668582        1.4638548094241093        1.5568609580929051        1.5421817379255576     
  0.58172686572660626       0.92756216644767997       0.91678784105517064       0.61417828653856799       0.59300169259805224       0.71301087316454936       0.57975813604234006       0.59572944654272919       0.85094126095077460       0.34138223864634937       0.68215137556952865       0.49245125748923180       0.55488109485957238     
   1.3457485499587585        1.5649052090990354        1.5582539944793026        1.5084864113833578        1.3569112903692968        1.3548133972922012        1.6337077872324497        1.4700991789733631        1.2831028999180869        1.5611285132518284        1.6655731186544176        1.5974061319839377        1.6875860679199890     
  0.61265548350713639       0.93626650684323065       0.92596630465514862       0.64939707454930906       0.62254648192442896       0.74263828711332081       0.61202438446588936       0.62593919406338816       0.86184901786101409       0.35846053826489060       0.71129936506121338       0.52495460308139152       0.58025871458780975     
   1.6116788671189017        1.7016725439076115        1.5325129507626403        1.6622759775551887        1.5070757635081924        1.4689489549132644        1.6942681654597267        1.5691032534128411        1.4158580627999096        1.6162316988420748        1.4519437117819636        1.5158470398619668        1.4475738071950710     
  0.64054339319802034       0.94341149397842616       0.93619463264329983       0.68169174836984681       0.65069611588835397       0.77137334215142317       0.64559082711213400       0.65778207722609427       0.87231906131480996       0.37798546497514801       0.74011510052079210       0.55771057705835492       0.60879850106301525     
   1.4918764809210010        1.7715676027398806        1.4631051995310218        1.6933340208920489        1.4877492774213095        1.7506806404958821        1.6401802925613866        1.7419537298250918        1.6167637439749662        1.4846208791019546        1.7088325634670751        1.4996912891742935        1.5320702109937123     
  0.67111505828183160       0.95027431261241424       0.94526216522172957       0.70851205976699827       0.67910088535233293       0.79972094390204995       0.68123442601627926       0.68975415588320599       0.88310798895838005       0.39571070928964963       0.76661770258237572       0.58950249828181567       0.63913055861243850     
   1.4347993457377892        1.4819120074972363        1.5962446873317666        1.4736144092841750        1.4549580363135368        1.4901623009496345        1.5964598827408023        1.4755290732518982        1.4594619331174545        1.4288357482582659        1.6296662249834459        1.5514895032731379        1.6372357278434564     
  0.70428971384400207       0.95607156459358300       0.95468293981746566       0.73519256965617252       0.71168963727198409       0.82671838878247483       0.71539619907251650       0.72179897553256478       0.89353111707150745       0.41475400021278902       0.79228874269988858       0.62233821539011236       0.67228219872178119     
   1.4792134532873902        1.4025230266324713        1.5224576796844271        1.7339446938682666        1.5629122727035469        1.4887409538798400        1.8042721562175321        1.6545737053453666        1.5084712105812024        1.5299326763804775        1.6284741536575811        1.3202625898420066        1.6558877048012162     
  0.73621587093340612       0.96186624358986761       0.96266643180706546       0.76455566980231349       0.74105748469758459       0.85054794683689483       0.74496124037139155       0.75382808109200372       0.90355917586621548       0.43320907557002991       0.82030431938567816       0.65519405460590030       0.70982889172834196     
   1.8770055364653306        1.6859759197104824        1.7048645909164351        1.4490459538185922        1.7103867207297390        1.6507180752179709        1.7629089125910158        1.4506098788739150        1.5603641809069071        1.3331010150577483        1.2942821108593567        1.5662946540730096        1.6131895837859938     
  0.76892671239555854       0.96710845042646820       0.96953912412464716       0.79292956951333826       0.77116268898619877       0.87119423635808768       0.77383373253272847       0.78394896040710182       0.91352157019762936       0.45492012839356943       0.84785768248743265       0.69188354372172600       0.75131649069096151     
   1.4573212294568716        1.5284948791329618        1.6314026507324777        1.6790497621350058        1.3663896169136127        1.3005956718361269        1.4918736827642685        1.6581696161421269        1.4603526989986317        1.4454497660042880        1.4146713735016170        1.5422842172844813        1.7697979135029840     
  0.80058959142271813       0.97254444617361380       0.97511368864583381       0.81906264484575053       0.79901323439247096       0.89184981497423876       0.80304693729502974       0.81569437319325588       0.92366350208691705       0.48065373509737053       0.87266209383831883       0.73195700485083015       0.79206813118080210     
   1.8078857962176089        1.7843957961446240        1.5549096358633760        1.7244982766620383        1.5195941026574120        1.5569285036409970        1.4301299998136532        1.4782472089126781        1.7326430489062057        1.5343319128068988        1.5587167310579124        1.5323042583247459        1.8780138293715019     
  0.82974192367680144       0.97777222102359662       0.98036771521758581       0.84888955305609737       0.83206856905638604       0.91137230193427243       0.83559368696292413       0.84867886040041252       0.93451388492901721       0.50652049564150214       0.89562101484999845       0.77479094168870122       0.82779668032407372     
   1.6748628468156728        1.6520404041450552        1.8183549399575667        1.4107808382440812        1.7367713120462729        1.4234313206277811        1.4582282650452922        1.4633933089153164        1.2933040789930239        1.3506827100511452        1.4444091767620648        1.5177930642413191        1.5242870875377394     
  0.85925356247319640       0.98310113382349351       0.98526547189285130       0.87928153408105003       0.86577392016553167       0.93348079217458324       0.86882373882531505       0.87978165975660805       0.94437725812707318       0.53930734404196135       0.91561365109801029       0.82322815015382611       0.86365958882816185     
   1.3024436399110721        1.6805502670859527        1.3999851471343256        1.5131594538681583        1.9353410699710329        1.6430675507710766        1.6105151631363275        1.5467270959259809        1.3783016306533395        1.6366478650969121        1.6350088352317300        1.6068143135320228        1.6999007931990768     
  0.89492214334088893       0.98754114657775294       0.98971144866739957       0.90912720202625152       0.90102573506944850       0.95349729059534827       0.90362787068715300       0.91004190562031040       0.95475731312714185       0.57401205176654679       0.93566681797376516       0.87148455246825995       0.89886770661208315     
   1.5563140068201939        1.6639218546622569        1.5830230081306509        1.7711808613569959        1.6556245883682421        2.1771403884281599        1.5495960236780351        1.8849672246343789        1.3703777873223584        1.7911374436332943        1.4440343264849118        1.5241907095475129        1.6791644297737280     
  0.93145968962585679       0.99166824973426571       0.99334733972833711       0.93872557475938900       0.93358494104295020       0.97056898978738249       0.93604399972637331       0.93851190119048344       0.96596418841716647       0.62275750169157085       0.95632803233642527       0.91667605557303300       0.93388181217772803     
   1.8250590492963692        1.7483418401596675        1.5454868962814448        1.6112038842251410        1.7169524252178083        1.7232650538359511        1.6494762386482282        1.5267889187062804        1.8240887202393199        1.6352686298387902        1.8350431705587209        1.4396214055765653        1.7362307059737514     
  0.96668343584173844       0.99584309458564246       0.99675369209196429       0.96949013175549181       0.96765438614828347       0.98580638888450645       0.96712643438647439       0.96800435964346476       0.98066881190453692       0.71729950918048901       0.97796094632400210       0.95874092286480528       0.96714798213145581     
   1.5720422826558786        1.7604563527924511        1.8712575054467320        1.6282861480862958        1.4587792846097916        1.8233882018684671        1.3140270416427307        1.3222839026445188        1.8866725136159588        1.7652555933123109        2.1270290635648008        1.3988361436068919        1.5064782908678302     
   1.0000000000000000        1.0000000000000000        1.0000000000000000        1.0000000000000000        1.0000000000000000        1.0000000000000000        1.0000000000000000        1.0000000000000000        1.0000000000000000        1.0000000000000000        1.0000000000000000        1.0000000000000000        1.0000000000000000     
   1.3074936094112299        1.7995229736976421        1.9469606824551347        1.5222459316601651        1.6195891028417309        1.7913128225144470        1.4485189461998340        1.7845172799084457        1.9086158521437853        1.6701567295957092        1.8353855869172833        1.4340120966631913        1.8081262137456118     
   10.581381903883724        11.495449772409053        21.073699086191194        6.8875398650523758        5.2068958977957047       -1.2568827848322690        3.7292926809354219        7.0947543034479077        3.5101277128201946       -4.6460474494452368        2.2600857940902679        7.7158223833865183        3.0593179081400552     
   7.1870487169380910        17.298343766734938        17.396017798759004        6.6820732841285659        3.5704877581674266        4.5975891930332242        11.924911878106386        10.787843201206138        4.3747900667766730        3.9699770829229726        4.2833242226895907        4.1060672320990008       0.98940007094624605     
   3.2326425261016336        21.399233194756842        11.048077088012288        1.4172030596307659       -5.9304150303532293        2.4099226721949019        6.9016801354093724      -0.60168779490894597        5.9299168170849059        5.0118696213917850        4.8799801305200132       0.50519526439427065      -0.89546661061423072     
  -6.5629908165449757        18.875406091325068       0.89417694014221261       -1.0362592957651831        10.184144282285803       0.38659843509616065       -2.7238834123821678        3.7059748139954953        4.6901153212541065        2.3723840602152286        3.0339666423185969        4.9541501548566371       -5.3050843389001541     
 -0.74595748073568657        14.507793906595122        9.8094811089242864        2.7434187906350078      -0.45589537556521087       -2.9062460448126943       -1.3227535010864728        5.6485616734065864        7.6987806984383456       -2.6015579145503884        6.9972216121999393        2.4819826234020428       0.49849651188505950     
  0.24401737038030102        16.796454612928635      -0.60569382256981141        1.5062453632001476      -0.81255514620927549        4.5851761068601276        1.1291892284701217       -1.9125617172994027        6.0222298628080910       -3.0762173437435267       -4.6922853632305683        1.1973392301788683        7.7426169557704521     
   3.2696550022106390        7.1138493388071238        4.1506775331554220        1.9264220888424939        8.4051239132009439        4.8320954685484265        1.3259198271163672        4.1307985672838718        1.2465412020451054        12.707714296112204        1.0530081353656975       0.52011987853519592        5.3058883215832839     
   7.2140568057995313       -6.8116855913330268       0.41363126020449270       -1.8089823348449712        7.1236254383828523E-003   4.7523076579065577        6.7859611320565074       0.20309068783920470       -6.0115983446397481        11.172134384113768        3.7285055877755995      -0.30895217462650093        6.2926316766907657     
   9.2681171854310218     
           1           1           1           1           1           1           1           1           1           1           1           1           1
   11.532617115251377        3.7682388598066905       0.12161255898643035        6.9752759556969623       0.28055488729671524        7.6405763509328933E-004
  0.14740652398114229       0.10922936945956871        2.2152607235078503E-002  0.33981913002494468        2.2131889774983191E-002   5.7318746324782827E-005
   1.8324258616693682E-002   1.5332799630041143     
