   0.0000000000000000        0.0000000000000000        0.0000000000000000        0.0000000000000000        0.0000000000000000        0.0000000000000000        0.0000000000000000        0.0000000000000000        0.0000000000000000        0.0000000000000000        0.0000000000000000        0.0000000000000000        0.0000000000000000     
  0.11871763833078988        3.7434279402333910E-002   1.2201943229452580E-002   2.2928728913311165E-002   4.4055007114214929E-002   3.9717316963215114E-002   2.9075971133786741E-002   2.4585831505618438E-002  0.33955127276586677       0.21105604051251928       0.19361281663334576        2.0184382309458959E-002   2.7145760432353179E-002
  0.91974145067465662        1.0479042659548670        1.1469704428612337        1.0552355004849743        1.1125948888095762        1.0409218997775638        1.0829355382964547        1.0026703214819930       0.99888899745993742        1.0644644383018682        1.0343402610498147        1.1390747846698381       0.83508677211258808     
  0.17053708463759429        5.5117901894867233E-002   2.6807683341302260E-002   4.2556716292976249E-002   7.6457678350572364E-002   7.0982651428342564E-002   5.8285496036833702E-002   5.2344182735454506E-002  0.45560000924356592       0.28111903400340676       0.25367681035914619        4.0416229928932998E-002   5.6646861351950684E-002
   1.0134154263594388        1.2958376142618635       0.93758359361562227        1.0348647850253292        1.1016741546327862       0.91382743794208121        1.0303670555023912       0.96949679638492481        1.1422696807805528        1.0205582705229788        1.0122744310796179       0.99998023104874878        1.0102519554767997     
  0.19924266457900186        6.9777867519932854E-002   4.5685311090922741E-002   6.2565011376302757E-002  0.10145031108382935        9.8125574579490810E-002   8.6879035980726244E-002   7.8853307715099005E-002  0.53676067760934976       0.31334439067141540       0.29272955398054978        6.0916037723234631E-002   8.7351642437798374E-002
  0.93143986179869998        1.2736369881516629        1.0863108967956872       0.88880754826331854       0.92362591545285899       0.94849742821285432       0.97381745710222789       0.94134304257046963        1.2668815012986223       0.89007675162623023       0.93037209399186482        1.0128259407593185        1.0649625142136421     
  0.22541504450047758        9.0909465529539227E-002   6.8342551180102434E-002   8.4304605621767878E-002  0.12739384327918221       0.12429857808438877       0.11582687099559928       0.10254090970816569       0.57723695550830068       0.34168791802528115       0.32036612526981179        8.6611688784021312E-002  0.12392418893362925     
  0.81848734021700753        1.3349430562267988       0.91327132330861216        1.2574477990036543       0.79503135509428025       0.92501919508903507        1.0299643389308346       0.81551651447045770       0.97704926221786470        1.1627123717355425        1.0992299502188643       0.99550217088128468        1.1162386844088841     
  0.25272084589908672       0.13774029119754988        9.7534099520563855E-002  0.10850487505729678       0.15920032158722780       0.15055005803013866       0.14734105106336814       0.12619866266383264       0.60664345579337919       0.37013753614067096       0.34525234539449962       0.12066138140159266       0.15405770796327642     
   1.1441128417376680       0.99781670224343200       0.91243591266022783        1.2605652075798714        1.1727963909999815       0.96109009911197307        1.0976003664495955       0.92036426378882219       0.92960340952613252        1.2127981757874675       0.90903919635064034        1.2196966444795132        1.0231533755220741     
  0.28176624556033175       0.26823986474446643       0.12665743397238194       0.13471408684055125       0.20139201281348454       0.18525585672035710       0.18045722867904482       0.14971187782329104       0.63816576122477631       0.39745987762491058       0.37047420138437143       0.15100877998541154       0.18611097418980360     
  0.88815424022312039        1.0484926682793083       0.90034485797720309        1.1316555910109103        1.2302811248784364        1.0717114416355473        1.0646266311339878       0.97008446444215390        1.1662019170273152        1.5794532604098819        1.1158851192653874        1.0553900387058639        1.0660612624469785     
  0.31252926587330998       0.38077267709722440       0.16949715220867750       0.15673063971241905       0.24340364097655559       0.21711936355968495       0.21429336955730105       0.18542468084852903       0.66394806279189533       0.42114708168944603       0.40078017277428257       0.17990128282935033       0.21652626214728618     
   1.0588695181181151        1.2515360280664336        1.2188097270831757       0.97194900942610840        1.1384955562216263        1.1650565812473135        1.1122824653528189        1.1447495600046402        1.0131908100302753       0.99265691882414586        1.0963075821460353        1.0260527493743192       0.79725824862994499     
  0.34895808694881641       0.45853977569675131       0.20316964719325228       0.18060412224067218       0.27904074593613898       0.24870932191822606       0.24536375906887309       0.22526149894730207       0.68950257358722000       0.44204787238542492       0.43165674449149222       0.20657035077864738       0.24343851757910409     
  0.97361387439582825        1.0122065100025193       0.93434695919617050       0.99439402583333036        1.1416314740446851       0.93147859791153775        1.0354564583842327        1.0962842805109692        1.1802647984865682       0.98326503697600875        1.0518909275309558        1.0195845511807389       0.99705526044354431     
  0.38767655283815150       0.53559574026063295       0.24682929338395410       0.20042652218966719       0.30804662166345131       0.28319193423338573       0.27468911172004007       0.26716456531832461       0.71351643258280462       0.46228986733551714       0.45722651532189701       0.23242639807929644       0.27458999085163033     
  0.91174455026926760        1.2000364096482485       0.90729599959440044       0.94525517603603271        1.2100221327930616       0.90806136071932508        1.0188461869159857        1.2336433681640169       0.99332187574114450       0.96274176703104442        1.0135973781820202       0.87538900311666645       0.86004811182723884     
  0.42408719270552453       0.58555588899551181       0.29482810680213539       0.21870199749296823       0.33546371103919237       0.30831333308130332       0.29872895327584009       0.30416806962698650       0.73182169481235515       0.48038801621078780       0.48453119743484591       0.26051561696032538       0.29951985864602754     
  0.97664155663826024        1.0746747196463540       0.99026950936634384       0.94122359566974045       0.93491452020227361        1.0230231361071398       0.98788479780092919        1.1207484268452190        1.0262176164349806       0.93875019588660813        1.0990939376258049       0.85829083641977932        1.0079328474490552     
  0.45595305820716486       0.63664138911856949       0.36185833923764388       0.23965664415888802       0.36376874359067118       0.32916046900382301       0.32770645014412747       0.33783178441191153       0.74750330333516435       0.49810444395800701       0.51135121282874219       0.29280469014449340       0.32520807327974938     
  0.83300574876943845        1.0669348413594677        1.2270649141811181       0.81055537760650365        1.0287233551273485        1.0275253107263174        1.0748501583036785       0.85843528784157197       0.99980902339538935       0.85090206441542038        1.0514466398667424        1.0796221247497793        1.0035510725052448     
  0.48589473479767281       0.67033467343179132       0.43076016895675595       0.26113412527855795       0.39266484676307428       0.35034195496725051       0.35781528039115446       0.37407894490293986       0.76147974331933865       0.51613752743687002       0.53733733032113662       0.33236426464368851       0.34907939634050972     
  0.83148010753751367       0.97528382874442265       0.94426937516391463        1.0978854446188606       0.87497310132552075       0.89800510108938891        1.0801877941795639        1.2180736266565659       0.81546991929012813        1.0597960551679950       0.92997107252117617        1.0240464559572569        1.0412749219490436     
  0.51700363814752714       0.70939753970664410       0.49400771344526584       0.28333478726109446       0.42016584218700109       0.38331937764451418       0.39304945598630830       0.40842092716850459       0.77605432685853637       0.53379163534072260       0.56466616804779479       0.36958460814812288       0.37625882899245294     
   1.1585534716198176        1.0248872785888070        1.0473824404318637        1.0114879983806693       0.82222925991164797        1.0201946536603399       0.96506289592282446        1.0529636293305058       0.91561881905586218       0.84932540236757637       0.93015971137939035       0.95889374871822441       0.94416618650369477     
  0.55059514428984768       0.73706020419697738       0.54809870766768665       0.31633703706955896       0.45052755715513837       0.41474724312295574       0.42386284080476511       0.44005825918708685       0.79170026954771600       0.55042362330806816       0.59100297463993945       0.40301240584482806       0.40900448243826321     
   1.0935287899755151       0.89107156710381286        1.1288219363169587        1.0377579152334007       0.90681466845475966        1.1161563192972890       0.96969215152677402       0.92922614003801052        1.1555879211866342       0.93562675378734617       0.96529987871570067        1.0911024708533956        1.1063807036507851     
  0.58721378201646390       0.76802967583359805       0.60384906893563239       0.35411686678121190       0.48643300039799320       0.44043328369225337       0.45207768373741647       0.46802112087859493       0.80637734100765801       0.56503578456063042       0.61394770926449593       0.43799594034663969       0.44091059791076459     
   1.1652068968421774        1.0623187912589085        1.0465034042158576        1.0627402954824050       0.94095319019876955        1.0487877563210075       0.95112850367804769       0.90024428868519912        1.0081243817785084       0.90853768568927407       0.96816696087161747       0.99949747575042847       0.91843776880108641     
  0.61994699451772850       0.79613127718586996       0.65932060710596840       0.38936327655426473       0.51943279612147175       0.46470559630709957       0.48017628510627403       0.49630426644062436       0.82130896519856178       0.57951943156675978       0.63654431078785800       0.47274481633579563       0.47221969629639199     
  0.96854936799700042        1.0528364990965475       0.89970459400069358        1.0210989661134724        1.0040452631527375       0.95338436114450864       0.98452012805856437       0.93223980957651909       0.96560830980524681       0.95400528258282857       0.97521374273504602       0.99862587080308585       0.99378488073961857     
  0.65099202911243648       0.82059273253174292       0.70546757824921791       0.42394222854551050       0.55323251863650347       0.48630784809452082       0.50676907965683682       0.52309934441849726       0.83385160234701972       0.59499525478722559       0.65557721904928401       0.50660931758740335       0.49578606988125268     
   1.2266824888570551       0.99808609295544226       0.97642135636728200       0.93092914745096644       0.88490743441113684       0.93341471119252095       0.97365720037556258       0.85449317907897537       0.96682391894001352       0.84331956409977538       0.91631452048536288       0.87881024708132549        1.0491844831633104     
  0.68059149040550559       0.84176384301371521       0.75027813558997702       0.45584231235190498       0.58602329513125284       0.50796874858115870       0.54094453846747492       0.55929736290522258       0.84594162116333871       0.61469057859519172       0.67850464051147619       0.53634471572630904       0.52090167578023694     
  0.93988341957530241       0.81369993294872078        1.0059510405265917       0.98403835380412841        1.0767769041570041       0.93995654806125029        1.0961469304772016        1.1499735682514198       0.93897472277338256        1.0761222468800316        1.0218937551370240       0.94626579050750803       0.87336187023860368     
  0.70876185907950884       0.86212791682886480       0.77904639876071369       0.49010152208848168       0.62091375176448038       0.53166892017700307       0.57293807391684570       0.59111082133407333       0.85950057263016899       0.63421876612737860       0.70296741011534003       0.56432516729134408       0.54633368033982033     
  0.98192261541878012       0.92729989707048432       0.94685271980572583       0.88013952681880314        1.0917464666850769        1.1106411926664339       0.99073608916224987        1.1198404081988551       0.96026475652473953       0.97083660408185279       0.97782967212382310       0.94718891271708872       0.97387633117994632     
  0.73743718604331976       0.87917596977376999       0.80363633980692195       0.52681496131377414       0.65269047292017668       0.55813193881551038       0.60511288089910220       0.62515538369612267       0.87231482030355934       0.65130076524370695       0.72804771447435512       0.58985513140290569       0.57384827834878149     
   1.1544914202999916        1.0406097279846409       0.93952077392217315       0.88683536623072379        1.0682886725309462       0.98822574917724693       0.88102983945575919       0.98631883801329034       0.98753870669641719       0.94453228252433619        1.0345366829840785       0.83260770425658337       0.87732490227693594     
  0.76761603183621852       0.89402134780791331       0.83056601814925846       0.56508351978421190       0.67822266636998374       0.58854212676177842       0.63439659396134518       0.65436996622008992       0.88421757368971676       0.67069835673425826       0.75348184978120725       0.61592134264079856       0.60500114093714852     
  0.97563077968645262       0.92563862980082079       0.85948843451442580       0.86996994580026132       0.90194026388962600       0.98735256849110908       0.95836703956897096       0.98227731486624159        1.0420407299632442        1.1031250256268723       0.91446993617704064       0.89589553437159841       0.85024902834330085     
  0.79683793318323826       0.90697786857488327       0.85848572016021341       0.60489876360841888       0.70292111185634654       0.61827137770144525       0.66875206415783239       0.68767048205246084       0.89477106835456111       0.69120644418246102       0.77887398397465835       0.63915258497078342       0.64012901923687693     
   1.0418468172470905       0.89429915181080821        1.0308810023231225       0.97785973429933504       0.87267139456477583       0.87425210476203474        1.0895124461205281       0.87712022173315962       0.86501679629443917       0.99818611616157160        1.0153730175567801       0.88130397434603325        1.0755730671677122     
  0.81995631502020361       0.91864379394229512       0.89495999757328770       0.64850993382514166       0.72928857149134740       0.64903222921249604       0.69798164988564870       0.72456865647593793       0.90474745987178928       0.70998606696202426       0.80294037062676171       0.66604572279760044       0.67942794541020757     
   1.0528693930029078       0.83168038754680240        1.1513893362081955       0.93482432542494842       0.93406480093755606        1.0383250314311638        1.0318591910671815        1.0362957183082535       0.86426042938553582       0.97481629456789609       0.87895293030418109        1.0897016570864364       0.97102565896648629     
  0.84362602522503538       0.92975558490766974       0.92248666095166820       0.69453396578453153       0.75454008004485773       0.67937105469977965       0.72828660221576524       0.75952367157413525       0.91449996719120052       0.72848756082923016       0.82398804562932926       0.69251186442697144       0.72216274888225518     
  0.93923407353716615       0.85838902384509030        1.1814473300133439       0.92876429729448406       0.90811804420252906        1.0036104711758556       0.87004706419435185        1.1557430319456337       0.96812259368319398       0.88285161784806510       0.98742284218529675       0.94849623334983446        1.0826327911411924     
  0.86545872721294115       0.94120298880954401       0.94275715244792624       0.73902932592921755       0.77976210267569857       0.71115826911300883       0.76009799024214830       0.79526884476820137       0.92510167893447903       0.74766309075471438       0.84466194543782824       0.72482365429283313       0.76125350892334231     
  0.88773651245197693       0.87905896396943284       0.86128351216520771        1.0110843609187767       0.99701510667972393       0.93388581903254075        1.1691591923270597        1.0483798567051608       0.98154592678895847        1.1180494458759569       0.85914530820819279       0.93495776878145742        1.1134454572572894     
  0.89042909305726436       0.95120586184126255       0.95860768536762153       0.78086439347048420       0.80726461573615582       0.74330918759258557       0.79216654482985660       0.82716067767533341       0.93611705960533442       0.76715305475333284       0.86567091960258769       0.76322938838299625       0.79848031342274617     
   1.1309501155305515       0.78775910705383945       0.98832558517664904        1.2786204684248428       0.95709107771794955        1.0970627035549083       0.91204143527799986        1.1519290730872975       0.88862213951380331        1.2442876097778943       0.89708502297689985        1.1451232650953178       0.95063838124056954     
  0.91258075498604196       0.96002738950110789       0.97061337924290170       0.81882670019062476       0.83941260488808966       0.77355088704202202       0.82213195626594904       0.84816023579101985       0.94726124720403815       0.78672441078673583       0.88785233828177346       0.80243655418347815       0.83408483685251245     
  0.96747799453368821       0.84497397006635511        1.1369884884467663        1.0317803521615967       0.93840984724148746       0.99102036474406052       0.88992338806642557       0.97418185114271116       0.98550025819558851       0.96300999139992838       0.92109539446303368       0.93027352488363646        1.0087975299025134     
  0.93172244324110742       0.96891846621919964       0.98000453457753145       0.85621998656775478       0.87531363450785971       0.80302425966546198       0.85485285477442019       0.87511679032816547       0.95850086851924732       0.80678353163048777       0.91198045068367450       0.84296389582239184       0.87027540638376932     
  0.92935754176228225       0.88456916013111031       0.96474045209293202       0.98176094131852598        1.0474356712170232       0.89057532563273423       0.85190616314315948       0.73300827127687507       0.95979989170870006       0.99368134547494869        1.1728717669962783        1.0982840839309067        1.2334298613846693     
  0.94726393816209442       0.97744276987483814       0.98588413213992310       0.89458998110825816       0.91014310772229867       0.83834648080396290       0.88716729762939139       0.90384975978923210       0.96782157044050032       0.82324113545777433       0.93526434788990609       0.88781298929387509       0.90338622986888706     
  0.97615054865158279       0.87367386727744789       0.92574957364886867        1.1019559341249461        1.1882439443725097        1.0073952842541414       0.92624273860228212       0.89646517212604138        1.1198653549339750       0.98315545770704238       0.96126503299014521        1.0785570566827538       0.99773173392802195     
  0.96375760963357082       0.98580160980947917       0.99108686248066802       0.93184698018726309       0.94115609890592145       0.88108223577646627       0.92339878885211457       0.93420653789976693       0.97661573612944086       0.86219081796846220       0.95701663750345123       0.92626416729728156       0.93470203541129726     
   1.0071176996716349       0.94087647723565970       0.85544356828788215        1.0225758005513845       0.92993408334753469        1.0473253103873783       0.91226118833711700       0.90286670838817407       0.96615854475539231        1.0164300354469278       0.99154954468333534        1.0201692532938984       0.96971727083709669     
  0.98081880042843328       0.99285450566334132       0.99554343124033395       0.96626521540225785       0.97202837597553193       0.94088292679719221       0.96022665755674708       0.96786338042586639       0.98794690034890331       0.92888485945305410       0.97873481657195505       0.96534524424643953       0.96734346083123024     
   1.0294096399372688       0.87228744059220642       0.82106514093551386       0.85751979649731336       0.98510847437494786        1.0977857515905314       0.88944522389901870        1.0012044194580356        1.0750222722114131       0.95544802613182878        1.1043823735270708       0.96461535678652399        1.0091566095511402     
   1.0000000000000000        1.0000000000000000        1.0000000000000000        1.0000000000000000        1.0000000000000000        1.0000000000000000        1.0000000000000000        1.0000000000000000        1.0000000000000000        1.0000000000000000        1.0000000000000000        1.0000000000000000        1.0000000000000000     
   1.1172273277028124        1.2209234394970496        1.1901562138253143       0.86789035508452472       0.95969061084833407        1.0656431039838554        1.0755515003622598        1.1329345332033383       0.90132351506646968       0.74418343166699363        1.1373164861511418        1.0558428186832065        1.2108746140100508     
  -10.513488194361837        16.117654749619497        15.850723890754807        9.5882700950936073        6.8907317739345810       -4.3176098812618884        12.538866391529670        17.510204016718866        12.945484351108728        3.0707729610845589        10.162463033475770        11.202907385904334        8.7570189052252534     
  -1.6611090919560523        14.772108659371606        4.7220594627390788        15.966035058098408        7.8152226973009435        5.4598508526136751        11.626212688196055        14.046375131326197        11.049285727058653        6.1350898602032702        6.5204087948663583        8.2028588098347139        5.7892144650331359     
   11.123738604873044        8.1915869917814170        3.4337073859867613        6.2261626875232370        17.106242887289262        3.5705996262488204        7.7026144983362936        6.0116793897684744        5.8386614951444535        11.886582336393424        7.7782890483422049        18.678072051902532        9.1129351399811789     
   12.048888757311291        12.699616763210598       -1.3506477446089551        7.4713856577831272        6.7496165259097243        8.7186716634207624        7.9965818600030820        5.6768787049963496        6.1780440468307383        6.3447863146702934        10.262583972166569        6.5508148011701834        3.5411029595068362     
   6.3253449157786727        11.365185592342945        1.0087040707555497        5.9130779239399578        12.370698759442371        8.7782156518381651        7.9957431869210751        10.326002359472350        8.0772867950530305        8.4296489326553203        12.530293405644004        13.669126161558390        14.579046089372135     
   12.224032448164184        16.480945966206352        15.189875429044040        5.9064580674875176        8.9374482722963187        10.011973261388347        6.9732140168401546        11.302880881964233        5.4369289822227884        11.069803349431037        14.131986403007300        6.6043798631871109        6.4388704579722296     
   10.041852057749836        7.9394016460093839        8.4438211256440319        8.2531710724638074        11.476119296837190        18.657007346210690        7.4821552143839831        6.3518174455493552        10.520397721365253        13.222651387869533        9.8189155966380124        11.524423101212914        11.843084613527514     
   13.082420358534904        8.1207366580432776        13.106498648825969        12.367971115113999        7.1013959659373409        16.228196162290121        7.7063326416300848        8.6755315358447618        10.828198290622481        5.3553131737748085        7.6597193291580918        9.0158619884909541        13.194165577429501     
   1.8100732164329156E-002
           1           1           1           1           1           1           1           1           1           1           1           1           1
   1.6267598376324213E-002   9.0519265942075773E-003  -1.5446461974438303E-004   5.7312691928201946        4.6984281342932270E-004   4.0604465333285212E-007
   2.9217423523072734E-004   2.7048934391179385E-004   7.3083932299684222E-005  0.56068290600966930        7.3064516911967403E-005   4.9103142060145684E-008
   5.0000000000000001E-003   9.5822326619274669     
