   0.0000000000000000        0.0000000000000000        0.0000000000000000        0.0000000000000000        0.0000000000000000        0.0000000000000000        0.0000000000000000     
   1.8389627494727986E-002   3.1992045510579263E-002   2.9033861975755536E-002   7.0542092059409728E-002  0.11999313084037194       0.13236854900622133        3.1266957371790513E-002
   3.0332256334610870        2.8684122234281522        3.8929210916357770        3.6288816153921197        3.4177248842527201        3.9344427633606793        2.7596378462348197     
   3.7630541099173506E-002   6.4061492645115486E-002   5.8839942139572103E-002  0.10526908413281312       0.20631165693523490       0.22642425508660402        6.2752948375924947E-002
   2.6758798586345738        2.8190817945626221        3.4875863045246676        4.4847966066643741        3.9289328596364519        4.1889887961347023        3.0198098404778357     
   5.8824690273090702E-002   9.5724431065108195E-002   8.9383990600837876E-002  0.12493660352943733       0.26569055568519062       0.28767364930742412        9.3946719311831628E-002
   3.0808587032712480        2.8868160869928121        3.2235505487807146        2.9777774106063744        3.7222412793873585        3.5128040067193522        2.6356083605750151     
   8.0472466660643019E-002  0.12817386570208608       0.12053621602661083       0.14335695573850438       0.31794544920149415       0.34362884894379686       0.12488668908877434     
   2.6547608395534179        2.8995965436390310        2.6769638581939947        3.2689803012021845        3.4868772852531551        3.5753686162706559        2.6618824757267658     
  0.10398116779277769       0.16019637392680153       0.15132359470574308       0.15703995234389392       0.35813932276783611       0.38121425517693092       0.15639971640495925     
   2.9764245554279150        3.0275513174848969        3.1073697624836911        3.0583305035652084        2.9874445097152873        2.7119640882694469        2.8114023492616766     
  0.12822400568246611       0.19151591968947163       0.18218651461332974       0.17200408477869117       0.39790651036896058       0.42163437054187147       0.18815585097074700     
   3.1997663438978372        2.8179546532374280        2.8739951008912641        3.0363492094505564        3.0375470740799209        3.0543535930884222        2.8382749847902016     
  0.15314474432115993       0.22176190014957495       0.21341769723501655       0.18638713394040290       0.43328895088320324       0.45659261349222224       0.21937841375468370     
   2.7706104203300397        2.8903092422433661        2.7837075621639666        3.1098077992781858        2.9551674074184522        3.0246617057096485        3.1071809082863404     
  0.17764835704259094       0.25147023488275194       0.24411077682426419       0.20146069837045855       0.46863270391620787       0.49422793064978415       0.25006155953991288     
   3.0409546951727431        2.7569347158214370        2.8752916251927672        3.7159430806703395        2.9117111300503526        3.6419296716532279        2.8273011337516136     
  0.20686024745203133       0.28133881599856708       0.27571941591476201       0.21595054030103000       0.49728633010868800       0.52166111431752282       0.28062048441934689     
   3.1275944343400166        3.1402409539418472        2.7615903160409601        2.7458918791382714        2.5861777120021872        2.7104283124418198        3.1231634646448092     
  0.23598979002069390       0.31148673535526533       0.30718477295670643       0.23022851120942386       0.52663717067296256       0.55039746149456947       0.31141540732839390     
   2.9442365565556532        3.2533861128836095        2.6915019235492075        2.5770017470790343        2.7397669056798462        2.8082180077877665        3.0762626926681724     
  0.26616398615847053       0.34232173220638346       0.33811976316165904       0.24602941556093960       0.55490823343816476       0.57876979149300112       0.34178069503355246     
   2.8906808854244810        2.9262151102701091        2.6339916377470671        2.7856195728556723        3.0344048591597441        3.0784926791199823        2.8440685496555518     
  0.29583543921877914       0.37400635074093147       0.36847949761589582       0.26161315166447963       0.58240731483096220       0.60692910513263509       0.37251277837008401     
   2.6550913428013549        2.9344571190129467        2.7360102949606162        2.7962242462276343        2.6709806282387456        3.2432589585822291        2.9773758424155479     
  0.33099701897095357       0.40568129686982796       0.39955739953580260       0.27845368271393373       0.60649235068953267       0.63036655558962718       0.40305186437316293     
   3.1034583935397220        3.3169931769962129        3.2101320569256626        3.1087191736390682        2.5944464283509392        2.7005488291738469        2.9278583523035828     
  0.36559252325879965       0.43737667843626987       0.43111493595453410       0.29533010795980918       0.63083305254446498       0.65410815283739310       0.43409493777244135     
   2.6854277801162096        3.3091136540885002        2.8828649895328713        2.6855177887866049        2.5287984029847541        3.0699606332651079        2.9615840900518702     
  0.40243416034252594       0.46871424283783930       0.46307679907621108       0.31297877808186864       0.65489995958664360       0.67728156552071150       0.46491160771078405     
   3.0094897721593910        3.3448718503921948        2.6546981183205616        2.5683375705475999        2.5707028708260418        2.5979052967574461        2.8173443769877662     
  0.43834988434551686       0.49962783981682329       0.49429377949394748       0.32991400717344865       0.67837094420122757       0.70082636565871426       0.49607581343191876     
   2.8192394191235501        2.7209533715749794        3.0895407661846424        2.7557713410220606        2.5203796965649623        3.2990854901404640        2.9848708739301721     
  0.47891008806174679       0.53056050130488985       0.52530483715704390       0.34959455458972677       0.70004579986010318       0.72281369030847398       0.52776535919508827     
   2.8842812773376285        3.1532262267003635        2.7671206799449162        2.6874637804651043        2.5327072282173182        2.7601115194078392        2.8937080983058325     
  0.51857685074477833       0.56174607632234563       0.55635394548515849       0.36863301224877276       0.72213154079726705       0.74566773901494032       0.55945006278360421     
   2.8192697903984634        3.1174399101779775        2.7013780587643836        2.8253080342398924        3.5260982874942521        2.5538870454284064        2.9651212689470348     
  0.55882165102073733       0.59300463684041649       0.58742991929814792       0.38946112595144433       0.74485558866439538       0.76886391563847256       0.59110100891452844     
   2.7797185749926214        2.8004311351994113        2.8881810978772342        2.6844746445809480        3.1072383409078852        2.5918800556492503        2.9139759558246792     
  0.59985360092356299       0.62395596334878956       0.61826230786792236       0.41051388867135530       0.76731589803229683       0.79101254938191423       0.62236074093007376     
   2.9569729249709882        2.8634220549344942        2.7805471645938020        2.7157977869204966        3.1491764534146482        2.5284992496627874        2.8957347935022293     
  0.64035980229622746       0.65502218251576638       0.64922639851244179       0.43375196176464337       0.78832169992431256       0.81145102707656824       0.65398162310223462     
   2.8988526524973035        2.7585180941070644        2.8748280354506877        2.7109146663858543        2.7940174497799508        2.7888166076041094        3.1764669385245763     
  0.67992771420557907       0.68615817361448317       0.67994180364642209       0.45710802098694814       0.80922697584674930       0.83157763880611657       0.68545730431527141     
   2.7664517052443869        2.9396026510094990        2.8556631603862885        2.6745618246934781        3.1411022680102181        2.6838336412074955        2.9720527100000127     
  0.71756294035070356       0.71807072026123431       0.71057556552669954       0.48100038556482172       0.82988655314108206       0.85111471804203354       0.71670503250859818     
   2.7440853066897706        2.8387783698428999        3.0811344411730888        2.5367678234446678        2.9800149377097855        2.5753390049080069        2.7466791038687384     
  0.75487497245465685       0.74996871249400510       0.74167132426191673       0.50497574479782037       0.85067561883619947       0.87041386816472466       0.74759315770737478     
   2.8619306239402715        2.7579784603033710        2.8360689652800661        2.5928068576324823        2.5334802363604734        2.6687470889385172        2.8961087836338462     
  0.78933327945736020       0.78175617645401629       0.77385441989864445       0.53326944071971083       0.87005809946045787       0.88798836956020999       0.77862570755547744     
   2.8172971177763566        2.9127235903738784        2.5490515113267280        2.7428929392334362        2.4445014600214754        2.6544142037154161        2.8266799264957783     
  0.82480127440395112       0.81373803387514487       0.80663220858342466       0.56044187630278641       0.88928165227081790       0.90567288062770623       0.81003242789787122     
   2.8467253913368560        2.9152081948584723        2.6861472577912613        2.5423190733998240        2.7865256916070824        2.8201384396306941        3.0270602346001785     
  0.85744220577045283       0.84547798673743391       0.83805746387112290       0.59228209404308285       0.90794392786041278       0.92280422863218381       0.84113869874454439     
   2.9861306049775873        2.6392579650748340        2.8890882921341059        2.6590726426898694        2.7720573761371381        2.7938905286726903        2.8162534660608434     
  0.88984071483315852       0.87736761379441874       0.86878408545714070       0.62350844789558535       0.92601229747012270       0.93938493716788707       0.87260948761687285     
   2.8644277795897142        2.8852492186671559        2.6342595241807296        2.6236330914700963        2.5958627192674739        2.6980764615109591        2.7568861520604004     
  0.91848008994030617       0.90820609581220269       0.90010045160499741       0.66299687708984312       0.94406855008420398       0.95466957715366674       0.90400991315369006     
   3.0834727884523900        3.2187910590600581        2.9263888568092091        2.9657664044879359        2.5970126323234193        2.6036012799984629        2.9751250202506698     
  0.94720533591619482       0.93962697699275377       0.93114175368559526       0.71043690522605796       0.96214881244809969       0.96989797935477340       0.93572110238476747     
   3.2582082702935211        2.6508452318767106        3.0913671333681125        3.2560798527917085        3.2402377056006189        2.7818141407790407        2.8360715453289740     
  0.97364247104568469       0.97001921895661947       0.96520236842409302       0.79539542587397216       0.98102697524539584       0.98494888668071823       0.96772606076588996     
   3.0783658515938646        2.6033521883830284        2.9920680395705914        3.4751838002583946        2.9407459364595088        2.7467348319204472        3.4490946874004167     
   1.0000000000000000        1.0000000000000000        1.0000000000000000        1.0000000000000000        1.0000000000000000        1.0000000000000000        1.0000000000000000     
   3.1881196722601639        2.6148997275634627        3.6647170011595747        3.1762818853325512        3.2486142391348354        2.7856505378259508        2.9655878041909634     
  -2.2815584371561681        3.7597834031052488        3.6277909824239902        4.1557115919098049        3.1474497847099476        3.5172346307355378        3.6801195996712397     
   4.8751661662551893        4.3968309901450118        4.2708614726656169        3.4774712354037347        3.5765500071394136        2.5729746882240043        2.4982385948732069     
   6.4272750474135032        2.9008159667350988        3.5842903937955781        3.9140407196929563        3.6974107764039603        3.5807905140451362        3.2566044520880237     
   7.7190500298051266        2.7956459210952374        4.9039151123070406        4.0936737702204402        2.9574159274341625        4.1658934673795809        3.7185658308455594     
   7.6062962366747104        4.2404026130287864        4.3963484375780988        2.8500413262498974        4.3379893946095178        3.8674262190955973        3.9140892234434168     
   7.6196311926188596        4.6544962965606880        3.4104044682738244        4.4362432868069446        3.6530578713406645        3.9876673587437281        3.9851092406070010     
   6.2529289441599758        3.8149622227793469        3.1311713429017627        3.7514074222356175        3.6831794922661460        3.6532514513207173        3.2359879866219980     
  -1.1335091076369581        3.6078575440211411        2.7582914190916816       -142.60413896137652        3.8282596634499781        3.5628534451991616        5.0669156463403553     
   347.53027269698987     
           1           1           1           1           1           1           1
   514.85018061558185        445.44739753486442       0.70273246285727797        3.8102868401761216        14.837195141608079       0.39937758749406388     
   1.3552434236675899        1.7593937053804345       0.67491314563318094        9.2089369871075799E-002  0.67034819684507951        9.5261072945894993E-003
   5.3049595603408585E-002   4.0153801923660417     
