   0.0000000000000000        0.0000000000000000        0.0000000000000000        0.0000000000000000        0.0000000000000000        0.0000000000000000        0.0000000000000000        0.0000000000000000        0.0000000000000000        0.0000000000000000        0.0000000000000000        0.0000000000000000        0.0000000000000000     
   9.2838573338444141E-002  0.34780559190082860        4.8032791003211624E-002   2.7218767939586799E-002   5.4255047544563728E-002   2.9266020193283091E-002   1.4072041806579191E-002   3.1226871702338146E-002  0.51225606108836130       0.13220334908337719       0.10128540855774910        6.2828946714775347E-002   3.0680089861452677E-002
  0.47584966723540112       0.64408110659725415       0.79947609664774066       0.65174279197154417       0.66235425150516380       0.60985156898553028       0.65193201417316171       0.61671788975978370       0.77030856983419682       0.66720817049232384       0.62122730692713646       0.70522624064755179       0.68166464277723104     
  0.13803974063692265       0.45537859579451528        9.3039172500337414E-002   5.6448617425935155E-002  0.11109881193061505        6.1921184022369513E-002   2.9001448129058312E-002   6.4116513312551526E-002  0.66770373592271592       0.17158772324984270       0.19608098822749365       0.11834354403939716        6.3099137217658530E-002
  0.81303269492947616       0.78315789811618397       0.62669127758177945       0.60455776883780477       0.80417011112193837       0.60716070835804070       0.68644269673352165       0.62466136468112621       0.97069241735473888       0.67914012192568574       0.67739280336716645       0.65883056762973025       0.58981218409351688     
  0.15660555466876397       0.54702646465576676       0.13620456207376588        8.7550140232405871E-002  0.15078007141618399        9.4290165004713933E-002   4.4689070807331532E-002  0.10006243813515123       0.71906731247344935       0.20618465466552280       0.23645324141465335       0.16686374454578054        9.7333609215242686E-002
  0.72131435159871049       0.85289905816220613       0.60909202469786561       0.65549530032561065       0.60202642365708303       0.61946675718004196       0.66799475829771071       0.63018054691501346       0.85708081515813750       0.68898252123742232       0.63957896773362866       0.79580506455971911       0.72305700229265191     
  0.17634416800642200       0.57381645843482254       0.18058645172116677       0.12115171134842594       0.19333211452118335       0.12784402553294075        6.1311926847688769E-002  0.13667380256301140       0.74227988179609761       0.22328483017078299       0.27442311131223907       0.21178656172640914       0.12889865757893940     
  0.62827572310872115       0.66817269202605234       0.71263147390028847       0.60066286740217933       0.58485708105017431       0.69198747241874159       0.63298762513033957       0.70826982451170128       0.61027921638159477       0.55148699100110232       0.65857387734927930       0.67758232277813701       0.61690246117914949     
  0.19505443544467091       0.59648926878642983       0.22345205279044436       0.14958277366760164       0.23945950904874738       0.15986148338583808        8.1046148296315554E-002  0.17205983546519701       0.76691410861580556       0.23912996715672588       0.30035887739931938       0.25179770033109122       0.15959813253114599     
  0.65197319544216792       0.60302618523075879       0.61770466040963679       0.62368828151711408       0.64087344753024034       0.71336548149817569       0.58426999833090365       0.67135349538812805       0.65337200937912576       0.50175589597308878       0.61738838514482663       0.66798672561526440       0.54351350553078082     
  0.21399356261572491       0.62391938626052867       0.26036297028349131       0.17570918470466806       0.28380496198387184       0.19450302968563116       0.10179636997510903       0.20469352959451378       0.79043724291628525       0.25672985299506024       0.32673450728643127       0.29132753535755429       0.19128265736483660     
  0.70202187188084497       0.58706495091464239       0.53036205433422434       0.63292784188662277       0.70849035608828415       0.66137978537352127       0.56787598614124424       0.75592532186406036       0.66180571727951409       0.60870215864306410       0.69703191847223289       0.58890893385542753       0.66495418287750918     
  0.23181245617513330       0.64983855883509856       0.29902528172826776       0.20179775733283334       0.32297693175499614       0.22923177190115010       0.12249622649394197       0.23623968966386474       0.80880269965782503       0.27475457119285701       0.35211502789161303       0.33071329956821838       0.22423242349320868     
  0.59965581623291908       0.57014298570480815       0.57954377601300389       0.65064913106003219       0.73753159890640685       0.64370442765827063       0.57770161698578193       0.55943668409689729       0.67862949987281440       0.61883399971880759       0.60581363371673147       0.69383553827076860       0.54424650803967956     
  0.24973118458902713       0.67165305657445018       0.32697893238328302       0.22999377743042079       0.35791050383505219       0.26484353325330623       0.14403467107518680       0.26731583067578596       0.82320723448074162       0.29285055020576722       0.37833599673858070       0.36561124877146634       0.25613598032340412     
  0.68964113239155767       0.62019433847645800       0.53305713367801189       0.53102275772855223       0.62513049448747959       0.56798625117302370       0.66968847232106876       0.65380415317457630       0.55988881327999585       0.59321446064742600       0.58150746385579533       0.65586939028469327       0.63372787097529693     
  0.26802621719727154       0.69092178274098071       0.35842615471581979       0.26144188846517391       0.39520965956797915       0.29216481975610253       0.16663633313890597       0.29847753990796205       0.83835017817626223       0.30840727378784871       0.40288415274322864       0.40150968288709921       0.28838775337044081     
  0.60716100310796939       0.56927143617812270       0.63835042753008875       0.61551858432127182       0.57225855029469330       0.58372626033941166       0.61503333880948485       0.54457943128851760       0.59809265211339968       0.66830164529455161       0.58528585947953093       0.65819367730696343       0.60130444218949730     
  0.28659667785589749       0.71118506767018719       0.38934909378417254       0.29350106035561258       0.43554421116020059       0.31851944371069335       0.19037222360639730       0.33004179352154284       0.85134626488473475       0.32616169346584223       0.42567993594004183       0.43219857865467914       0.31964815188582296     
  0.62497408572083346       0.64663102049933630       0.64881977581071137       0.58581283165708842       0.58129282633637291       0.62776933913871569       0.56805940474475725       0.52682664589146788       0.61588702424126196       0.62533657687038158       0.61233349745033006       0.59309692159589089       0.59202284284371554     
  0.30590142618056076       0.73017929449064767       0.42403151671502154       0.32748240125219485       0.47090950034382789       0.34381344213271126       0.21774330617167226       0.35978644125489601       0.86309949634149596       0.34319585336750219       0.44920339009599680       0.46668542811116559       0.35021746140506715     
  0.62456233752650259       0.56135251941284103       0.69955135921260314       0.69847111908481196       0.58075984941535130       0.54472315558992190       0.66368098533995723       0.60787176135372212       0.55241190657773798       0.59473036594248807       0.52762747821443934       0.61949577337989370       0.59199971088967507     
  0.32611609671478975       0.74741693609595639       0.45559647059157232       0.36245482880823521       0.50418287382013194       0.37046858566431395       0.24374105586043171       0.38586173387084277       0.87248143965464187       0.36131411211729481       0.47533231453078773       0.49732980658981563       0.38224903573953767     
  0.61169128215117208       0.51862031995314084       0.63175374141956786       0.61364682592233544       0.48974152785280906       0.63345387381802543       0.66080523789341872       0.56216288359384781       0.54616099905454196       0.60911811404978844       0.58026525421111885       0.69179848646095798       0.58532776706323020     
  0.34656556697683066       0.76259168528300247       0.48498762288324349       0.39486461858091104       0.53517184584397937       0.40083770071022634       0.27065122924197371       0.41105445262069568       0.88153684036843982       0.37866757989589894       0.50336906692585104       0.52568247024057302       0.41116924502004126     
  0.57714515910351849       0.52168761420374488       0.56153020896166372       0.65326778381332695       0.60345355187416838       0.62923092345776244       0.60057551296284295       0.50946063616771475       0.53526051649937423       0.66618777970772769       0.67344848378319455       0.57539928035002907       0.63438839345209086     
  0.36908317824748432       0.77768190625599876       0.51200514541231179       0.42495682026904646       0.56464028857238158       0.43314930668564600       0.29817154918135580       0.44051119221976148       0.88980974323917827       0.39471992895685737       0.53178063337233084       0.55075030045858087       0.44270258064795198     
  0.66517835659335356       0.61532316269805609       0.50191008650498126       0.64277043498391528       0.54186847867256871       0.61553253849823431       0.59066995570286895       0.66572742548757224       0.56338190178332370       0.68299319490412724       0.68991060037506557       0.57753168691068490       0.66070266812329770     
  0.39361031224985993       0.79062726424648033       0.53826230480046278       0.45358416556138426       0.59914241362290543       0.46684166218452611       0.32745275267554586       0.47293471310439789       0.89818894023868134       0.41009912194579223       0.56122324689229541       0.57694448356869188       0.47289371189737545     
  0.64599760389585326       0.54575201887338121       0.56299541542272136       0.62996508388666006       0.64307601307655415       0.69003853369728207       0.62372201609568634       0.59844389702085332       0.58289877994827899       0.67743109743690100       0.61400734777148636       0.61729123535946440       0.63050949552818880     
  0.41747329952004186       0.80382975386900912       0.56559787193405842       0.48334108362633521       0.62967786989453434       0.49980784768477687       0.35564182357339719       0.50660133732851176       0.90534714131813021       0.42598375534907251       0.59229788173542808       0.60212046021556154       0.50294098791751485     
  0.56375416280791024       0.55855404998060076       0.59447250836031096       0.56334142373764151       0.58613913285975394       0.64487285249832182       0.60573066330130854       0.61244279064504203       0.55148512420911744       0.58463953163679583       0.71855444189675688       0.54874827457405351       0.63701523699102980     
  0.43912601190242528       0.81637150084074617       0.59322652084698757       0.51587002895885503       0.66033234678006425       0.53106085844099160       0.38574812279344012       0.53952082782989441       0.91221875337783254       0.44100357278527336       0.62281789215208194       0.62757060958001565       0.53006833997871905     
  0.49765656433157912       0.56172632752971463       0.61845303047983491       0.59338085651538397       0.60909487792688521       0.62726214114082834       0.62851144820337879       0.56563472727054476       0.55367258486536219       0.56184444577830617       0.74519362758874097       0.60137057069597988       0.65581778473575891     
  0.46254652413060759       0.82930478368002136       0.62089872061706597       0.54711079701373411       0.69025393128282519       0.56390531962776780       0.41522298759347886       0.57307338596270052       0.91895444043274155       0.45667400312063094       0.64991457980789002       0.65092958701334669       0.55674798966296646     
  0.62142834882620934       0.59743173707128483       0.55510222354213123       0.53320261413468650       0.53815447843900543       0.56440801861551992       0.62858334001201188       0.80264006401177079       0.58037401916373998       0.69694323584798556       0.51330052763387857       0.61235572369348956       0.67837554778615383     
  0.48800153148643766       0.84095913270892819       0.64859744334280811       0.57671852418743264       0.71837517545187823       0.59679721557081356       0.44674476720846379       0.60849706223691691       0.92532746372247487       0.47233786427969832       0.67582653271050397       0.67421120950892854       0.58383939440120347     
  0.70180093024666756       0.58281877760454193       0.68364590779523349       0.57181965064956053       0.68271241661411863       0.53775562263329946       0.56084329823219981       0.72475028589733204       0.56040581049695504       0.60237579280217468       0.63081958507681180       0.60462433123086068       0.55535289305511681     
  0.51364393069002523       0.85212837256722396       0.67513762608813244       0.60451457017417887       0.74380125816187470       0.63301193824917013       0.48202658519305225       0.64170986437219846       0.93176386232907626       0.48864436098027370       0.70003706092586915       0.69771345340861601       0.61142318707654719     
  0.63005657498568446       0.58261318143321361       0.55072213084056121       0.56714896386783598       0.59420935599515523       0.71246812307896412       0.55571024085134069       0.61107503037165478       0.57866211219850727       0.57149872282124636       0.64797288009981568       0.53930056537349647       0.54371353792841992     
  0.53844042204815312       0.86320385045995773       0.70254471283339481       0.63540229429537021       0.76948288127103770       0.66788514774803909       0.51349405247872715       0.67204986780443510       0.93867858594629827       0.50597284492456052       0.72790636470041259       0.72232085354918241       0.64595072151046740     
  0.56286762773852184       0.63683104990906492       0.56394105875331468       0.61982018245493031       0.61236012853422672       0.65961583826504266       0.56945086716743631       0.64301866098458893       0.53287392024812663       0.56976063074745631       0.70136204864902985       0.62453810831890677       0.74856910320408099     
  0.56865141265048269       0.87392475044683726       0.73056826309229506       0.66818539445617653       0.79529737450390547       0.70204565906191652       0.54263778930643169       0.70165703904115984       0.94517635418114998       0.52345289822858476       0.75656329981457915       0.74763798357985678       0.68148420141645916     
  0.62025032302177519       0.58211821790534102       0.64978079277719980       0.60961300736812996       0.64114413934935421       0.69795345185135649       0.64032091438054828       0.62356839006790044       0.64574690381637012       0.65871075187698691       0.65895531552746101       0.57225039390880628       0.61134333772956995     
  0.60189561419116799       0.88480756247126757       0.75695387245527823       0.70305643073455171       0.82087837519113560       0.73574548634422443       0.57787915802242440       0.73165535244748392       0.95136256627429294       0.54145858252536705       0.78654691342431526       0.77166809205700848       0.71706013463307638     
  0.65709393363062873       0.54750396414810620       0.59499423402517793       0.76291392500539423       0.69268412251689537       0.63730023198656560       0.72574202502976326       0.65247319687712735       0.53634231488273576       0.63771956837744603       0.63972509610834682       0.66222375309915071       0.59924070538301788     
  0.63429918897970949       0.89557567501094193       0.78289925453943898       0.73454729358043358       0.84368371043603085       0.76922289115456344       0.61606636470964704       0.76041325376063773       0.95668442564949219       0.56172147817605744       0.81682053503220731       0.79636266883640094       0.74914364866477579     
  0.54071155674860283       0.54401843382739301       0.64541546375935988       0.63872646684440171       0.63589398456856894       0.66839665380955859       0.65791698135544985       0.62855776275899866       0.54992242698143901       0.57347946288151008       0.60288925207171951       0.62918684815529580       0.71192053723975213     
  0.66107661761824865       0.90616626467596062       0.80893608939430806       0.76780940022411759       0.86782948843496088       0.79997024877031064       0.65932884619143473       0.78824756109249305       0.96159054232279106       0.58460835365166852       0.84713729915416724       0.82247519301305361       0.77987571367242525     
  0.56326081868005884       0.62874029647639573       0.61602461312600965       0.61949448556865361       0.58949940288501301       0.61566217493812614       0.72071787061017634       0.54276261093164346       0.56844735519174594       0.63081326239756208       0.58590810302315788       0.64059495522538534       0.62837299734120466     
  0.69449182115193131       0.91682245231782766       0.83385519680629472       0.80210401827928257       0.89061179070145924       0.82858210773063490       0.70443076056187903       0.81531699991599949       0.96651932107800997       0.60756770528178539       0.87364664400565861       0.84660664318727430       0.81004482898816521     
  0.58141064570825618       0.62719847733032552       0.63107636258469590       0.68452749988743489       0.62138084808953098       0.59045257047057065       0.54035005372379419       0.55839076940710219       0.54054162923869409       0.65516728976473704       0.67881315767942940       0.53746318612343957       0.53691308103752311     
  0.72655690665478112       0.92795698047693187       0.86026505640992890       0.83566898380464527       0.91168153152291809       0.85882725906554824       0.74319394966520114       0.84147998197576046       0.97146033061355752       0.63193949767631064       0.89659720167069856       0.87263963621632223       0.84450729448624484     
  0.59756476668103764       0.58765848194990200       0.65885173780162076       0.56614477719712220       0.73572654080761379       0.56260043736364240       0.62185789865277685       0.65647845885323053       0.61158455670573275       0.70429051202052695       0.63559152326927815       0.59418268332239632       0.63609155557836627     
  0.75682876422083212       0.93940859041603642       0.88838933167511891       0.86765069021238683       0.93184737530175554       0.88850781529546430       0.77963769771435232       0.86865957875660582       0.97627515630105599       0.65422548877444953       0.91714144460765912       0.89641357945485467       0.87682357501323760     
  0.56493843417252032       0.68224603920914939       0.65646241456061305       0.57233570527810262       0.61357032391535060       0.62018381161568736       0.66388058478116541       0.70781069826470433       0.61546012034880038       0.55619208321026414       0.56465895647655140       0.57754758603042977       0.56059211282075871     
  0.80339261874536694       0.95103393042946238       0.91881408175032508       0.90176431910606458       0.94984194203748773       0.91735977151160542       0.82103119433306093       0.89970160059824589       0.98100532831280907       0.68544622311969117       0.93600594896616596       0.92195470869149010       0.90866749671631797     
  0.63049613137709326       0.68904147029751417       0.71325131554703747       0.64345297132220947       0.56104724018452756       0.57716870056462322       0.52420585150550925       0.55392648439419367       0.60854931795703238       0.65643402709083276       0.50589680465549336       0.54699194378725124       0.65440802550894739     
  0.85226355607296611       0.96315807747856108       0.94919318700183886       0.93508472365388695       0.96741940126953763       0.94536808302450814       0.86956753769680584       0.93475429070514093       0.98586244447533100       0.71543680362459294       0.95630749323105180       0.94775967689193308       0.93853747570536727     
  0.63983361047123677       0.61237901686536222       0.60623822961333951       0.66243931032730896       0.57246094962578697       0.54122008705161562       0.67962680869584280       0.57642816845480771       0.62660187035159498       0.59053627771347328       0.51806151176314708       0.55602327941920271       0.53290185339387874     
  0.91318136740186950       0.97845557972168629       0.97518782071881094       0.96746466722835656       0.98371514430441254       0.97274994863609721       0.92956635406740229       0.96792453302001946       0.99183217802582557       0.82696467622446557       0.97660649171226110       0.97486655054033200       0.96975221460898442     
  0.73636163069099103       0.85169105911874288       0.65246994340798858       0.64618060017549561       0.61068942225509848       0.63773774146996931       0.68151188132939455       0.66531048998982389       0.84396960843663471       0.79157099935031328       0.59145377483768791       0.65844083374908802       0.66334300721328598     
   1.0000000000000000        1.0000000000000000        1.0000000000000000        1.0000000000000000        1.0000000000000000        1.0000000000000000        1.0000000000000000        1.0000000000000000        1.0000000000000000        1.0000000000000000        1.0000000000000000        1.0000000000000000        1.0000000000000000     
  0.63452666329874041       0.88130633891507071       0.72510183671207495       0.68235662598692060       0.69626371258369968       0.59283039759117795       0.56958472163698537       0.61793123736902367       0.87246134865301095       0.49115181886435133       0.63789611980106231       0.66532935271537463       0.70166679438250623     
   18.433766982266199        17.224302107708723        21.215895818987661        21.492489571765784        46.319740377575179        10.046179008083575        3.4711078333408567        20.669611681244547        20.109746835144389        26.859969788069538        28.210266764556831        16.855595369835800        17.502095027938982     
   20.604333824596839        13.900150707804348        15.994188188125415        20.080191650555765        29.856672681236397        11.848542749261803        7.7718522801630536        16.785557398137374        20.579134033714809        20.443842376156933        31.455556257359653        10.903221120363259        23.033325358329868     
   20.923682445193108        22.549884607836585        26.233533913884344        13.842615218174558        23.539336022144344        11.609286292516673        17.250808240088844        21.965543296363808        20.930705299955878        15.981466685760168        28.112671559755395        12.841320541118121        18.924968926716719     
   12.942351876431328        17.944051882582340        25.208693541164081        17.558589586262965        22.695702787874858        19.870767451638848        22.444698537719891        17.151375372328872        11.345495328384887        10.317514176507462        16.355212309860828        23.320823716793498        1.2370854100440170     
   20.006704227390323        21.329047234201052        24.942074083413281        25.507558120894597        14.073991625042540        20.884920189907870        25.850252417214520        19.992264435237452        18.930983797611852        21.285432761850128        13.154756790036691        22.140018527988754        17.059617122352666     
   15.733126288011251        19.632829885373383        21.796900840013837        22.696034763371095        9.5684245837625550        12.736578806512759        27.739985537253126        13.672247540192524        25.100644557851812        23.359179374249845        11.741631539006200        19.826831345218576        23.939438639326557     
   15.516401509363707        18.736652387992336        11.044984075178668        14.431107245847970        14.189227053982567        22.186806659561725        35.605591994834512        16.045929134950406        15.906525418052427        8.9458531407252551        15.546307589827586        20.138421350719121        23.571827780661501     
   16.938070294427018        14.432828820288005        9.2737765858520369        14.097289461859013        12.818714841770886        20.324471059039855        37.848685540465887        19.522313592623910        16.653055607913156        18.490254609378404        18.589603407255940        14.283187075571513        23.428297494357516     
   1.8417966171936425E-004
           1           1           1           1           1           1           1           1           1           1           1           1           1
   6.4170821587490685E-005   4.0135887179917666E-005   2.1009084481676411E-007   16.685991495871907        4.3715288399567801E-006   1.1378791520517711E-008
   8.0562517651416098E-007   7.5134057455584856E-007   3.0823614438845095E-007  0.37153685967489963        3.0771703446770618E-007   7.2351143466107556E-010
   2.3163629784472037E-002   17.323142203229335     
