   0.0000000000000000        0.0000000000000000        0.0000000000000000        0.0000000000000000        0.0000000000000000        0.0000000000000000        0.0000000000000000        0.0000000000000000        0.0000000000000000        0.0000000000000000        0.0000000000000000        0.0000000000000000        0.0000000000000000     
   4.1558952160670182E-002   9.3996006176223640E-002   1.9279676077078870E-002   3.3303081818076764E-002   3.4035931374224435E-002   3.0142441818473999E-002   7.3364290068187732E-003   3.2090742707347901E-002  0.48681395472832045       0.31922758083786307       0.11936795116569746        2.4951624337847669E-002   2.8437759686221423E-002
   1.3122362213621779       0.95633811430550997        1.2064269490107162        1.1264885778802920        1.1899981994721338        1.4396093271805437        1.4128498942960401        1.2084647430720699        1.9526014928233464        1.6282783130177687        1.2298851781204678        1.7544934505588410        1.3535125144001952     
   6.4813248627258346E-002  0.16494191717160434        4.1496992364253027E-002   6.4350835477345644E-002   6.4006679093925503E-002   6.0596319293948264E-002   1.5569346500937602E-002   6.3282335631231978E-002  0.56681848436944182       0.38386657043530753       0.20407565523355484        4.2136995939224216E-002   5.7947725654520506E-002
   1.6439020708316021        1.8704328107708328        1.3447079739831889        1.5366509914273021        1.4719770617643000        1.3283786504082600        1.4420718982000422        1.0367703396957220        1.6005747272232496        1.3365739084042092        1.2838092144735116        1.7417831526509235        1.3611768857185420     
   8.7940854645150890E-002  0.19574673149216937        6.3698906175475717E-002   9.9107390004764012E-002   9.4056583626366985E-002   9.0072709525291283E-002   2.5639992282423824E-002   9.7712413531110737E-002  0.60772145066925976       0.44054827555733755       0.25385539705122206        5.7391451460169524E-002   8.9399151186196790E-002
   1.6198747279687449        1.3084779879946165        1.3431746178753678        1.3665993538391337        1.1916773063587065        1.2485105951915840        1.4012555311256911        1.4509914962943760        1.2964644744040268        1.6124499381850017        1.2001575382320260        1.6347622516132716        1.5014563503986607     
  0.11568273071443588       0.22892143479409685        8.9304044338161567E-002  0.12630666200681173       0.12131722896629207       0.11814832352309508        3.9189311357361603E-002  0.13259525024738053       0.65012361175304501       0.47123687027217742       0.27860232540175778        7.1408302987478078E-002  0.11968678257125562     
   1.4248600978180386        1.2714733532706439        1.2279879151502227        1.3036834349711608        1.3197489780438347        1.2161477442111910        1.4218622294300318        1.3198498431914181        1.4285437741688447        1.4577487180325444        1.4917510592052907        1.2099163984979198        1.2750478839640853     
  0.21161360410770105       0.26158042041262747       0.12102433428767491       0.15279058558843106       0.14733487489341726       0.14668502823657520        5.4744827950140240E-002  0.16777491143780718       0.67730626406784467       0.50125718501023431       0.30990370544862439        8.9493279697178560E-002  0.15042698136490903     
   1.7009783777948082        1.2253440885183313        1.4938820784937159        1.2009574286628228        1.5096634938230107        1.2406894871094254        1.4840343595854923        1.5347047733986461        1.4113395376118179        1.3376404490172400        1.3487206918681072        1.5329439255658228        1.4678153052469209     
  0.31789226215807465       0.29172613823944310       0.15578503398299645       0.17945148400594566       0.17385193255513712       0.17910343207417245        7.0058077100284680E-002  0.19775035466507782       0.70194625813280120       0.52967349856536772       0.33781937753692054       0.11060776703733942       0.18379671283448823     
   1.5256743727170483        1.3672792496930031        1.4694913922764128        1.2955775705588444        1.2296878338457384        1.2625199931820468        1.3101257986552588        1.4010967887285650        1.1418124901450251        1.3075249155852675        1.4510225161729280        1.2050491877599980        1.1525431435045479     
  0.40109901670077525       0.32380283978342178       0.19185518846030669       0.21163475143661309       0.20091884999501416       0.21312020390524825        8.6993844466901726E-002  0.22587769341569158       0.72609383181785636       0.55421085270039128       0.36601567904599402       0.12980386770226326       0.21939102576576347     
   1.1731672965064097        1.3416764078663499        1.4245477617998228        1.1969690997091891        1.3217151321432101        1.2785275022414306        1.2403272935918050        1.3801726939588426        1.3760604619773931        1.2176001033410628        1.3701309851657719        1.1786621215058426        1.6310890380817500     
  0.46711031856575458       0.35771196032492381       0.22671270406534999       0.24327022527831757       0.22729797257055936       0.24911555401919577       0.10461692455574530       0.25242525139945887       0.74760537872159194       0.57493281400032481       0.39207631552130418       0.14872988201492759       0.25936881734242351     
   1.3086130811580474        1.3639902785358533        1.5711361750386887        1.2966160961314801        1.4238372904184364        1.6134558607474991        1.3262987418041565        1.2741822248569870        1.2819133308352479        1.3614132443202016        1.2981783223340118        1.4366745934836340        1.2986265807663897     
  0.53209247866324927       0.38927771019507434       0.25629364313456554       0.27112813077794540       0.25495890019502143       0.28310233054262385       0.12615542841595456       0.27878809762791962       0.76575343323319811       0.59296535259777849       0.41806196719140798       0.16986606562852580       0.29694424301652750     
   1.4148762105768449        1.5313835373776485        1.4870946257640640        1.1306377955709035        1.1878550461971924        1.5176920357504846        1.1161515220177476        1.6539876654493584        1.4707383052994751        1.3836670834432454        1.3836389399241766        1.1387450031063304        1.2954760095701929     
  0.58811460534701265       0.41870852445946655       0.28547571654505011       0.30292737084229138       0.27895681582565668       0.31614754311443743       0.15225585482504328       0.30566889967404298       0.77962492191349275       0.61214520501485647       0.44858638458465511       0.19576580536499269       0.33667601364682748     
   1.6532009960272089        1.3162559614427551        1.2119618114525785        1.1673125315440258        1.3026376188005391        1.7204061607733550        1.4223061100590608        1.1062853089420281        1.1993035143356714        1.1240759633514110        1.2486662528018175        1.3126287157066505        1.7300041811599163     
  0.62987718348454946       0.44533674571263099       0.31210396936496831       0.33480468204178926       0.30444800906875902       0.34984330110653244       0.18374221223575510       0.33417769937616637       0.79373082087723734       0.63281892471713486       0.47752717150059293       0.22255706329254829       0.37216711987077233     
   1.5255346664081033        1.2425264108671803        1.0839803421539964        1.4494269489297280        1.3157977236502985        1.2026419527364673        1.3839199791761547        1.1332596904414689        1.1573734189740015        1.3843821336376214        1.5195632539721768        1.2356295615432709        1.7420025311196297     
  0.66316345926808529       0.47465753950706985       0.33937492662493013       0.36105279722706579       0.32980554647907845       0.38250783833657442       0.21381543654051388       0.36439220720366217       0.80781286532503149       0.65250396468188232       0.50541033914272260       0.25780375273302969       0.39905004018934803     
   1.2819225662639258        1.5476788409214355        1.0561135039618492        1.2450085313604928        1.1468382007078368        1.2674289900412321        1.3981927776752867        1.4399543719142098        1.1943004312955778        1.4200150437681414        1.3454779540472581        1.4673657560086526        1.3441359033232694     
  0.69702941450453215       0.50326914835071090       0.36990237281336774       0.38524202000636587       0.35415283167381478       0.41069852912082933       0.24704780259583561       0.39779708840620609       0.82157000563949123       0.66597570752258350       0.53375220358220510       0.29270362556124818       0.42842292673137600     
   1.2087035886914990        1.1915588859426225        1.3885092113827635        1.2432868256497820        1.3465844301699834        1.3855192610696450        1.2557164635342843        1.3919187014175680        1.2796463660619446        1.2601130657751412        1.3424190587686518        1.2097333799644543        1.3073583772382495     
  0.72671305052786617       0.52888855644377120       0.40138649876008031       0.40786993008506173       0.38272211100944903       0.43970949735051468       0.28286067012640354       0.43393690269567164       0.83496884892804923       0.67907279019106082       0.56287990894514039       0.33486072180153653       0.45831600852151183     
   1.3764254229160919        1.5421547752317877        1.3315909674452218        1.0846023478159905        1.3990309610167371        1.5734569652081289        1.2794519000342091        1.2133932472760447        1.4221789310659581        1.0292983425170592        1.3064305897495316        1.5430035587855138        1.0483061464421704     
  0.75541295320220647       0.55598629434449176       0.43406695642173260       0.43804360048886848       0.41136073414713831       0.46787557275408281       0.32138560857395343       0.46792076345302575       0.84747829088173987       0.69019260547911698       0.59632080259478737       0.37493447372758387       0.48851127404128109     
   1.5259776229078359        1.1084119245592479        1.2605237422807980        1.4289782582191342        1.3658253784092491        1.3330153453742779        1.2864038360392420        1.3895220627268290        1.2827778748285277        1.2434066695255772        1.1646822203005889        1.3680647422285215        1.3396227794492721     
  0.77845276380154349       0.58323476734173907       0.46798548200182277       0.47156115825733330       0.44219184254995952       0.49574143057431252       0.36314984637165409       0.50070990608613353       0.85814511246855962       0.70279717084064242       0.62717549557509289       0.41326524655443869       0.51552078058409900     
   1.3109775279309717        1.1947615918539702        1.1776970104222837        1.3605108053912769        1.4322124968202958        1.1740479507519526        1.1596894619303633        1.6183037892474759        1.0839814953384039        1.1803840178094940        1.4227837445952214        1.3572501169981330        1.0712082060311072     
  0.80049077467704266       0.61334077064727499       0.50145296928062766       0.50359060505253839       0.47339506000731829       0.52561069619156775       0.40403610057210326       0.53054504887425724       0.86821732966747966       0.71561131364406638       0.66354608794452463       0.45286271570458159       0.53907002754011368     
   1.2207018538104104        1.3625335056675327        1.2266223142819923        1.3586760579266119        1.3191278884746547        1.1016237901281183        1.4487766440681842        1.2745588913511250        1.0834554333010322        1.3208862201460778        1.3673319131540145        1.6137749918139401        1.3425660674486124     
  0.81953394914267430       0.64328826415795726       0.53351707306845131       0.53783032364686756       0.50356851427109472       0.55689287914517305       0.44696528615053077       0.56114914865537036       0.87782284422705659       0.73137493513973351       0.69218515062102348       0.48743339049617912       0.56197243701694755     
   1.1677590054031852        1.2929219977252704        1.2387818786300862        1.5656856775498724        1.4106210155124852        1.2416730153986233        1.3149963551791422        1.1795327265269266        1.1531988371482815        1.3854195812040970        1.2037143198509848        1.4304041226650426        1.0964116568850737     
  0.83751508134453811       0.67091452120853667       0.56672175639651790       0.57010309588741082       0.53238508851567934       0.58723205570493053       0.48686090580057745       0.59197835286141898       0.88760392181801651       0.74388068072222380       0.71946687056865466       0.51847712305713123       0.58640161824931925     
   1.2320295849032032        1.3484741356593504        1.2086509555193206        1.2874704273673410        1.3719250269858998        1.4389009663675609        1.1190270559509889        1.1845667588023039        1.2888476565967311        1.1195396731747929        1.0950970860215354        1.8089640964714382        1.3552953348976098     
  0.85143886379819633       0.69604853123537691       0.59786600243355770       0.59968725664026346       0.56461238701212024       0.61752040491254301       0.53099019474942299       0.62105782510484131       0.89812883133428134       0.75469203909311533       0.74312764610574256       0.54645552211094450       0.61383305891897999     
   1.0099081078557361        1.1817889641861057        1.2418065319526446        1.5324016887820533        1.4029800251857056        1.2234763586532429        1.3013647063436198        1.1914411537448686        1.2363735360177825        1.2062260907458291        1.1039766319770570        1.3577285034639122        1.1258161915177298     
  0.86448783482207670       0.71993120429176105       0.63337865093981738       0.62784870751246835       0.59412834591893493       0.65020309784356189       0.57934306912293188       0.65207468839613103       0.90834310503578963       0.76520978176698085       0.76830938490011580       0.57721336310879501       0.64317035018158097     
   1.2614987851658623        1.4321017852741114        1.3660572387601679        1.4628709156216702        1.3622194504670144        1.4847076653563254        1.2984717658685387        1.4755258924023735        1.2775031080181647        1.1312002131752175        1.1070090179174750        1.2394037000483495        1.3291096263947941     
  0.87723826335580979       0.74380800515952117       0.66794442178200342       0.65540232368679674       0.62260147367578622       0.68486238951458400       0.62800755257466589       0.68380743928541776       0.91724277425906331       0.77657697957435678       0.79571263242562051       0.60614710094521940       0.67566083990805614     
   1.2257303897026175        1.3168866219359925        1.4301255913309878        1.1721174675354009        1.3395799317130606        1.2685486881109076        1.0705072151372403        1.2505215687734179        1.2923035524380440        1.6322822461269035        1.1097975195003551        1.4274360705761937        1.3931665195056853     
  0.88931845465045523       0.77107556124479981       0.69883304732189078       0.68811913271463576       0.65366924888691380       0.72341409431200965       0.67653446084989954       0.71652082322813604       0.92577181281427312       0.78871172273145163       0.82314143530252770       0.63627102027357452       0.71528237967586517     
   1.3061803519918522        1.5450210598066860        1.2282506422027819        1.3510781371165437        1.2836795352754393        1.4036929631694246        1.3969916862654843        1.5766802616566571        1.2902704809527317        1.3284460504454036        1.2944431657307416        1.2592777617478332        1.7101702818185962     
  0.90402281829860076       0.79588273308441937       0.72843272817583493       0.72269279868750969       0.68883133442749678       0.75774793135796981       0.71772197370946000       0.74806970784110638       0.93414200924075896       0.80103349009371150       0.85014033853880244       0.66492936011441017       0.75651666558712438     
   1.1415595637513760        1.2545783521364691        1.1417574512046187        1.3118557838151730        1.4971268082564932        1.2680177995857849        1.2269831108814022        1.2233115385495679        1.5971306262890725        1.2872624237400982        1.5468915262729896        1.1124981857020169        1.2539726486223532     
  0.91826177071791348       0.82026446401750575       0.75752309083910330       0.76055424524617821       0.72507565149874631       0.79316171087907206       0.76164459221812730       0.78028498591102591       0.94276999789114202       0.81295242987419192       0.87786784448415389       0.69402191114377410       0.79427537747851795     
   1.1205966073055029        1.6249926679444660        1.2510292894796895        1.5631732737962178        1.3986889442346333        1.4096967150483339        1.5981749833696204        1.4533718189088578        1.3921415973045936        1.3719693294491773        1.6239032082902294        1.0936355391441186        1.3115390004388712     
  0.93120786258260613       0.84356552448098066       0.79211714565678581       0.79612003412197396       0.76618295669173841       0.82134478183523119       0.80162991191644384       0.81481471811967698       0.95048465326298237       0.82633045641033254       0.90316702939710547       0.72484888435449879       0.82777496327415345     
   1.1562575524855363        1.2877113314124224        1.6399050831028932        1.7133369683052793        1.4574906325881090        1.5037836936143545        1.3119561660397927        1.5421854109929178        1.5629679684500837        1.4569738409062132        1.5683413779580364        1.2934845122474798        1.5319886798225855     
  0.94268359042257210       0.86471917820015609       0.82638527717556365       0.82953865376196856       0.80312462771385773       0.84867287724147233       0.84368922539940150       0.84597030523443351       0.95739350928437617       0.84174323692665931       0.92616359338930032       0.76032159988103520       0.85812214402171527     
   1.1654772967060687        1.1505540995478802        1.2660578563861531        1.3042686198046332        1.2015507011655011        1.3160228610590805        1.5852925083112377        1.2768451741930331        1.3336789924653931        1.4932167399929237        1.2862316069025641       0.99708950329555646        1.1833652497577996     
  0.95406560290009146       0.89322495603565144       0.86087581315690676       0.86352227134170767       0.83879018458784593       0.87168672625493915       0.88366441551831854       0.87747586552026080       0.96386131235381600       0.85660046493121877       0.94281093326704002       0.80498807009497664       0.88937845922979830     
   1.3654967663998816        1.3679402409540966        1.4355953947875459        1.4043838771122767        1.2349296805145482        1.0812890779279904        1.2496184981753824        1.3671566362302818        1.2088147171350567        1.5495884866803433        1.2777180487203024        1.3158535604818666        1.3790420369259526     
  0.96610660966819728       0.91667224002829806       0.89500076715292465       0.89407608869309108       0.87434635375644676       0.90672544218284568       0.91780128635349179       0.90659205950228205       0.97021006790335296       0.87229068444813540       0.95735377992945281       0.85381272925285434       0.91926777672637228     
   1.3028981262828903        1.3761209371027348        1.5586363145670890        1.1810683049692072        1.0843427899205622        1.2582853865018748        1.3865771167859051        1.1629541071275493        1.3012876288604556        1.4400141240370536        1.0886746303723864        1.2731935795269045        1.2430432329442282     
  0.97710300721432664       0.94257016476527233       0.93044642239812703       0.92875988223404626       0.91036250780568717       0.93963435166698306       0.94773292009319476       0.93668259828048206       0.97704771629567000       0.88713295022390937       0.97171964135947864       0.90481242775269466       0.94746799953908301     
   1.4882650856193180        1.4266906229062815        1.4970083850571942        1.3792484334997974        1.3805517353207866        1.6197115282653993        1.6573873051622308        1.3387193850126944        1.3351222910297993        1.3392149194765994        1.7706334793223029        1.0704015924819790        1.2674531299195866     
  0.98811159300140516       0.97076164722893499       0.96692082686723535       0.96405930082613911       0.95278260224161726       0.97012316283970013       0.97495632332867754       0.96906814577551015       0.98557309035020280       0.92699449041099125       0.98589643903107782       0.95458699642096601       0.97457231306342984     
   1.4000314725179785        1.3650827434640014        1.5516866948194381        1.4472967855495678        1.1642211810078589        1.1770495022981176        1.3153275983754056        1.3531805234624448        1.3392842672260830        1.4924515192487990        1.4069533324754595        1.1656707751356168        1.2356092857466683     
   1.0000000000000000        1.0000000000000000        1.0000000000000000        1.0000000000000000        1.0000000000000000        1.0000000000000000        1.0000000000000000        1.0000000000000000        1.0000000000000000        1.0000000000000000        1.0000000000000000        1.0000000000000000        1.0000000000000000     
   1.3380707978375457        1.1865564130823825        1.4728884216463674        1.3485627536249847        1.6868798905674347        1.2429554531605080        1.1660008502543275        1.4444144484913275        1.6482058951873717        1.0316237607318903        1.6481095441820688        1.2571652999686829        1.2457303159090691     
   7.4366335777011097        8.9670642045507982       -2.3063516061539024        12.608281780720747        10.107489397437547        2.0186410745576611        22.122260516022838        8.4544516833660772        13.549105628243959        5.8816093951291935       -2.7958625388358929        6.5434896627695354        15.159080823601634     
   9.7508245509829017        11.043564034660493       0.79971866935044256        10.162470537765184        7.2787415196850294        2.7297261732408340        18.200270131452559       0.27713784413387199        12.646249861476353        6.8645879684857771        4.1517103293857192        10.749268334618638        11.138447473254070     
  -4.0977810131155197        6.4388613632053628        10.858205547648311        3.9540809471171388      -0.67085624363482577        9.9854523044468380        14.356650052873116       -2.0758926439769745        11.732254955929104        8.1256713953350346        4.5101545891813775        3.2984930357488000        10.459358785311819     
   14.506179912397108        6.4511982479237959        9.9428145267073873        7.3137108209273745        18.532281310903748       -3.5039204335710332       -2.5804304502037954        1.6809974756844008        20.032946724180231        7.4079852671250936        3.4818329693011103        9.7782016830046761       -1.6093205755359190     
   7.7806574505118196        9.2741584827811447        8.8508974373316853        4.8103557636771619        10.423248618277080        3.4100697353592047       0.94298133567621312        15.936212800134111        15.457627184819779        10.077674421091153        11.425478266441637        19.160735926313716        2.4553866782683986     
  0.15788283939983727        11.682520394228865        6.2608145627889016        3.1424919066171819        11.389866761138110        7.6636070450263327        3.0601892878131611        16.678642365119988        13.188167814774097        5.4511564718291821        7.4177872760065844        5.5850843949885949        4.3369806132927540     
  0.42983567133243783        7.7371480388089076        4.9439312289484363        17.482213788022694        6.5063579563327218        8.9298174803924102       -3.8958551538938209        11.555667888401540        8.5924924316217748        6.4178717776356820        12.240688305066932        4.7149823173919962        13.093081429219485     
   13.409955107927614       0.46179769303966900        10.695104636048018       -4.1545276859946663        6.4012779128792783        11.386443905396296       -10.857566952274809        6.6310149171643111        2.3116001626524811        13.343845878620698        10.005325315300677       0.17615457564675285        15.210341752284862     
  0.67934308990366243     
           1           1           1           1           1           1           1           1           1           1           1           1           1
  0.58634213279125780       0.15423890748274208        2.4604854268316305E-003   10.940753224124725        1.8297779817373020E-002   1.2619701297769564E-005
   1.4998331806467622E-002   1.2094077410529227E-002   2.9403325441404340E-003  0.64584534700867613        2.9394975968460176E-003   1.9407932003637397E-006
   5.0000000000000001E-003   6.4793613947247541     
