 scale variations:
          -1           3           3
  -6.9694323574509554E-006   1.8724226356068883       -4.4349173277507212        3.9621916119240641        4.5894692915727155        1.7172877594044991       -3.6526995958398789      -0.67355153445078475       -10.007202135030818     
 pdf variations:
 NNPDF31_nnlo_hessian_pdfas         103
  -6.9694323574509554E-006  -9.7623321677769326E-002  -9.9109858162163889E-002  -4.9448351935192036E-002  0.21685522390466261        4.9902249974220325E-002 -0.21938584149763329       0.17399842622073258        3.6393733131253825E-002   5.1855184852026781E-002 -0.16652843346148849       0.15099556747127707       0.10705554792615324       -8.1030312362859291E-002 -0.28079795180374845       -5.0406447808610366E-002   1.0168920319486574E-003  -2.1141553423742465E-002   1.9639838212711425E-002  -4.3573653323214501E-003   3.3201547602192960E-003 -0.15552437800373298      -0.10303435533580441       0.40573765052979383      -0.22171011255182016       0.14853116748804673       0.48291302829002447      -0.45455790898998494      -0.46763161885169602        1.1907119572699809       0.41048505203141339       0.21587097640266961        1.5379662687328377E-002  -2.9705743365161297E-002  0.12158199928238922       0.29422707603622555       0.25279249929602265      -0.16243368587482898        5.6953611917366587E-002 -0.18854216577963534       0.17085943014511251       0.10926716659030333       0.26056094037992494      -0.28980859021390337      -0.14983730227458381       -9.9283654965699242E-002 -0.28318835871848869      -0.27953230505781868       -8.2937203691631822E-002   3.8850680640161173E-002 -0.15941795199655218       -6.0824883008301356E-002   3.6525391313823263E-002  -9.5920200844989978E-003  -9.7426643210996033E-002  0.15072980760892385        7.3011139273255310E-002  0.21167956768348617       0.13607797360236162       -7.0724083754779343E-002 -0.31679019760248117       0.12782748158657142       -4.6523037408906731E-002   3.0403595579162612E-002  0.27872618108539982      -0.11081402909435134       -6.9178891599358749E-002 -0.11796906108137151      -0.23383320175702060       -9.2903183183276283E-002  0.12003777607518984        7.0639884186810775E-002 -0.18086523661811071       0.11073241468697326       0.13578408341428094       0.15517132727486960       -9.7830608831321442E-002   7.6350352955895318E-002  -6.9165045467100228E-002 -0.11232519073374725       -8.5518221333602540E-002  -3.3051629303971097E-002  -4.1849443411090093E-002   7.3040994690892092E-002  -5.2512294322326625E-003  0.10803605704169783       0.12049456625920030        7.5333465341465455E-002   5.3873116935829302E-002  -1.7137995730680089E-002  -1.0513294785178928E-002 -0.12129904378895162      -0.23563582394271343       0.23400265552245791      -0.18194363607954323      -0.11275127439521704       0.10189947476662553      -0.35164786364748046       0.14584162872118611       -1.8528496422050011E-002   3.7113577763493666E-002 -0.21223199665502079       0.15110553606131560     
 NNPDF31_nnlo_as_0108                                                                                           1
  -2.7503665606134771     
 NNPDF31_nnlo_as_0110                                                                                           1
  -2.0582706323950823     
 NNPDF31_nnlo_as_0112                                                                                           1
  -2.1282711937507433     
 NNPDF31_nnlo_as_0114                                                                                           1
  -1.8271772968165418     
 NNPDF31_nnlo_as_0117                                                                                           1
 -0.88330210050072999     
 NNPDF31_nnlo_as_0119                                                                                           1
   8.7246764909732377E-002
 NNPDF31_nnlo_as_0122                                                                                           1
  0.58187743716430873     
 NNPDF31_nnlo_as_0124                                                                                           1
  0.97755480813291840     
 NNPDF31_nlo_hessian_pdfas         103
  -2.5703148915382350       -2.6255334965745334       -2.4665299018949884       -2.6510531708869074       -2.2495533960584559       -2.7143053481547970       -2.7465510378763973       -2.8766957486640248       -2.7367241435669918       -2.8473501606989693       -2.6316921697910765       -2.5008237225395433       -2.3507660889660151       -2.4878443076083574       -2.7396314228029102       -2.5300675039661851       -2.5347797315510050       -2.6537251882147785       -2.3984691220135090       -2.2806185334577940       -2.3529356065439551       -2.8639863969110113       -2.7704021181266096       -2.7704572074991223       -2.8528629306862285       -2.1369180671710541       -2.4297965539314887       -2.5498914211103489       -3.1349105771734269       -3.0423913819697166       -1.0735076709307680       -2.1977207920557440       -2.5418108107445025       -2.5361106060214968       -2.5691810892381106       -2.6265559699676828       -2.7445081037310732       -2.2793749409079656       -2.6302121959479798       -2.7986900041831255       -2.6635157317223239       -2.6257339823197086       -2.3782254525086604       -2.1626800377072648       -2.6511968015790917       -2.8911510722363154       -2.5747072784878764       -2.4078783732822391       -2.7601995239794874       -2.5053637291704316       -2.5749815904698252       -2.8732854531473393       -2.7580396435736283       -2.3811243130122897       -2.4124574985005385       -2.4740545537527421       -2.4767783088771189       -2.6258159340887648       -2.5824446645650116       -2.4809387978334652       -2.4205640201893672       -2.5741413398339184       -2.4943441308475371       -2.7039943074995421       -2.4034488116169612       -2.4405646343986742       -2.6828656116825211       -2.3581314031344220       -2.6253976794594553       -2.5271123574316920       -2.3012204430134577       -2.4734946348589659       -2.5334953728882503       -2.4438067436813107       -2.9871752859769867       -2.6394252599481796       -2.7255140726081137       -2.4412565943156075       -2.6274293067291818       -2.4084333225643721       -2.3555930214220826       -2.7256959549727995       -2.5785691084101945       -2.5119306743069547       -2.4862250607776843       -2.7395820428241073       -2.5138135905763086       -2.6518550408065202       -2.5120996656444259       -2.7021441669452422       -2.5669812480642165       -2.7019453595091534       -2.6683644006030853       -2.5816312696578976       -2.7016000716600406       -2.7711581722331484       -2.3821273631725237       -2.5303477752210277       -2.5262328719564557       -2.7127175136874762       -2.7043854519300599       -3.4088309999339028       -2.5719009524042562     
 CT14nnlo          57
  -1.8750930696366108       -1.7195087913496927       -1.8414687357868988       -1.8977624272090541       -2.0692029613682283       -2.1996073604901252       -2.2551304278905047       -2.0908713316630418       -1.7986035782187955       -1.7766779753009914       -1.9327512088343362       -1.9038898833029734       -1.7952040889124081       -2.5028950476722631       -1.2413956661676302       -1.7210772231406786       -2.2459821038965533       -2.0556893058863910       -1.6911471606942197       -1.7612025334226846       -1.9342782798241096       -1.7867740247349317       -1.9318649405397288       -1.8366794522729002       -1.9247250781121394       -1.7402532792252110       -1.9883139335326501       -1.5349738638604524       -2.4334927477456407       -2.3688958025278204       -1.5617747751007176       -2.2662017666059313       -1.2763602146583128       -2.0956494228606157       -1.6915927430611255       -2.4466158098365334       -1.4200344324932441       -2.5050165146142405       -1.1989675865220786       -1.6573707680504643       -1.7737691896264991       -1.8317241993932196       -2.0201054605760334       -2.1000648035166734       -2.1468611318272064      -0.85995247044651357       -2.4126773648596043       -1.2073430245653185       -2.1018249998653271       -1.9467257811597598       -1.8380703079239922       -1.9446958683180195       -1.8868540456626040       -2.2672626558333953       -2.2984080122042236       -1.7456878706015733       -1.8693065203007571     
 CT14nnlo_as_0116                                                                                               1
  -2.0966662237317646     
 CT14nnlo_as_0120                                                                                               1
  -1.6912311958882018     
 CT14nlo          57
  -2.0732177021025979       -2.1071892267617915       -2.1508400388812472       -1.9439177537404362       -2.2943371255205793       -2.1705869989854190       -2.0678926641891042       -1.6727829268331167       -2.5170330607530413       -2.1523672768466042       -2.6309773819853461       -1.4610291076337383       -2.4772676884725602       -2.5675246643743197       -1.7472108128837949       -1.8674756144668798       -2.0012063080879390       -2.8380596268497360       -1.1751811660439468       -1.7908171017052474       -2.3545951153881308       -2.0219581396520425       -2.1609136719111977       -2.2146321156143980       -1.9356594071519044       -2.2721234711712608       -1.9258046593965457       -2.2410049331717641       -1.8481751946894764       -2.3204095859024161       -1.9857342340211073       -1.8750095635194448       -2.3269335345340973       -2.2950974651184577       -1.5837176609217263       -1.6824620915806676       -2.4671673785308208       -1.9545756541227526       -2.1979976079423427       -1.9234687160381441       -2.1524211786234844       -1.9214820075991348       -2.2153148582695152       -1.4572993446072395       -2.3560833446031886       -2.9708853394965615       -1.7991115118629413       -2.0195754644824113       -2.5737232587762975       -2.6349307154299080       -2.1197286764254457       -2.0478558078599782       -1.8838812914825933       -2.3936226844786415       -1.8555203055587750       -2.0336665775199556       -1.9783626566786587     
 CT14nlo_as_0116                                                                                                1
  -2.3030313388322163     
 CT14nlo_as_0120                                                                                                1
  -1.8539770579605577     
 CT14lo                                                                                                         1
  -2.1209228021297033     
 MMHT2014nlo68clas118          51
  -1.4658432099791003       -1.3959244459308771       -1.5454667824664288       -1.3799089374554896       -1.5271966494912927       -1.3710007690167938       -1.5583327010804791       -1.5671674625871876       -1.3535369950504403       -1.3103400705857027       -1.6175254415950491       -1.3930551040393446       -1.6310043436590540       -1.4930834825420387       -1.4254414239235462       -1.5519884380633187       -1.4195946368785446       -1.7240099714801200       -1.1651234206961298       -1.4630139817059611       -1.4714887516131672       -1.6039382080517690       -1.2840388939376517       -1.7972323440759226       -1.2389075870245936       -1.6418761909439432       -1.3218785987954789       -1.4234400778044627       -1.4465753034823390       -1.4037830237181463       -1.5388554763535662       -1.6487233065234097       -1.2770023840745566       -1.3084944378983909       -1.6205486868429730       -1.4677769928575017       -1.3960086898454946       -1.3876798787331133       -1.5081818273083130       -1.5345365477236950       -1.3931396557929538       -1.3391617153744821       -1.5431636365978676       -1.2168317961219017       -1.4323841445237466       -1.4220840369711834       -1.5781230343304227       -1.1208719511466860       -1.9467135678574472       -1.2436138202976252       -1.5718146256125785     
 MMHT2014nnlo68cl          51
  -1.9611369397890748       -1.8998068114345372       -2.0438384574066237       -1.9028869573078691       -2.0207146046943461       -1.8163346912410301       -2.0218307279811221       -2.0312397069730963       -1.8945358397383263       -1.8841185365275823       -2.0379410403391116       -2.2881336440869209       -1.8214154406104335       -1.9689309122094798       -1.9554982550093190       -2.0311060898661442       -1.8881617408389211       -2.1876700379506158       -1.8383282216968873       -1.9875253297199116       -1.9277040036769169       -1.9568120249757079       -1.9663855640768553       -1.5695759476817308       -2.3432178883871106       -1.8087168092980761       -2.3386177668750605       -1.8700131750069460       -1.9797284734069809       -1.9681993981645185       -1.9675110775327944       -2.0855866183156806       -1.6968475042103357       -1.9690837880643528       -1.9120462371908626       -2.0114458745172481       -1.9127084609079912       -1.9560387002201889       -1.9221829986605474       -2.0748627116383496       -1.8829558036258209       -2.1387520255750587       -1.6185561212029036       -1.9597873916337658       -1.9387470062756886       -2.1635227987299768       -1.8163159802539663       -1.9657609867345194       -1.9553701959504988       -2.0914366500726018       -1.8267227500891483     
 MMHT2014lo68cl                                                                                                 1
   2.0081685761212764     
 ABMP16als118_5_nnlo          30
  -1.8956701283512718       -1.8979741659252216       -1.8656349139204114       -1.9290081198095219       -1.8970094042760106       -1.9941071499498548       -1.8617806351500956       -1.9429542193200522       -1.7652231599713364       -1.7315204270134519       -1.9161779822442249       -1.8707479712363977       -1.9619661279426985       -1.9833373131398133       -1.8509198324246352       -1.9365084349572417       -1.8519671054215721       -1.8512230882267744       -1.8216932052544959       -1.8503592114696481       -1.9474967490805213       -1.8586588124143368       -2.0693868322213103       -1.8537683044848876       -1.8986744530055546       -1.7820786432326834       -1.7922166445009839       -1.9124450349212019       -1.8804226529932375       -2.1066512641573443     
 PDF4LHC15_nlo_100_pdfas         103
  -1.0328081606458230       -1.1067924991919540      -0.75440883929999636       -1.1270077099258682       -1.0489650594849707       -1.0615473449544126      -0.80109727761315241       -1.1932343704655128       -1.3749559538683904      -0.87767888288789742      -0.43619420561610944      -0.88266324586382083       -1.3109625983470004      -0.95847995564463417       -1.6827990334555807      -0.83419456377176182       -1.0407031504055322       -1.4358392357416871       -1.0819613007835773      -0.84535298493578104       -1.2752690956834094       -1.0064606313179905      -0.91893184936358629       -1.2852553659723149       -1.0906860267050700       -1.0223232158235831       -1.1929497992998108       -1.1310749385064529       -1.0815041392324698       -1.1029349202736149      -0.94874235850364741       -1.0437617514852651      -0.95215366876286645       -1.1101140736074235       -1.1202434636218062       -1.0666085951682795      -0.99241978011634480       -1.0335051652700518       -1.0668162450157777       -1.0863951248355548       -1.0319973331207830       -1.0741531256356627       -1.0287351458496854      -0.99595034171168528       -1.0519885165039646       -1.0364726245372058       -1.1003879948613342       -1.0353432710933088       -1.0589644033680443       -1.0227061608821728       -1.0374404148970093       -1.0118904779247941       -1.0416149058213779       -1.0064526953550992      -0.99686728733813545       -1.0754331221183673       -1.0281430012453612       -1.0092206083969462       -1.0787986952956210       -1.0642379251837539       -1.0274579459202560       -1.0481282650780734       -1.0188514895954839       -1.0241761214602914       -1.0399945222276923       -1.0279065303316237       -1.0040426547506680       -1.0042600608269741       -1.0442245882924546       -1.0539949045434529       -1.0589975850656987       -1.0090898434371933      -0.98304253038534917       -1.0349840970542488       -1.0346796986782625       -1.0243238617547128       -1.0230907605378192       -1.0347009063511337       -1.0199483109224960       -1.0304380678454894       -1.0247369847495680       -1.0419413000460480       -1.0260503203015237       -1.0409532186791015       -1.0384142586418310       -1.0260815730945971       -1.0404935373196427       -1.0347979731702512       -1.0329945792471698       -1.0252816020565998       -1.0493263871741529       -1.0230202912651958       -1.0355306894035596       -1.0256849214959534       -1.0364097982424472       -1.0428474112077648       -1.0437102702512302       -1.0302634625028730       -1.0288268601973112       -1.0278268112841342       -1.0372868993015683      -0.97186597366017047       -1.1088775684207519     
 PDF4LHC15_nnlo_100_pdfas         103
  -1.3375296146764040       -1.5162543188011295       -1.1889727455734302       -1.5649560845030521       -1.4908974342829957       -1.4107308947639385       -1.4095754172427313       -1.2917349459527419       -1.2915744714589117       -1.3417005016152661       -1.5431734438026137       -1.1336529782260563       -1.3314025251770278       -1.8069121725805033       -1.2588879069483898       -1.3696142500147133      -0.80440247064557191       -1.6235196947255357       -1.6378796464796412       -1.1876252169980468       -1.2890135078356177       -1.2436413911326181       -1.1277361971491118       -1.6314563967321689       -1.4976774745213071       -1.5376865799675983       -1.3952965182965009       -1.2263756344961934       -1.2944023689452262       -1.2839001228022102       -1.1808041911086100       -1.4013477701261081       -1.3675504822930229       -1.3474284533288969       -1.3237750158470671       -1.2632479586240493       -1.4535658566083143       -1.3043444374982229       -1.3012488171038381       -1.3891111969043930       -1.2989988743533196       -1.3373732402052951       -1.3826541901033167       -1.3492833622823905       -1.3503010247039438       -1.3352443080172360       -1.2754875292623922       -1.3258720021042567       -1.3053087523877647       -1.3257998162263842       -1.2898901985760443       -1.3170645933312901       -1.3615281113552413       -1.3092721325237235       -1.3383536572640242       -1.3220019366257887       -1.3676468791795404       -1.3591598620730263       -1.3199530145969742       -1.3229451972751569       -1.3208148630851611       -1.3544669433227501       -1.3530309984179354       -1.3193101194361923       -1.3268190667536768       -1.3367320672712619       -1.3532673770782679       -1.3439166535600418       -1.2991382280343000       -1.3681164635721554       -1.3530480851755495       -1.3394550570932058       -1.3588155314859911       -1.3435973931154663       -1.3306871794826556       -1.3399628595027497       -1.3222714832737470       -1.3355081458458837       -1.3427856684441153       -1.3689257989993724       -1.3437174397270155       -1.3253848194669526       -1.3405640531843748       -1.3268434185984628       -1.3418913403897967       -1.3235139109749241       -1.3353103712550212       -1.3291570729269964       -1.3374815565436702       -1.3224258692647339       -1.3483127595496587       -1.3334120219712027       -1.3388421690157006       -1.3304141578046860       -1.3399114814146174       -1.3447362047774423       -1.3404959504666216       -1.3335855091238340       -1.3288833004985623       -1.3280418366191693       -1.3449708529392268       -1.2169934991735136       -1.4016410258827250     
 PDF4LHC15_nlo_30_pdfas          33
  -1.0474670780868074      -0.96787040941176627       -1.2657715669326972       -1.1125271375750305       -1.8453856597208294      -0.52511472371295298       -1.2653667853734198       -1.0585233260851048      -0.95868548290387068       -1.1720377599405598      -0.97493297009543411      -0.98537384768776626       -1.0413698791798893       -1.0002476311167801       -1.0366798445661605       -1.0752757577548735       -1.1828375671253060      -0.96103371773064872       -1.0041050317542339      -0.79092320020866680       -1.2194004452709493       -1.0969951713200707       -1.0054168471806673       -1.0902206602422826       -1.1169857754724895       -1.0715695814011497      -0.93885081387829672      -0.92875200814255088      -0.80711979437877801      -0.99507139350435914       -1.0369849486835605      -0.97186597366017047       -1.1088775684207519     
 PDF4LHC15_nnlo_30_pdfas          33
  -1.3523684261290310       -1.7584544124459836       -1.4083055027467655       -1.3895674854000237      -0.92989640011599128       -1.5276680038373982       -1.3460849212892008       -1.3686879335052442       -1.4796293394598230       -1.3744945654276091       -1.2468975538558738       -1.4888049984914087       -1.3892315027082844       -1.3260474584518107       -1.4276656700197510       -1.4702682349227931       -1.3936605179990433       -1.0697847122755935       -1.4331385079769330       -1.3901906746871795       -1.0726842015705174       -1.2878179764687818       -1.0308241718694582       -1.3355103397429424       -1.1728656185913469       -1.3938947027074917       -1.2949234003203625       -1.3521761159873051       -1.2302489712363460       -1.0173659815611309       -1.6105225040989737       -1.2169934991735136       -1.4016410258827250     
 HERAPDF20_NLO_EIG          29
 -0.73186383838354274      -0.81303977860168963      -0.65094314434390199      -0.62814408628182505      -0.83522789873677006      -0.69397148802565312      -0.76962389762027250      -0.54249569682908927      -0.91609212505039928      -0.74803360471599412      -0.71310491055273140      -0.94782231621203472      -0.51016942517852293      -0.83807580834490736      -0.62353819099322294      -0.76684081249644365      -0.71279035729122775      -0.59232337923530842      -0.85015110985212239      -0.74601394602960980      -0.72647368741806773      -0.56891966694520413      -0.91494008392445991      -0.84711668030688791      -0.73944300084239956      -0.72286461580085515      -0.71950097983840600      -0.48961114104135994      -0.92032440508852531     
 HERAPDF20_NLO_VAR          14
 -0.73186383838354274       -1.0065435841815180      -0.41025182292734108       -1.0551515565017695      -0.50908366025020335      -0.50916241201877632      -0.97000517681590459      -0.81662887122503847      -0.64360909827679791      -0.45244314044782463      -0.98814119588455540      -0.75524679925128346       -1.0286027287291812       -2.0027769985454107     
 HERAPDF20_NNLO_EIG          29
  -2.3816470425875433       -2.4364626800235634       -2.3356406178563631       -2.3138826452496080       -2.4580103511976663       -2.3194052771181290       -2.4521697194787304       -2.1679624802600728       -2.5979837092002107       -2.4851549837009141       -2.2859905664318649       -2.2644745281256018       -2.5055634172976813       -2.4170876867652069       -2.3544948225880606       -2.3994072062035698       -2.3751790161083068       -2.3563282836933386       -2.4171830888045260       -2.3690554427650454       -2.3993239068767558       -2.5003400922702763       -2.2986266736576528       -2.4505348075625406       -2.3396197908661502       -2.5940806810385268       -2.2692733695517173       -2.3865119430697028       -2.3355548610665728     
 HERAPDF20_NNLO_VAR          14
  -2.3816470425875433       -2.6865120837253862       -2.0262363828715326       -2.7533907626378511       -2.1296526231138326       -2.6650272321290629       -2.3572017450055505       -2.4562579928198272       -2.2580493438669649       -2.0275332814291378       -2.9189002431942761       -2.3315894140030338       -2.4941624163877627       -2.4492936631385298     
 CT14qed_inc_proton          31
  -1.8886998211834989       -1.8839195683349121       -1.8788915145314515       -1.8742810422077660       -1.8692262224954348       -1.8645936818172171       -1.8599571865087743       -1.8550566177194590       -1.8503565803085973       -1.8454168723955089       -1.8407246548665110       -1.8356181370748779       -1.8310129859480373       -1.8262687704212475       -1.8214197532081080       -1.8167619115526588       -1.8117374171627016       -1.8070680560479691       -1.8021262216084803       -1.7973854608997524       -1.7927797263814096       -1.7877771096577355       -1.7830885989068435       -1.7782329639710852       -1.7735340557223367       -1.7685488763943091       -1.7638125796266682       -1.7592069667658894       -1.7541875683337711       -1.7496470835826958       -1.7445535912660830     
 LUXqed17_plus_PDF4LHC15_nnlo_100         108
  -1.5436756804889384       -1.7263773717193160       -1.4007456799430660       -1.7651932889836601       -1.6963132798682565       -1.6172072250164540       -1.6079051942933429       -1.4926761595411566       -1.4980464066132591       -1.5473972983904378       -1.7455643862355519       -1.3379752150174369       -1.5344337411620543       -1.9999111978036481       -1.4674574709519170       -1.5879318289423789       -1.0116347845041549       -1.8285206974595525       -1.8405022152443742       -1.3889739914936019       -1.4885617507821731       -1.4560915268260146       -1.3365280829554305       -1.8328963349201750       -1.7064622325037817       -1.7432857604724141       -1.6062087415120025       -1.4287107260099674       -1.4978550530348720       -1.4938064186048798       -1.3927988028586249       -1.5997608785254762       -1.5746195763905551       -1.5544887787295742       -1.5312129458658994       -1.4719290345568385       -1.6578844004795990       -1.5107354986448520       -1.5084894440514702       -1.5967589310202346       -1.5058842046611876       -1.5450552324567575       -1.5885829649741812       -1.5512700105417014       -1.5568256074106621       -1.5418659710283116       -1.4802005295983491       -1.5324508488552784       -1.5112602020955439       -1.5329446696050102       -1.4959706748040702       -1.5235404584626000       -1.5670542546987001       -1.5150045097806562       -1.5436298375567876       -1.5275756414490971       -1.5758750583882968       -1.5650264009742170       -1.5235329594707476       -1.5279129366000124       -1.5259856833361827       -1.5602871580721445       -1.5600493793078076       -1.5264705021326019       -1.5322867880358206       -1.5438034176732298       -1.5595584773201310       -1.5517419566761159       -1.5056685062235022       -1.5748797885396275       -1.5591621681450878       -1.5452511278596237       -1.5652225480884283       -1.5505148255079515       -1.5374459468336568       -1.5454173115378076       -1.5273125075275402       -1.5423112199964333       -1.5474897121681916       -1.5744099431066356       -1.5510701559250606       -1.5310518699663920       -1.5465195026282341       -1.5335718514207617       -1.5483156202179664       -1.5293338909924810       -1.5400946378662361       -1.5357520841165613       -1.5440985601794406       -1.5294471602414017       -1.5547276029247037       -1.5401781491725242       -1.5454550841031995       -1.5362408341341727       -1.5467669520446137       -1.5504588217166138       -1.5458608184439573       -1.5401597830704787       -1.5354275504602466       -1.5336660271173717       -1.5504916761809007       -1.5437991100488908       -1.5445862866231348       -1.5435272939124136       -1.5435086483466716       -1.5432477104105811       -1.5436114777464223       -1.5442937746820373     
 NNPDF30_nlo_nf_5_pdfas         103
  0.13676669331356806       0.90701443988116282      -0.22448847891451429       -1.3776488155265572       -1.2851811482674336E-002  0.55291066984923809        2.8776886838801357      -0.23763767147904069       0.15205034989298660       0.83813141869279839       -2.3471175730416896       -1.5534549198380834        1.7084897769531970        1.4907386628376038       -1.6283688650845249        2.2081169340847886       0.42673083316048555      -0.14411206716552094       0.32843242696817754        1.9385169007394865        1.6313833313735966        1.7264753630963696      -0.96959571700443092        2.8697248385961718      -0.69657381344606861       -4.8230372995199389E-002   1.0299969392259705      -0.49919709578336224      -0.72929760120618070       0.72097320286259148        1.9791677687946319      -0.29022007205977296       -1.1213689400116724       -1.0986435540050508       0.64159604419234029       -1.1168401864763187      -0.36602999907368883        1.8963984207840401       0.65639099546679169       0.69484961771949294      -0.59735082142677065       0.83657811391286430       0.98583414974990902       -1.6729084185504561E-002  -6.0067105536466769E-002  -2.0428004840459675        1.2547589635692571       0.38873614038307736       0.29827823152194100       -1.4029038733075900      -0.98570972359133791      -0.58296190463899222       -1.4238124513205328       0.21823353401331147        1.3446575122226658       -1.3374400804937228      -0.36061499405287734       0.47525790102245224       -1.1779801133883403        1.4039650197477354      -0.25245586775938023      -0.14774174352718816       -8.5645656196557951E-002  0.18264565290185075      -0.39845599357043859      -0.35040720643875289      -0.31532101530430978        2.2704895339156224       -9.2099681949893153E-002  -1.0583280567163200      -0.69077986543359060       -1.0802017901580161        1.8392624817736376       -1.2792449783489435        1.4754107578010434E-002 -0.32724159161028510      -0.62733425846969659       0.77500147352342097        2.5200264238125527      -0.14100371874588014       -3.7104177806837058E-002 -0.31849207199159935       -1.6931878543860321        2.7526621662085642       -1.3815264048520195      -0.96065077021430589      -0.45855960684960273      -0.76977729964354857      -0.56392408415470463        3.7728229484183728      -0.26883016597915521       -4.8815641520901565E-002 -0.51050995166093749       0.29317935585805799       0.60882557763395972      -0.73232515339286408        1.0606080300322418      -0.25407592474174656      -0.11338691336485951       0.62030613287994640        2.4388069065257678        7.8066699587909127E-002   8.1611918140881201E-002
 NNPDF30_nnlo_nf_5_pdfas                                                                                        1
 -0.26357933219041918     
 NNPDF31_lo_as_0118                                                                                             1
   7.8256608561591534     
 NNPDF31_lo_as_0130                                                                                             1
   4.5438361853162927     
 NNPDF30_lo_as_0118                                                                                             1
  0.54408502521899926     
 NNPDF30_lo_as_0130                                                                                             1
 -0.38986629501671821     
