   0.0000000000000000        0.0000000000000000        0.0000000000000000        0.0000000000000000        0.0000000000000000        0.0000000000000000        0.0000000000000000        0.0000000000000000        0.0000000000000000        0.0000000000000000        0.0000000000000000        0.0000000000000000        0.0000000000000000     
   3.6235893820446868E-002   4.4007963640711217E-002   6.6844723849326687E-002   2.6021302247556308E-002   3.2791907849490397E-002   2.4902538391179188E-002   3.1363846829918600E-002   2.7319144571122143E-002  0.25670605739886321        7.4153898093986551E-002  0.16824981440039238        1.3766527366113574E-002   3.0202758074056812E-002
   2.8391811039284374        1.7214182196782917        1.8830513345236344        2.3616444517482322        2.1503065305334115        2.4289899319665778        1.8800920756411932        1.8249432976474795        2.4082602243739202        1.5831883140638838        1.6385572795648566        2.3626925610472691        1.7584858326566120     
   5.7885803194138975E-002   8.4020617631547556E-002  0.12945535129565933        5.2539444832439892E-002   6.4796070235854306E-002   4.7792573262971844E-002   6.2308970570860045E-002   5.4158431782598014E-002  0.31978911079654315       0.11044417069965180       0.22974327314200924        2.5761786088863432E-002   6.0734234850656786E-002
   2.3598953105946201        2.3758658511074646        1.9758303310090481        2.4730807799607821        1.6465710674879819        2.2413310466341052        1.9292879663607194        1.8050828843598272        2.6767484565079807        2.1569800377154538        2.4735927923030085        2.3708685483619329        1.9085147516276821     
   7.6625869994191159E-002  0.11394214943228823       0.19553839052022504        7.5500652967082665E-002   9.6718479463481999E-002   7.0487546159715364E-002   9.2062308274863031E-002   8.3415724810150707E-002  0.37899315028161557       0.12825209819072830       0.26847688261842562        3.6567924037726678E-002   9.1084616375872451E-002
   2.6805032716106325        1.8015477872002899        1.5691060886121653        2.0629178975256868        1.9791839185021902        1.6242848869549193        1.8873483299518343        2.0317681840122632        2.1158727511165609        1.8522124715044512        2.3830213401750453        2.6728495649885766        1.7785800389728732     
  0.10336131011851162       0.14397545702762427       0.27043119321798625        9.7668452421705104E-002  0.12860947433132075        9.3623524367500821E-002  0.12083632488936100       0.11693983875146667       0.42180205493896761       0.14020617500076329       0.29781968950431126        4.7455711047132275E-002  0.12022719469252538     
   2.6671225242200598        1.8861869333121497        1.7504159671053081        2.0565216709968794        1.9386842763091114        2.1614891062743014        1.8517764305190321        2.0018577845248333        2.1313974014132220        1.8639536163196888        2.0096897441242603        1.8629776865714744        1.6548820503683070     
  0.15888026301788916       0.17347298431095926       0.34635826403685066       0.11960136594894014       0.16176070700310821       0.11836396899974615       0.15013299985611686       0.15103955760596255       0.45370637528202534       0.15384213406397065       0.32287597471630736        6.0284938688973111E-002  0.15202274941792679     
   1.7598184352337400        1.9085672434422765        1.7049296635384084        1.9759751901118265        1.8752985942812423        1.6455797959656251        1.7529602579494503        2.3542935106627665        1.8661658122650060        2.4954290045574310        1.9627421582456466        2.1827343980371072        2.1290583801887348     
  0.27097527365157492       0.20345246063755379       0.42386012919681570       0.14121105345423532       0.19146229499531664       0.14593830704824684       0.17995981521244078       0.18300586466839192       0.49055331469143404       0.16747535583802037       0.34831547331521412        7.3891680470052665E-002  0.18373992724600663     
   2.6018748324561614        1.7603093992208565        1.8486619806370168        1.9608565063367180        2.0724581373836233        2.1142389317995720        1.9784537867421639        1.9394377910044163        1.9226578774706466        1.7802583706611850        1.6965536071954816        1.9287171905777538        1.9971151889626497     
  0.36634227002994840       0.23656413131555720       0.48703928893840498       0.16555735778115777       0.22250946692088508       0.17303299977586253       0.20955801952615868       0.21647711146605281       0.52074539556306876       0.18035178615844746       0.37474150384187616        9.2528225510462109E-002  0.21780453272829070     
   2.2277749486235181        1.8566204627764500        2.1002592248560328        1.5245545824452107        1.8402897459914527        1.9443374573636194        1.8040499873561031        2.4263063234923727        2.2609813380882335        1.7722734651656373        1.8981531740267010        1.7827053487930222        2.2834800830729431     
  0.42859923468964661       0.26863978151525941       0.55884816849868191       0.19196353701234897       0.25103385638746034       0.19962404577178924       0.24056957992624720       0.24905156237061099       0.54999787618145390       0.19218061682239751       0.40000095857949758       0.11186611504311210       0.25242540486859438     
   2.1890887804889672        1.9762744075817260        1.6815745395945627        1.9018884596014840        1.6285623009149324        1.9620063758660000        1.9882667258878446        1.7928310146122186        1.6746484454463193        1.8417681460757103        1.8148159050246906        2.0614707018177914        1.8889313865673205     
  0.48035631259257872       0.29621987525103488       0.63054574428306809       0.21701961017865776       0.28020762702524915       0.22719231044200552       0.27086796303660698       0.27853779021755493       0.57809658471923364       0.20411057925004922       0.42747943035106684       0.13434625824201746       0.28558697991841492     
   1.9195294882574900        1.7654428759631109        2.1949569788574714        1.7234885152630242        2.0106946653137809        1.8253147376527887        2.2492228011773348        1.6448865374287074        1.8307561061584487        1.8260855779621399        2.2015096238233198        2.1579255418441634        1.9618808905363589     
  0.53148077294563567       0.32802404988836209       0.68554677982188084       0.24445228975037603       0.30613129774477527       0.25358765370646713       0.29920705229376421       0.30802845617014535       0.60469790394640766       0.21567496795566377       0.45493586371495798       0.16232155229103432       0.31884858199474869     
   1.9297863502281407        1.8444862520173071        2.0889364235421888        1.9154904590391184        1.7839026612083140        1.6622277844035969        1.6381060449944911        1.7958366437507602        1.7566505244040462        2.2530047084074232        1.8271273704869033        1.9531551135989003        1.9883130763336498     
  0.57364798903908232       0.35861795223242782       0.72691466707738839       0.27154176134812702       0.33410322781216384       0.28170924879317927       0.32724200142104670       0.33863101975211701       0.62914692045523579       0.22754547390596275       0.48712028595717199       0.19122333855853665       0.35132166960876116     
   2.0576636184021502        2.0354461805203763        2.2057782625564091        1.9895434835527082        1.6192826675038929        1.6698553983251982        1.7055621037415856        2.1029747069303650        2.0419652842976950        1.9408003523121837        1.9558403059687941        1.9611307014358330        1.9946790770354217     
  0.60917511440058913       0.39106086874452689       0.77403969191858579       0.29776761644829480       0.36294730174628703       0.31137055487716120       0.35350102795498756       0.37075630993391884       0.65329650082098289       0.23764978667075701       0.51672510388324533       0.22259991243336127       0.38147846325657375     
   2.0439340850681598        1.8906619555460968        2.0273165446241626        1.9482022130472452        1.6326072582527014        2.1604406191463141        2.2473072954773263        1.9932030466661768        1.8116308306706606        1.8032022998928980        1.6229883946176846        1.7331343065878178        2.2379202318184581     
  0.64065064238064107       0.42521906931796050       0.81104224163443706       0.32462903711021046       0.39699070125465707       0.34486755539464037       0.38109868905888050       0.40152294106602415       0.67566214778594469       0.24917189370877754       0.54699858655872968       0.25434055544276912       0.40967857944846375     
   1.8618541653234959        1.7538055345421304        1.7551666024150088        1.7172738257651192        2.0755486926721383        1.8170521413069738        1.8006237385936470        1.5833414933828507        2.0728937354042749        2.0443576693218990        1.9926573281243483        1.9477232750507087        1.5265173346041181     
  0.66960283683993915       0.45752531360825777       0.84335451591378363       0.35476497350636071       0.42896279510259427       0.37897345619485939       0.41323059960937719       0.43050935971404791       0.69717441603244301       0.26159303457950289       0.57784645080994701       0.28764515570060639       0.43692590527962444     
   1.9080597683669738        2.0548321064982593        2.0396233420574146        2.0617040267733575        2.0962359300186666        1.8100988728571075        1.8556721557280904        1.8268406420785661        2.0919627688874622        1.7968768075913377        1.7773597728031267        1.5969037916226647        1.9206435086325895     
  0.69743497424180667       0.49134446908229806       0.87088083016406159       0.38580396392903016       0.46030124135129263       0.41415330982011234       0.44773090838634833       0.45994613605193790       0.71849682966869965       0.27542649652174273       0.61393908893731208       0.32409111185782480       0.46126308766617957     
   1.9373524772728967        1.8908398167280820        2.1698157405466545        2.0510949017481090        2.0774080571124283        2.2926157423696103        1.8570736243651418        1.7750423604077086        1.7976240256030982        1.9619924726272948        1.9401759114631678        1.9666542103611779        2.0332571040362564     
  0.72487313167174061       0.52537290041252416       0.89460710691176171       0.41876330592454675       0.49202408246843066       0.45092740289006278       0.48193893298136681       0.49108339200181000       0.73886206571403334       0.28987039156005906       0.64560755457066643       0.36498394800445755       0.49176236566845338     
   1.8790377590489495        1.7782446048928562        2.1254105563070396        1.9785518838846501        1.9719983956973430        1.8279989459437429        1.9153661744655819        1.8968619482851050        1.8092302484649212        1.7028906556680548        1.6379885145104018        1.9830475519619895        1.8438245277968059     
  0.75099842921912541       0.55523890041876778       0.91512397220435682       0.45311876151960306       0.52224277450377210       0.48625521093208168       0.51591033148596399       0.52153388595359362       0.75720489669376034       0.30429329393556170       0.68467383949907445       0.40312666666050978       0.51690713005452649     
   1.6300607209506768        1.9210309139187189        1.8726321597350841        1.9383082344980507        2.0402403662087898        1.8022269544017859        1.8484877053537754        1.9731456558067408        2.2846982608975797        2.1825039705363105        1.8411173659744089        1.8282290059354491        1.8075015551824702     
  0.77483050493317263       0.58692857404583432       0.92994982779825264       0.48733752140205633       0.55141647240206204       0.52240920557307113       0.54724002744326594       0.55640433133442868       0.77502205134956914       0.31961468755751160       0.71365467409203143       0.43831118565937777       0.54600411224840317     
   1.5725211882755163        1.9934221241629506        2.0822970019496716        2.1130984214118316        2.1017557330597691        1.8345929654934210        1.9081535083487768        2.1198620792463281        1.7091970169539674        2.1874364357253007        1.7392541030999416        1.7290753478239735        2.3867573448260599     
  0.79660402485909132       0.61845991960378888       0.94299801301527308       0.52323075810607345       0.58109505445250864       0.56001362833587720       0.57448849511712863       0.58139240670306613       0.79371880424988295       0.33688590847869632       0.74138404175219996       0.47007795212953435       0.57746083151625116     
   2.1403746787090925        1.9421983890733632        1.8421371176601022        2.2141277120220813        1.7184863330094278        1.7013558131503719        1.8710033793629666        1.6082613177839653        1.7662630685305243        1.9842073765654451        1.6868763496444517        2.1630119678084783        2.0599601743835061     
  0.81714389156540890       0.65067828378095904       0.95372586744650301       0.55886757746262705       0.61271938635869128       0.59764562551549039       0.60357193565145417       0.62081310301520687       0.81141749715398925       0.35500858424850879       0.77306710255028976       0.49867545399713675       0.61323256867937437     
   2.0606576964694336        2.1443612683404010        1.7570683647904952        1.8576871391047343        2.2905765258411108        1.9455084115047740        1.6083958051935430        2.0147239768175158        1.6368166046646784        1.6922915491831920        2.3821638658856896        1.8646729317078861        2.3142530770321357     
  0.83585424340622660       0.68053981441766387       0.96245458572761478       0.59381678589026876       0.64423935046128600       0.63828723421434619       0.63379565093910650       0.65345507595468533       0.82595764417803241       0.37390583941055355       0.79539950838085305       0.52749947277854603       0.64433032966243342     
   1.5111434413096005        2.4622033712596512        2.1446348338470020        1.7279905755855254        1.7042785215833063        1.9690061985038845        2.1176545820590658        1.9516191462375008        1.6619972233069831        1.9054359091283952        2.1169678875051607        1.7872096801946211        2.1134815110211425     
  0.85303228225027372       0.70962334209120426       0.96984761216799908       0.63016916998987715       0.67443502801245958       0.67453367572057454       0.66305521544167867       0.68716347674784262       0.84024578015811557       0.39454986862315233       0.82607085846958517       0.55831988022978452       0.67429509323423520     
   1.4490230677067877        2.3289081274018004        1.8851033453565302        1.8727565981802594        2.1040992475641218        1.7647701633411450        1.7643577751926358        1.8411501505963102        1.6254188070087601        2.1029243147442394        1.9865488888157861        1.6333779210226766        1.8651407426060680     
  0.86941887604119561       0.73897680028527712       0.97639213286389859       0.66385557712637311       0.70605187594954999       0.71095615983277838       0.69946053832743504       0.72038539047481343       0.85468695443261244       0.41514327491391728       0.85101847646040407       0.59094893994261111       0.70558954260407847     
   1.6401794723491789        1.6589507593110076        1.8728982668395775        2.1571314263762025        1.8179136866017100        1.9078594187049789        2.3932518561796470        2.2077426903362465        1.8183301866286565        1.8999369031763109        1.6663947737097191        1.9391672349478533        1.6016670220423255     
  0.88509868382345125       0.77126966384089113       0.98161251373341796       0.69580037480180301       0.73821519618103026       0.74750248686091036       0.72926555674023519       0.75089609990177220       0.86906150716450337       0.43663852821897903       0.87368903463268266       0.62655494397745493       0.73861946762894160     
   1.7378154691356189        2.1836570808760083        1.9130940547289423        1.5881863936803522        1.6302460031613975        2.2841485348721013        1.8577978415709866        2.2732096151834340        1.7754327715614697        1.7223883842809289        2.0546729096551037        2.0078496440900890        1.7946262570656544     
  0.90017347965541994       0.80171490781599397       0.98590657421870753       0.72681658763737278       0.76830626822697423       0.78411717151016058       0.77109922496403183       0.78033815117737781       0.88360853112259419       0.46258661653670163       0.89497415196489838       0.66232721200334799       0.77426376649376771     
   1.7116569513159641        1.9085643190424044        1.5674305585912616        1.8593705245915768        1.9797252634500848        2.2576150727306259        2.5035399152801721        2.1511402394083636        1.6401028222159386        2.1262515376565094        1.7128945316813273        1.6631588869102927        1.8117582570868400     
  0.91534440746437384       0.83604261623469089       0.98885253688977115       0.76124931326344503       0.80118821726511236       0.81883617209819159       0.80624771560399011       0.81054854402000698       0.89847513753901609       0.49109146448431334       0.91533745581370352       0.69978662520305568       0.80130868501121244     
   1.5657870078661453        2.1198184176634096        1.8859219190874341        1.7616982398044443        2.0704110922261560        1.8760811234651527        1.8893009866722243        1.9084559638383969        2.0216382111672972        2.1989302071633006        2.0514241846613523        1.9756172223988058        1.6941704830057096     
  0.92993985634190746       0.86910828843216370       0.99186295337972152       0.79613974594334080       0.83471092874607833       0.85424710425775940       0.83977293675088294       0.84043365272609039       0.91418286457906350       0.51058775209826901       0.93329515084311354       0.74712073005325474       0.83235508173467798     
   1.5223441370768356        1.8764749312161946        2.2316487101704672        1.7911293036982656        2.4227587052114403        1.8873646485079667        2.1732053573971752        2.4547698221254279        1.8886502508842014        1.8953893449550752        2.1437361638639478        2.0372265755072041        1.8081071632277350     
  0.94382232115203646       0.89810490844025082       0.99403799211762922       0.83189261075169341       0.86711243292364482       0.88521900798283681       0.86838962425894106       0.87345965137987569       0.93035043037933085       0.55078194123787394       0.94874483055439396       0.79818945042651945       0.86969024241231940     
   1.8770200350913908        2.0066017803948482        1.7214324881220318        2.1124309328355988        2.1945712395145174        1.9281248487409546        1.7560317683482103        1.9911399819816991        2.1214147455777463        1.6686026916768448        1.9013355863498791        2.1107606230029274        2.4408955770874337     
  0.95737059239048905       0.92446680816847226       0.99617020840433501       0.87128045463544312       0.90119033696789996       0.91665529143497226       0.89849059372602091       0.90494323687844480       0.94554926088687441       0.59484851518830828       0.96247066111693336       0.84683441736837162       0.89705354240916035     
   2.0135803695341226        1.9450681135384367        2.1010455749741377        1.9295517412458287        1.7856268452090760        1.9283502744359271        1.6509122769768745        1.6505619179567850        1.9527595655692951        1.8727792148345037        1.8662661512212273        1.5428427202913657        1.6074438595838940     
  0.97016709894333286       0.94892467869665642       0.99771147351917555       0.91404861925471470       0.93344817879257358       0.94809864569334801       0.93380384683502005       0.93515228116926985       0.96049444317512656       0.64296574899824577       0.97492074846154808       0.89505280802091480       0.93069004426482438     
   1.7002680463767388        1.6271063442860760        1.8593414205701848        1.8228753726544433        2.0743598109999550        1.6713094518344134        2.0310010910017815        1.5893358366345141        2.1164532363301949        2.3985168784566380        1.9889390002881326        2.0462721245268130        1.8055967026275808     
  0.98457892594570717       0.97263744640343286       0.99890453418011838       0.95902858937716562       0.96582895693443827       0.97562362966695526       0.96880078266688130       0.96697771868634752       0.97797535776490574       0.69286800098764911       0.98709750681501296       0.94525374379175020       0.96276720688461603     
   1.7624335042844983        1.5188994174770252        1.8031948519469818        1.7261374673702201        1.8383763822606072        1.9484360486740260        2.2411333308784522        1.5617303781269902        1.9589045446490967        1.6279683656940540        1.7035014112943465        1.6486246843854895        1.8648865800490249     
   1.0000000000000000        1.0000000000000000        1.0000000000000000        1.0000000000000000        1.0000000000000000        1.0000000000000000        1.0000000000000000        1.0000000000000000        1.0000000000000000        1.0000000000000000        1.0000000000000000        1.0000000000000000        1.0000000000000000     
   1.9871933505662747        2.2124967772945241        2.4795139942969540        1.9412922875754492        1.9612875752471532        2.2744701332365636        2.2056633265303329        2.1656684636872963        1.9899253477867289        2.0334962612603369        2.6006186170128314        1.7472898286411993        2.3568746700346219     
   10.156235232167248        18.189238097554956        3.1760381120056387        5.7414408107711674        8.6296184761176882        16.396901320620692        12.984339195435233        11.570139840044792        14.476482539623618        13.663996194787334        5.9717977104692839        3.0744150826321071        15.636997653653181     
   12.492813863088996        8.5415522820511249       -1.5431037651721580        8.4267345648684007        6.8971194973645016        6.9170724104331871        12.012693481632567        19.626737412549758        9.2571873282099997        13.036767177086180        2.9475203541718260       0.99711472022863923        12.491595268207149     
   1.2385671417097290        3.6465218462883637       -8.8419594594883204        10.585081557592430        7.5999864170924303        10.706468175791956        10.510390574726213        9.5820862254991663        10.701633055184397        12.807511219326646        16.065077162185286        10.361742485140235        4.0326254538445596     
   7.7233705568149782      -0.73936147604491587       -6.4518650179642627        7.2640499800236240        10.780409643225005        6.7785042842270604        8.0923597597844914        11.658738232863609        3.3406047670755892        5.0015702586103323        5.5890759265692473        11.247547224580483        16.718567934085311     
   3.7969192234513676       -1.7568771435540502      -0.83560850420823884        14.831890779671781        6.2013323626056724        7.8060770379043891        12.464430683947555        12.820623153821829        2.1443800405527060        9.3592183298664899        9.1779168873946162        12.080947125275008        11.949653646585885     
   13.887424341478539        16.376895225741517        6.4304125084383941        20.973780452452878        12.021580279620705        6.2652940472953720        12.543982249487650        11.397336712438598        5.9292654352478813        20.171227633450943        3.1610707641442053        5.5295497547179844        17.155947971595342     
   12.009320277605983        12.505908442305744        1.9083313826344290        7.1633136623702534        18.124241596049373        19.214828995428178        14.612808751522367        7.1780749869912048        15.857686067140385        10.969351075207175        18.096054102472397        10.705584484585025        7.8945974799009111     
   16.031178449783685        15.310280378284613        23.270541971338279        7.8732411148996642        18.471808709073759        14.471075534101564        18.838180969129500        11.422792416573438        26.876265709353408       -14.922364124744639        13.215944787993784        14.053203810512999        15.214334008973388     
   86.361745685681925     
           1           1           1           1           1           1           1           1           1           1           1           1           1
   54.512298838286945        12.986023859332658      -0.32250040323904450        11.667355734464095        1.0975879473987957        1.0312443212991919E-003
  0.96401161951614389       0.74957598837990769       0.16645810769382899       0.48331969551691184       0.16643560980231625        1.3396499080804095E-004
   5.0000000000000001E-003   12.555265649420711     
