 scale variations:
          -1           3           3
  -14.900423724587831       -10.275858932811648       -22.856101482192010       -17.594365228242584       -12.133705106642704       -26.988374067288195       -11.581707964400342       -7.9871448023942069       -17.765477868841820     
 pdf variations:
 NNPDF31_nnlo_hessian_pdfas         103
  -14.900423724587831       -14.860908869682058       -14.875426899229335       -14.894695445963153       -14.934950498826986       -14.860339332571632       -14.865283297432885       -14.924055408910149       -14.884507890568363       -14.827248423578812       -14.959298011150922       -14.926431335782658       -14.871856230866989       -14.936459542062993       -14.771693263835136       -14.829546091204952       -14.758606876570521       -14.967635614221857       -14.976849559100094       -14.915508403087005       -14.949528675596916       -14.762501994604495       -14.829494165961357       -15.088832967410632       -14.817060038358955       -14.801708971574847       -15.106614701909274       -14.855371079038431       -14.888232332877809       -15.083581484392283       -14.845279972828965       -14.817094054845551       -14.887679737747156       -14.897557329712752       -14.937014878137715       -14.804545481832429       -14.870464217138554       -15.003795230727976       -14.840990549031641       -14.950108844604550       -14.883244879431894       -14.868429528878078       -14.845246816347514       -14.894184123978206       -14.891539102641488       -14.815071409509512       -14.911952123559228       -14.997197028782287       -14.789588306549520       -14.953977307432933       -14.872166442475566       -14.848163410567739       -14.943274106663345       -14.886784161677971       -14.893198391202091       -14.899065221144369       -14.938301468411584       -14.830915185029424       -14.792115767394588       -14.918979945719103       -14.888101803138113       -14.948510177371611       -14.888557658398096       -14.952536163173047       -14.950227215824642       -14.850049057794918       -14.905645239099258       -14.938805046847341       -14.870787080049503       -14.856494532187446       -14.933994963593811       -14.998744325319489       -14.855088050838809       -14.834620852808584       -14.920344288662303       -14.891093230635507       -14.896523331665875       -14.961560985789999       -14.877023384146005       -14.882326892273111       -14.902167765992443       -14.878559230162548       -14.891516929295355       -14.890177446514754       -14.935958072762830       -14.916383995214082       -14.873862668389691       -14.907506088570752       -14.897011762680009       -14.936435868423064       -14.935992853352893       -14.869086397946228       -14.914018484703996       -14.884640098609395       -14.918234058701714       -14.919209701637477       -14.902745808561047       -14.866143256092277       -14.905008466199696       -14.902643679147255       -14.904724919311960       -13.201369786947710       -16.812191529536697     
 NNPDF31_nnlo_as_0108                                                                                           1
  -11.411467565696395     
 NNPDF31_nnlo_as_0110                                                                                           1
  -12.283370779594916     
 NNPDF31_nnlo_as_0112                                                                                           1
  -13.126116338483252     
 NNPDF31_nnlo_as_0114                                                                                           1
  -13.953804084424752     
 NNPDF31_nnlo_as_0117                                                                                           1
  -15.363429883437542     
 NNPDF31_nnlo_as_0119                                                                                           1
  -16.414972158387407     
 NNPDF31_nnlo_as_0122                                                                                           1
  -17.826667856121368     
 NNPDF31_nnlo_as_0124                                                                                           1
  -18.944821221363650     
 NNPDF31_nlo_hessian_pdfas         103
  -14.543300298572928       -14.560875315410453       -14.515807639661510       -14.558291973186197       -14.559553607346137       -14.563487149484500       -14.525781743365794       -14.522237160727689       -14.497753006972745       -14.493364848591476       -14.585654577304618       -14.527093958540636       -14.579983771372936       -14.487512436676719       -14.464113686047495       -14.613285733816488       -14.457766167412389       -14.658267602172401       -14.517669304663681       -14.571275691181992       -14.681566066658096       -14.351520343940487       -14.534258317721891       -14.543688894160578       -14.371216362071051       -14.683223655984248       -14.542331108447058       -14.559195335500265       -14.539821004895282       -14.315516926296144       -14.618722006794384       -14.624441730042182       -14.562980816416994       -14.497993767514588       -14.545881952297206       -14.576425158354024       -14.614112206871487       -14.621662639306880       -14.617844895761378       -14.628767276832463       -14.525854402673554       -14.698734899856069       -14.559453100734283       -14.448808883863688       -14.644221738130808       -14.530825304535503       -14.597284290471414       -14.580436899277434       -14.541381451600669       -14.448288984851310       -14.468600987586584       -14.524737417826708       -14.597218745728856       -14.574057271546236       -14.594353258394706       -14.573528635152499       -14.443839579440525       -14.615433212264325       -14.575570057111998       -14.531086163632901       -14.502060943443791       -14.490883416823756       -14.465895130183746       -14.465107562352113       -14.544986785284893       -14.528907300854083       -14.478150498891416       -14.614785850843969       -14.581828302340256       -14.595505722274600       -14.597076050341403       -14.513372388278423       -14.554301408197938       -14.583755863537535       -14.469503765683969       -14.560620469494577       -14.526578882629734       -14.510441963011798       -14.542475512513425       -14.563932022898157       -14.536069025144684       -14.570798742187078       -14.566278036063409       -14.529772908889333       -14.542733875967455       -14.513937885721212       -14.563389161381627       -14.578073736736878       -14.551285829009668       -14.563055296643075       -14.523051428439031       -14.567315565986258       -14.560793496866449       -14.497457667723813       -14.571948245753141       -14.541890250429173       -14.515633943195482       -14.520700802518416       -14.583701953522343       -14.509377297886067       -14.546636724044832       -13.696529099581989       -15.402759709030732     
 CT14nnlo          57
  -18.821952541177769       -18.856348448801779       -18.892789272758289       -18.813056405591460       -18.796623137139946       -18.499878889492443       -18.357566731476229       -18.587958005161276       -18.915914533192762       -18.711253718071621       -18.798051967497969       -18.997770379902434       -18.685899610466929       -19.187763523602257       -18.966113255159176       -18.767386429337058       -18.953477997542986       -18.371824600626091       -19.296214473211371       -19.046199721150071       -18.597583364550768       -18.729487564477608       -18.879014483373094       -18.653757550794484       -19.006772123006925       -18.954490127524064       -18.712511938240983       -18.896188412381186       -18.691065807845366       -18.764575606506956       -18.852446595912014       -18.705119592956464       -18.991510612802035       -18.730002953539216       -18.906733053872049       -18.959842444319221       -18.683072803639828       -18.119119677169795       -19.625425794103663       -19.537537671187440       -18.448272290209232       -18.890125530442425       -18.794915953972776       -19.025592079240393       -18.759747139909635       -19.053941086668168       -18.206740307426212       -18.784200888821726       -18.634651261621695       -18.826086552132711       -18.776799650107858       -18.810087728222776       -18.789593351291689       -18.233398961719896       -18.578553494582344       -18.612264017187620       -19.287333532934131     
 CT14nnlo_as_0116                                                                                               1
  -17.818886107118686     
 CT14nnlo_as_0120                                                                                               1
  -19.867877960313180     
 CT14nlo          57
  -16.653953005366251       -16.612066112506582       -16.662917972765133       -16.319033916021983       -16.472236262552556       -16.600110381253014       -16.703874855725992       -16.687678401442728       -16.441612158473347       -16.713767672306762       -16.619410982653370       -17.101394084443651       -16.315140681412110       -16.642522633619979       -16.707850661663862       -17.238353030931240       -16.270522894313952       -16.155897363085110       -17.250554454738271       -16.769495486840256       -16.528783660854533       -16.721040781498438       -16.525342807419641       -16.694922604975847       -16.609480067030454       -17.092279202047411       -16.235779846535181       -16.749919865734171       -16.521973004306762       -16.687156941157117       -16.643653954755955       -16.735225147050588       -16.549064466603280       -16.499487700947032       -16.995445926031003       -16.256208642991727       -17.046533462130100       -16.541470445872363       -16.820882853325763       -16.577969074146761       -16.753982709141113       -16.578342046069960       -16.727677265228746       -16.473148926397595       -16.968898966506252       -16.754465397918960       -16.697441893895050       -16.615258640394018       -16.330506343087222       -16.328009788560976       -16.634664095929804       -16.720467983039619       -16.674854079950510       -16.004323065095498       -16.930863148120700       -16.489767113797665       -16.994466650800316     
 CT14nlo_as_0116                                                                                                1
  -15.842891201478871     
 CT14nlo_as_0120                                                                                                1
  -17.536069171496013     
 CT14lo                                                                                                         1
  -12.097940927847334     
 MMHT2014nlo68clas118          51
  -16.741969146840450       -16.764857491365092       -16.717782961507485       -16.763035056757150       -16.727548178392667       -16.870575484535397       -16.623306075607179       -16.651486611374352       -16.844544432113960       -16.793197736578804       -16.691745785885342       -16.774130524192419       -16.671612467207925       -16.727594911049838       -16.768640153454484       -16.701527368364655       -16.764808297067766       -16.613818768057502       -16.892751342303519       -16.741248105892488       -16.742771104109362       -16.680878275644638       -16.822698138458936       -16.572795604900929       -16.856270116683483       -16.795641681740769       -16.689766923039070       -16.764962752039470       -16.737917709303478       -16.644498351953722       -16.861830345725782       -16.436300346512596       -17.088233417833134       -16.881493354977323       -16.606560159172354       -16.793015623064854       -16.631405331821885       -16.769064240833785       -16.731521231775641       -16.663530229752222       -16.831547733884506       -16.535672633504038       -16.979955986966072       -16.981681045608898       -16.644340090033850       -16.706268050104487       -16.833991506750568       -16.965008435581588       -16.441691793542997       -16.827219642623401       -16.698831637528109     
 MMHT2014nnlo68cl          51
  -17.962210559469458       -17.964816482773603       -17.960795825176181       -18.050805305070412       -17.875220544564026       -18.031772771464073       -17.934357870983145       -17.929906236728520       -17.995385224235008       -17.997946551865649       -17.928960869358690       -17.829742907397225       -18.020227319135032       -17.956327898049036       -17.970247823751333       -17.937436458537583       -17.990486450767833       -17.921414404813401       -17.986247664321038       -17.967521352109426       -17.956288436536859       -17.911572791617960       -17.998693735291333       -18.227507347752805       -17.712906298818336       -18.051838645286121       -17.743263129574078       -17.991946015955349       -17.934660303712757       -18.048269952465070       -17.750358464193031       -17.819983474462454       -18.261629503447228       -18.003600670614137       -17.887153376894688       -17.780709307166269       -18.047983447070866       -17.954843978865455       -17.975403167586595       -17.844714287309174       -18.052178418289408       -18.025870453070389       -17.855561094645569       -17.991509294296595       -17.798196831124656       -17.631883926331742       -18.186514687284117       -18.104496426368819       -17.899292154385861       -17.853429760334635       -18.026393564188805     
 MMHT2014lo68cl                                                                                                 1
  -16.525395040641399     
 ABMP16als118_5_nnlo          30
  -19.002365843661234       -18.998106993349989       -19.011562928428383       -19.002802982245420       -19.001502657990169       -18.940433024857757       -19.033549503355150       -19.055888107099516       -19.074349536454278       -19.142552494734293       -18.968009044992240       -19.018709995526674       -18.897704689901975       -18.848708790581444       -19.069338765646695       -18.973401362711943       -19.038128969735595       -18.726512799795042       -19.153238344865983       -18.939796494051716       -19.047417072994008       -18.964789708815612       -19.043005921740694       -18.955216477731064       -18.835493550393611       -18.940440730591249       -19.037164831948669       -19.046841549104183       -19.018834237512330       -19.144404684589539     
 PDF4LHC15_nlo_100_pdfas         103
  -17.477363967479494       -17.231833148217817       -17.615251318743304       -17.449072841883613       -17.328097147257910       -17.576470311558086       -17.671306155432291       -17.154757771501579       -16.801418558915152       -17.757512355906368       -17.893696964465224       -17.392406766570392       -17.450779574530010       -17.587553046075591       -17.011634682084164       -17.697064265251729       -17.254185605456453       -17.385028275569031       -17.397185140708903       -17.208012462784218       -17.237049980327704       -17.534675566681990       -17.695768310838464       -17.329832787617040       -17.581053791697386       -17.725483187213097       -17.554718732324570       -17.445879759960771       -17.548600327818118       -17.487745105639483       -17.509699601612198       -17.484371270392568       -17.459120919046089       -17.517114112288475       -17.551308037156481       -17.449908065650895       -17.463469127555356       -17.477771870227087       -17.484807538568532       -17.514492418143440       -17.533225400092373       -17.489974558356028       -17.469018377415019       -17.464668336622452       -17.529058523319755       -17.467714566138650       -17.457675906082748       -17.486023069728894       -17.499919607475672       -17.496817709200386       -17.422238302017867       -17.494452041262278       -17.426985238525411       -17.430565605089399       -17.457882663431210       -17.475217369096537       -17.468495441680549       -17.505212261486498       -17.473546785951072       -17.503776424663400       -17.482917467934556       -17.518844482918642       -17.503059704182643       -17.469011803673396       -17.475341334708151       -17.495762139214865       -17.533597023350843       -17.495915741829041       -17.492464319666816       -17.483374577459774       -17.447020915927784       -17.466452273503354       -17.472051716409258       -17.475130242957754       -17.422914310064417       -17.473552138352783       -17.498106572743357       -17.437693519694061       -17.464697609724219       -17.482109291967770       -17.469501514600175       -17.484598713667939       -17.504172522924268       -17.460795314586623       -17.501449966370945       -17.475072874940988       -17.512512130453842       -17.504181070577701       -17.498670392029680       -17.475354308439673       -17.487551291326071       -17.448064186700577       -17.472023725038902       -17.491489458259441       -17.449811684728814       -17.457625518204061       -17.484229435344620       -17.485224356093330       -17.472149077264149       -17.475827417241792       -17.480039509909439       -16.954398005398474       -18.026282988416050     
 PDF4LHC15_nnlo_100_pdfas         103
  -18.975478123284617       -18.724020917495853       -19.116984493550504       -18.720356254001764       -18.911044429857920       -19.062374721277784       -19.067566805797767       -19.063424844664926       -18.949902555981158       -18.946626037802758       -18.701627347123235       -19.456458936287788       -19.196589676116744       -18.834358158866237       -19.058755307719576       -18.726125831806321       -19.455917995533358       -18.683773898777972       -19.002596475018539       -19.207612607524617       -19.322305340114355       -18.825816578766478       -18.963503217584545       -18.839851451258948       -18.801730546186725       -18.988059238501176       -18.848936092220132       -19.070942400696040       -19.051238641171842       -18.907892269556552       -18.873785457667136       -19.064593966513424       -18.924187148629287       -18.917296756528419       -19.011375920468705       -18.949046124562063       -19.002527152261344       -18.961335520117601       -18.971820896283727       -18.919396874362835       -18.953964367627776       -19.002094540092738       -19.021142587797144       -18.980095834604867       -18.958427297605819       -19.009672279989136       -18.985031791512540       -19.004161554577706       -19.016630329072282       -18.986032257073557       -18.977941612472485       -18.963676606775984       -18.998108949466694       -18.942573149690574       -18.973045133425163       -18.979218193949855       -18.937942785852368       -18.998796437244785       -18.965039520732166       -18.976844179575963       -18.985636133000487       -18.976145834326925       -18.975186512120583       -18.936731001315348       -19.021063522668573       -18.951229215148484       -18.949621366759843       -18.959128688152770       -18.974434963310578       -18.967760963997719       -18.966107630253422       -18.978960549221927       -18.958915812856777       -18.977240058560305       -18.977284254781658       -18.986677062792019       -18.986689484342655       -18.977467533917103       -18.965887485076781       -18.974779559507052       -18.986214861225275       -18.999609219428589       -18.982544448067276       -18.981696715751259       -18.961135074846226       -18.959257077276600       -19.003441472144953       -18.945810924700243       -18.953563816265255       -18.958146823495248       -18.965296713105069       -18.948711920461346       -18.952857190342435       -18.975573730959812       -18.945361951962813       -18.969151721374313       -18.990918452126937       -18.982185147341067       -18.959516130062646       -18.986398380574673       -18.985067482115639       -18.385847196021682       -19.489840184351188     
 PDF4LHC15_nlo_30_pdfas          33
  -17.490537848132654       -17.530657554134873       -16.925154893152090       -17.464544854604199       -16.649396412602496       -17.486938725351301       -17.148471273174433       -17.500900434216579       -17.586879349980457       -17.337754426299945       -17.634975784331328       -17.338212805241444       -17.563149542407423       -17.558247044146711       -17.369103541996299       -17.500056978551982       -17.285974549800265       -17.740484037959995       -17.618222872865569       -17.407020011713971       -17.505641096254564       -17.427183990220968       -17.464101381232830       -17.504083306097581       -17.354276461753784       -17.522865318232213       -17.636208950006910       -17.620594626294430       -17.842897262683909       -17.559313303801172       -17.500078774923679       -16.954398005398474       -18.026282988416050     
 PDF4LHC15_nnlo_30_pdfas          33
  -18.989109303891027       -18.173129109603607       -19.031855246881104       -18.920561359605770       -19.261608367279784       -18.792553278926160       -18.951272686723886       -18.972966177659885       -18.764318574732400       -18.940369433757589       -18.994339690980542       -19.161710073647171       -19.046500051235299       -18.988273001327808       -18.972192482381978       -18.792220359939591       -18.845330133045696       -19.139965490489235       -18.915766465716864       -18.882602486244139       -19.265133147652218       -19.090563203756346       -19.263441690447014       -19.025927339639271       -19.179932418791864       -18.978571857324845       -19.087784949575774       -19.109819115368225       -19.200131051206906       -18.836696206746669       -18.992104617071380       -18.385847196021682       -19.489840184351188     
 HERAPDF20_NLO_EIG          29
  -14.716330555695244       -14.684429715047971       -14.748159081204626       -14.738133456073088       -14.694526086399394       -14.748410242494334       -14.684402072870068       -14.837898933082702       -14.597547347881033       -14.692933290834358       -14.740897575279178       -14.548592492114881       -14.899514475874826       -14.654618025135456       -14.779285349143560       -14.791991119160800       -14.608833522369340       -14.824551814064906       -14.644085318472113       -14.789914084160596       -14.628747200426023       -14.762521605294138       -14.666555413866767       -14.478135697113022       -14.912319048035130       -14.580198382192302       -14.865827329865434       -15.067048400425216       -14.403636798977541     
 HERAPDF20_NLO_VAR          14
  -14.716330555695244       -14.797010540945870       -14.581569283882839       -14.796334030854082       -14.626532144854096       -14.650023395699604       -14.971636742425570       -15.168818324357471       -14.312432717838810       -15.133696179706435       -14.329104816693679       -14.590624912671021       -14.422688842425021       -14.739649801092725     
 HERAPDF20_NNLO_EIG          29
  -17.872252169810881       -17.838002931128937       -17.897697728999905       -17.868569942195506       -17.867242451086149       -17.908238280912048       -17.827624524427286       -18.049244846299594       -17.691585234654646       -17.740730437213305       -17.999041122280850       -17.979800703084351       -17.757995278518433       -17.830612555862057       -17.903030460382734       -17.865046875337711       -17.806029605680283       -17.869301433068095       -17.867542213633005       -17.872258500315066       -17.868066655668304       -17.988415808222882       -17.740768266493099       -17.662531588065107       -18.073615446666668       -17.440739026902925       -18.258723326262380       -17.698224980082617       -18.065602775808827     
 HERAPDF20_NNLO_VAR          14
  -17.872252169810881       -17.947783463945999       -17.640175469394780       -17.931683976597185       -17.816039724499586       -17.259834494845432       -17.862444374502228       -18.392969703499485       -17.460886488923364       -18.303754175310292       -16.743197179164490       -17.847048448078265       -17.690172935469292       -18.113216039826057     
 CT14qed_inc_proton          31
  -16.548920273838203       -16.548221850728972       -16.547556463392919       -16.546884472103528       -16.546201342793982       -16.545509560510048       -16.544825997727500       -16.544149798512340       -16.543459176317192       -16.542776992989225       -16.542105734249130       -16.541414944067437       -16.540710615807587       -16.540023498999190       -16.539359922601658       -16.538681447174426       -16.537978993940946       -16.537317770196786       -16.536634524825057       -16.535975265512295       -16.535265447523024       -16.534586361879544       -16.533926809634011       -16.533226045391022       -16.532548188331397       -16.531880122960814       -16.531206458770239       -16.530503349582030       -16.529830909885881       -16.529150374005106       -16.528480974268092     
 LUXqed17_plus_PDF4LHC15_nnlo_100         108
  -18.819796387322747       -18.561266345554873       -18.964453959308141       -18.559206850505220       -18.751403170445876       -18.902983888218142       -18.913427469546757       -18.915870636473834       -18.795545838735215       -18.788594522869996       -18.541223329502870       -19.307570066929063       -19.042074669361121       -18.674821439829071       -18.906073774413912       -18.570172996159524       -19.306070528571858       -18.525962566113368       -18.845120706210906       -19.055040188842824       -19.166552256638205       -18.671183692527805       -18.805184757608775       -18.687697874121433       -18.645042252072614       -18.829110981589885       -18.690425490887900       -18.919229622243684       -18.896179395979086       -18.749576071635758       -18.716052503618517       -18.911779340215780       -18.765734130062210       -18.758688900921545       -18.856465229052333       -18.791609179215996       -18.847478739553353       -18.804118624410389       -18.815215514725953       -18.761805139132115       -18.798710272614660       -18.847533682047171       -18.866432563606200       -18.825269074957610       -18.801789864582435       -18.854942562029027       -18.830484920636557       -18.849527772191117       -18.861696893571253       -18.831279721269709       -18.822160192482634       -18.807029295939849       -18.842579150877807       -18.785582624400515       -18.817745889639287       -18.824001788015263       -18.781037130217328       -18.844112389135542       -18.809514288441875       -18.821501622009791       -18.830516431016513       -18.820478794609212       -18.819449753759393       -18.779569038720851       -18.866739684983735       -18.794912307526079       -18.793171639392117       -18.802891287862028       -18.818644532612861       -18.811295414279950       -18.810204404372740       -18.822893750136704       -18.802198454331034       -18.821912350451633       -18.821501966299319       -18.831507527693436       -18.831372382708057       -18.821557605711384       -18.809628870855676       -18.819184294289300       -18.830413335377717       -18.844641009460815       -18.826894051368253       -18.826396957586258       -18.805287924976970       -18.803245072572256       -18.848398008926619       -18.789750260054451       -18.797460199742513       -18.802106754838245       -18.809088800994729       -18.792300902697065       -18.796523888163197       -18.820003121435168       -18.788924065161609       -18.813203618557885       -18.835765693339905       -18.826622539135499       -18.803358614549982       -18.831221291023571       -18.829688779315848       -18.819682170773049       -18.819109796188691       -18.819904060928941       -18.819925477374575       -18.820113186395368       -18.819840975525342       -18.819337105489584     
 NNPDF30_nlo_nf_5_pdfas         103
  -19.131809912450663       -18.721783008588829       -19.332921758385144       -19.540127453456748       -18.307359865739311       -17.876632988125817       -19.378501847699280       -19.115741617271404       -19.527752634669248       -19.396766283421083       -18.692435536531693       -17.830950682152871       -19.360834606827083       -18.907144772333361       -19.228511354651538       -19.589765843050852       -19.666650751708978       -19.645682275422317       -19.725622591519215       -19.330378314923319       -20.152688102018338       -18.809081069647174       -18.754167205097684       -19.706524923468674       -18.796982222039620       -19.010093798412569       -18.843122867758922       -19.811373382548506       -19.097333230100016       -19.746796833774386       -19.625166839531182       -18.612471427401228       -18.431992014117895       -18.645595747871990       -18.676041297022056       -19.857936271404601       -19.341313467669963       -19.678220231433517       -19.561863438642263       -18.857592554223963       -18.852362609842672       -19.111985315510360       -18.752047791544683       -18.617995017978444       -19.061631782105387       -19.113240822172354       -19.332865427788501       -19.109522232900030       -19.199070824024162       -19.326472641488266       -18.974755434130159       -18.907374613798911       -18.901547685502084       -19.155771215578259       -18.568907717554019       -18.783897703270654       -19.350103203969223       -19.417190533571102       -18.806456539081825       -19.766472560483177       -19.076763956647358       -19.272253221467995       -19.507773818835386       -18.651141315219228       -19.360349974881135       -19.001993554287445       -18.958458789367832       -20.306055142608443       -19.004390686321738       -18.433454060024509       -18.683993471431467       -18.881649979779290       -19.134765561133513       -18.576995971434606       -19.087167231249474       -19.207075243532287       -18.119169539613196       -18.544999194421230       -19.135304055008081       -19.078123595366041       -18.821101298757107       -19.057137751634738       -18.627659668849898       -20.002555081576119       -19.234189839660836       -19.116159383896090       -19.010717921782877       -19.366167446303127       -19.257157884032534       -19.889054972879673       -18.700070465155488       -18.963647634505993       -19.023084670283691       -19.549061346952751       -19.575432504006987       -19.487248964952872       -19.291304280272808       -19.195909603879699       -19.236325283068165       -19.559467866092998       -19.793969507653127       -18.713660282238678       -19.430115135837955     
 NNPDF30_nnlo_nf_5_pdfas                                                                                        1
  -20.246387301493648     
 NNPDF31_lo_as_0118                                                                                             1
  -11.423854173038981     
 NNPDF31_lo_as_0130                                                                                             1
  -14.096866877727454     
 NNPDF30_lo_as_0118                                                                                             1
  -15.040623190364435     
 NNPDF30_lo_as_0130                                                                                             1
  -15.852062299746244     
