   0.0000000000000000        0.0000000000000000        0.0000000000000000        0.0000000000000000        0.0000000000000000        0.0000000000000000        0.0000000000000000        0.0000000000000000        0.0000000000000000        0.0000000000000000        0.0000000000000000        0.0000000000000000        0.0000000000000000     
  0.12725947297470855       0.22851568658514768       0.25904390238866143        1.7704100098579055E-002   3.2614764127403044E-002   7.6631239778502919E-002   3.1045436635371685E-002   3.0813355340135209E-002  0.55361183106028977       0.19772726188425072       0.12357533295872393        2.6796948096339181E-002   2.8859290831327256E-002
   1.4635801046388788       0.88044309795313136       0.75089388029783832        1.0521251772760138       0.87048818002453443        1.3223738742195041        1.0833396040019325        1.0316942113108207       0.94298300180033234       0.91978076684962407        1.1632053417478343        1.1362188079584319        1.1541420684611534     
  0.15755918819209702       0.37653528565623579       0.54504266880279062        3.6872525975250335E-002   5.8179288317581943E-002  0.14136390622989078        6.5965387242097051E-002   6.2478779476061334E-002  0.70335283494089607       0.26110824893329443       0.20036567647622150        5.2745678431684692E-002   5.7211531442532111E-002
   1.0960553108322861        1.3403902558636525       0.91898939357364484       0.98182050103385898       0.96365738691172775       0.97936107916429072        1.0457140057629530       0.84980465435921126        1.1812706311275341        1.3292471332252240        1.1050525919912109        1.0925411405062511        1.1242459417010879     
  0.17885338420495472       0.40492560658286680       0.82182315718157162        5.6169045849939148E-002   8.7958819661579063E-002  0.20400635436948322       0.10119876478346454        9.4045977693559532E-002  0.79171876245821016       0.28867139703894162       0.24011871618732666        7.9348136783631312E-002   8.6912275494991129E-002
  0.85632311011184326       0.95650144396908632        1.1084660519073508       0.93499764179337153       0.92547565099299844        1.0466349727743303        1.1368498897198731        1.0365783627821785        1.5463558835167284       0.97070806407209342        1.2882467509616109        1.1002187162022301       0.88886224014551585     
  0.19862542957732138       0.43411037775466510       0.84384482721192555        7.8176310768964904E-002  0.11960646220611468       0.27241008172045766       0.13584462577567535       0.12456394719424012       0.80321273586144393       0.31240084990674438       0.27236823256065057       0.10587514875513236       0.11969828249759257     
  0.98531385801736115       0.90198923340261883       0.79457130544634480        1.1471448239380646       0.91123602644210988       0.96547485682078615        1.0063571757180834       0.97952819761493237       0.81127482971763387        1.0254713245555351        1.1518255291573207        1.0954176141541903        1.0755936243158386     
  0.22333725386322875       0.45892331886117960       0.88600963531729260       0.10318972884207919       0.15136892723775908       0.33985192151091659       0.17039844284226227       0.15491953711468617       0.82289753937454402       0.32893017709270511       0.29448596691836543       0.13465922078685635       0.15898299155714751     
   1.0867143450203585        1.1677510563120155       0.91292236075502797        1.3327767783943270        1.0355692794402074       0.97922690413961522        1.0969721064667919        1.2737106974222099       0.87136011099628319       0.98790806597516057       0.96204715254315221        1.1216592889765440        1.0279996699894756     
  0.24402875592170781       0.48614455830348119       0.91198860216560329       0.12906967739928604       0.18220614050865902       0.39942076590125497       0.19919616232803825       0.18474531465268240       0.84748391177869686       0.34451194945366104       0.31468438481182698       0.16401436865965199       0.19416856701063073     
  0.98725922391150445        1.1334166321265755        1.0787705260585663       0.98802232262508738        1.0906675682257914       0.90825742381257657       0.88781592243696106       0.80727231610112782        1.1740756086060211       0.88378902857193842       0.83087130069097603        1.0019924568363803        1.1010431718440461     
  0.26685676052504725       0.51613660250021720       0.92895142502658512       0.15382728426260145       0.21103544234297991       0.45707937788345943       0.22639098481643868       0.21425846699451701       0.86289158529813725       0.36093500244799631       0.33710417946050353       0.19756955676971991       0.22749524267703464     
  0.92850145886124746        1.1743601644982298       0.99507153713454422        1.0577882045123723       0.86898707866909275       0.93126132183331489       0.88933934656706570       0.93175335374482116        1.0005058586203490       0.92547929640399407        1.0344616973305989        1.0652918317321489       0.99503183943758666     
  0.28835367009285912       0.53964608636501032       0.94415063374863206       0.17624332518010280       0.24369146111711470       0.50799829988131540       0.25987339545673177       0.24483008638731504       0.87615918356434852       0.37849041797506983       0.36312264343425715       0.23355135684942499       0.25967857760417012     
  0.98524684003611962        1.1397950524551721        1.1346257223927563        1.0597599352666591        1.1139498908113841        1.1860786974667969       0.92167325620244733       0.86433263543298122        1.1014331189546003        1.0592459727483241        1.1190931874406691        1.0445152988174562       0.88279619688957800     
  0.30978279560071065       0.56277760389778908       0.95455455348643603       0.19633734862937360       0.27451847055442807       0.55572336788532095       0.29074592121213483       0.27085717014786342       0.88766529478234946       0.39726640495504006       0.39240926188803127       0.27039779650703338       0.29657279352000177     
  0.80422922280660603       0.94241809843535340        1.0370305839288676       0.79077680243185644        1.0585700918523411        1.0136309722941752        1.0326046084039142        1.0745368485536506        1.1995918026433425        1.0791567423681205       0.98852140423607049        1.0262228149724686       0.93393653459225123     
  0.32828730274937079       0.58876948143508123       0.96355789257802460       0.21800022416506074       0.30414868160061853       0.60221532948959289       0.31998746945315620       0.29968411786293997       0.89809298498335133       0.41345186972852127       0.41910591805401520       0.30852789553648780       0.32840806192935723     
  0.82069657261820650        1.0406072744043033        1.0929987327814474       0.97486140889689588       0.95285475169940859        1.0153486092434298        1.0335131448474726       0.93360647147714526       0.92386601318222017       0.94844995988719072        1.1628540930471922        1.0600012711844542        1.1312760552856611     
  0.34958006164473099       0.61543148560837568       0.96932851285812571       0.24005827302257632       0.33384636705046722       0.64133365240791074       0.35031993188840288       0.32776143304165389       0.90787689912814085       0.42878060105014026       0.44343355495138803       0.34539395368741466       0.36133905195876354     
  0.96408614277259264        1.1356816856270078       0.97244726989413210       0.95838721325695175        1.0243000181359194       0.94036567288072581        1.1780143361039837       0.94467421801864482        1.0275709248355074       0.98860130746801755        1.2247057374952930        1.0261180777290420       0.94386954959917946     
  0.37036469989550941       0.63890473074336152       0.97538797803716459       0.26234338921752293       0.36231370029923798       0.67458517722721723       0.38201458044916203       0.35568952833157425       0.91642792081545232       0.44247230518106051       0.46995347691104183       0.38033355184651824       0.39433432193199003     
   1.0618779649833194        1.1355775575717639       0.93074328750215263       0.87301776354601979        1.0383485148301295       0.93384334826146931       0.96888097152421704        1.0146284414265365        1.0302136136692879       0.84034111948761225        1.0628061669721778        1.0328948227155403       0.99791801650001122     
  0.39001007530542919       0.65835023483912669       0.97959937250410989       0.28661133735612876       0.38946149099028071       0.70573856317076977       0.41596044644378632       0.38568758226815292       0.92441470039596407       0.45726762992539405       0.49826406080475355       0.41667885255802467       0.42584208125089801     
  0.97159050649546230       0.94673909530174716       0.98566692118808996       0.90499654359262804       0.96796818616253810       0.87578220457306488        1.0957905985179883        1.0138470020216779       0.90242327862233507        1.1873783366662043        1.0749227433338449       0.97089337521018515       0.94665203288852917     
  0.40900050521788400       0.67659096929066165       0.98300235737520203       0.31248961877799419       0.41716874036413115       0.73791000521184369       0.44935392628828963       0.41949788564599388       0.93123776401229075       0.47249611966435651       0.53127489451949783       0.44591927785179619       0.45755929602638817     
  0.90097361351016880       0.93281842808554449       0.89189247771277436        1.0146254233123548       0.93126133803462574        1.0525105740655831        1.0458888740897869       0.92176842288063687       0.88964368239923153        1.0417721518607126       0.87828796308516932       0.98080205749130733        1.1831654191638892     
  0.42891885755149206       0.69453637712532135       0.98559508911491966       0.34450563588332073       0.44863472610474964       0.76853598514981469       0.47905991373756140       0.44899278595071668       0.93709291312882992       0.48617983939377007       0.56697473422573197       0.47857538543560246       0.48106500037018324     
  0.92759262518036867        1.1426493567814855        1.0472307205691638        1.1330962213406546       0.83990050295281538       0.96937550987543653       0.96176770018853763       0.98573890170591272       0.94653674131027199       0.99135516949146829       0.97777321488707025        1.0329719851111867        1.0049138026704343     
  0.45020267007549525       0.71614904252810718       0.98801832531666134       0.37720753794368778       0.47903220539084146       0.79432773838349902       0.51367124265560427       0.47582047202265526       0.94269486684108816       0.49815162011116138       0.60375744253321018       0.50980313642826669       0.50304177729104937     
  0.91022366310911318        1.1617220902015015       0.92895557948700347        1.0732567080159685        1.0410667478939821        1.0170690941087208        1.1763792815057030       0.96830358692686602       0.94564299048044298       0.91530851916559108       0.93928546867085028       0.98940847429954160       0.96160771897921826     
  0.47685315837748243       0.73464714096735562       0.98975124881662058       0.40534483071499833       0.51339264328267631       0.81605666948948929       0.54527254354613763       0.50344065349198841       0.94770714995070837       0.50996975487311402       0.63071670336011043       0.54328439602440326       0.52427277218893487     
   1.1964628128134025       0.79149597218469292        1.0380264663122845       0.98531301119611125       0.94100916733217999       0.83394494690842336       0.99904256624695242        1.0025063922998572       0.87553153569962960       0.81033966962657134       0.94720618752597763       0.97241008533369278       0.90420374189331165     
  0.50329327610286856       0.75153195694666564       0.99131134801194998       0.43762511772889928       0.54999679379386568       0.83753397342816704       0.58727218586688978       0.53089379439997342       0.95276073924202775       0.52222184486922263       0.65567757623313172       0.57690316731019708       0.54618094059697986     
  0.94893344470239016       0.88901011224105297       0.99507284212171632        1.0086850121102997       0.96781413096285029        1.0862041466503480       0.92354844995632079        1.0262607602173395       0.97470870011702926        1.0785989080604013       0.88638706303161119        1.1534924904687567       0.87088958408287664     
  0.52600431172127982       0.76696527909777679       0.99262603720731701       0.47082447583672560       0.58426833677472190       0.85735847168627821       0.62656785377067148       0.56284129264752902       0.95764010449822712       0.53436490319301833       0.68059070227907403       0.60712000411630984       0.56950323490349120     
  0.92733583129687280       0.80006668874275133       0.94347326142749743        1.0343669056848719       0.97526513792147962       0.90617960047324531        1.0995536779741508       0.93285809812445886        1.0367720573177928       0.91089615620106656       0.92823953690892147       0.85323396385922623       0.86316681182227073     
  0.55284966873488817       0.78173978064384719       0.99376230837182356       0.50604320865626196       0.62181007033173696       0.87465937138089112       0.66248901020193551       0.59646257733719710       0.96193720396677707       0.54622950407258508       0.70710111120718078       0.63501821746257803       0.59486510613521038     
  0.98246890315059032       0.94381080860317190       0.89416054821099178       0.84319776131888002        1.1004942746053543       0.90432069935216708        1.1572252171604376       0.93332134624243634        1.0716254559929985       0.78130952403602549        1.0962000173611108       0.92984490636244443        1.0170786763400708     
  0.57152702378049991       0.79635354087865218       0.99475396382670445       0.54335082503632048       0.65982440201903947       0.89312991755563542       0.69325041182960345       0.63024541924885447       0.96622934764842083       0.55794157954368617       0.73372115400926130       0.66213734200557073       0.62749485367059910     
  0.94545366664611541       0.84551881423953046       0.95636665630088591       0.95843293936974205       0.97532765161289336        1.2811630941608760        1.0763391887875362        1.0529890975791001       0.98095901188247714       0.87494333235033794       0.92475841564405603       0.85706552548847392       0.92168418402320784     
  0.59853323575324324       0.81196803018413655       0.99556629571352984       0.57716214268044241       0.69400389496502990       0.90546025679022546       0.72282094930645369       0.66427775876853978       0.97009929134952799       0.57011115027287862       0.75765031758015500       0.69191314383523095       0.65795676510722412     
   1.0160412984043814       0.84468110907044436        1.0276671545498999        1.0195738971307664        1.2594416828103212       0.90203444756748652       0.99027513354420971        1.1067469637751997       0.88773697484822167        1.0688940619796743       0.97325804948335182       0.94827787782332917        1.0865957211312558     
  0.62646001411727326       0.83016021172467347       0.99626520898281645       0.61812051888813524       0.72404956163419365       0.91793667578550464       0.75415096834936146       0.69937977008045360       0.97372488723817507       0.58857338899907086       0.78300562917098870       0.72560349814911640       0.69406548441341509     
  0.91635179869574324        1.0187193408271038        1.1237362548179615       0.89642635232026657       0.90806042414887078       0.95916472348322335       0.94884059159344925       0.98305877864524016       0.89938881288900274        1.3492782419512173       0.95322344894355304        1.1992355212595480        1.0270594697136732     
  0.65570552777848801       0.84760215032841280       0.99691925606060128       0.65643392000651823       0.75256071627082988       0.93072695693120322       0.78395151414997388       0.73244638575388776       0.97705012730344443       0.60565251591350588       0.81030322578805491       0.75699752370633877       0.72557262318826821     
   1.0402369210487072       0.94906178026796073       0.93219049655682651       0.83924573166825467       0.98802722530787446        1.1532433143465546       0.82984685387293666       0.89434287991091876       0.98541091325198105        1.1072518387546608        1.0226177981271782        1.0264579868490502       0.78641737548514479     
  0.68154963843298344       0.86421632555419314       0.99749640002008100       0.70303853675340722       0.78567730584953133       0.94087308658177826       0.81055594973242640       0.76337209116382765       0.98014729838857739       0.62551440773395894       0.83653533109736011       0.78975409852035039       0.75563917275442427     
   1.0780977216668237        1.1223772039546627        1.0466683294374186        1.1730183601884254        1.0275506343226195       0.91453084252033112       0.88438776763602400       0.97523120006444586        1.0153955126367784        1.1343852076998813       0.93844080109643224       0.88413302707741825       0.85863221256339961     
  0.70927398089177374       0.88069842193935977       0.99800499833216527       0.74139890941503361       0.82041734493903906       0.95121269135516096       0.83984035727774586       0.79369426477689975       0.98260124494110546       0.64218516495813249       0.86335958368400456       0.82133995428067219       0.78403382562837742     
  0.95780542998548679       0.95990101621220714        1.0409934229998437       0.88527615008350469        1.1859116352867352        1.0577433132035290       0.87309161521146939        1.0765946581932420        1.0514432675448304       0.89084312653344666        1.0130815740351629       0.93648375524688399       0.89053165356026620     
  0.73706984265383890       0.89771613842319353       0.99846170920336363       0.78263787732359591       0.85231122209059829       0.96137626534616538       0.86728366670074653       0.82300972805783912       0.98499851678571393       0.66188344429773427       0.88325796106067234       0.85179965456211038       0.81838738171055170     
  0.96558653353305346       0.98989483557326297        1.1200107812778275        1.0256102170399193        1.2309593127395877       0.99002749618775676        1.0975055144248307        1.1794538852992518       0.92510164502642367        1.1284679031887657       0.87228748245064425       0.87881137075764260       0.91879415122451924     
  0.77190953531487561       0.91883171446327161       0.99884746046782202       0.82866224854750004       0.88532616692004840       0.97003606444243695       0.89310880210139298       0.85612239065631401       0.98737195522995314       0.67880660382091329       0.90316045217683927       0.88141864311532547       0.85577533197917766     
   1.1013771472652503        1.0851885637053449        1.1489914801553975        1.0954210938760618       0.96521143373744789       0.92545124468689399       0.95597895544385092        1.0385177752874881        1.1111329758054125       0.93876641178876885       0.96211438656741310       0.93253109254283972        1.1936746167625025     
  0.80885146972045230       0.94170859674729523       0.99919717531932617       0.86751313542011577       0.91611802656226438       0.97747851938910724       0.91870576707026375       0.89145107952399938       0.98985424370749675       0.69925178374730712       0.92240485798706351       0.91178948554074424       0.89135786065683986     
   1.1077962209926813        1.0773335389390895        1.1444443180367310        1.0633273074530891        1.1178946493278135       0.89187566517803729       0.89873292364500079        1.1612368912834949       0.92093250809803029        1.0034873519788152       0.92688379817814404       0.91107969672192779       0.90074349681263610     
  0.85287961302903081       0.96081648681688181       0.99947312958851042       0.90868429997904776       0.94457201061468066       0.98433455361516264       0.94459973100021566       0.92697267531478933       0.99259903928369331       0.73436074519411321       0.94466690417864818       0.94098267260199986       0.92680834777355858     
  0.99508858969851666       0.93938030230241909        1.1322843428879377       0.95438929843925513       0.96335832989668302       0.92286369780047417       0.88341843907148754        1.0118647386715180        1.0733555448316265       0.96991536054586336       0.83769654580588215       0.99649310435562233        1.0991897188982873     
  0.92638740742549230       0.98075960980688770       0.99975270123145599       0.95475908643403984       0.97127197769929163       0.99181644454972673       0.97149734730765869       0.96459073486014657       0.99604227309470117       0.78739190591391128       0.97115778064023861       0.97018080260067963       0.96701842491225787     
   1.3060470612263824       0.90465513716910495        1.2251216208900388        1.0593324315778860       0.99353762849471838       0.98977476612548887       0.92867628562742233        1.0287518983491768        1.0066815323007587        1.0496001433959794       0.98688809061958072       0.91675680231164891        1.2933032372573403     
   1.0000000000000000        1.0000000000000000        1.0000000000000000        1.0000000000000000        1.0000000000000000        1.0000000000000000        1.0000000000000000        1.0000000000000000        1.0000000000000000        1.0000000000000000        1.0000000000000000        1.0000000000000000        1.0000000000000000     
  0.95821909367420466       0.91565971792235101       0.80399398880127704        1.0111172898756837       0.87225407674051847        1.3158531421072719       0.98979022672404871        1.0552955190076065       0.89690426192609596        1.0074163399425236       0.90730092926880901       0.90187897982055865        1.1933510335128066     
   49.021615910876996        4.5811234478953473        6.9163384046203076        25.579113779719695        44.444996692066773        44.851763918533557        58.490035034813339        39.067705348646761        17.084581437165145        47.457219867810849        37.341043640400947        31.497512609917283        38.175728325366244     
   48.864744615927449        52.875669073388700       -7.1808898855522116        47.470319657920356        55.767547066257897        34.139144655812593        43.952726347920382        31.627354171801514        17.084581437165145        53.831293506476023        36.948455155063584        42.092413452669611        45.565268826353346     
   39.892186310965478        59.972885193494974       -12.962471523700266        56.368807159894359        48.274384298679706        33.843371780462206        43.341920434263400        50.736769062111257        14.805728965734838        45.262137057229225        44.545311709755374        47.639833320265822        53.954662617115147     
   53.676812901896071        47.627750102784205        4.4314933309676476        48.947795708871091        36.752483310903656        43.361403089105316        41.408665254009122        49.238375106218200        15.372581976499545        46.657628416133292        55.164361495387283        42.905365789552988        45.972514478098851     
   42.157006719088301        55.042064107067709       -2.9628306525725918        47.495250266356813        46.582830847831836        48.553343792660641        41.619352175083733        43.528998328197567        19.298892389716222        46.360146551636845        52.530103306062500        51.243354202910240        41.001638080688316     
   48.228038977891117        47.745248771046668        3.7241662755955343        50.650931788654042        55.088474478844581        54.012667590001328        46.152195835024770        54.137480083417067        19.518583217862599        47.155620997605439        45.835966992225018        50.607029664875071        46.996322920349833     
   29.256291259322452        39.243852664341730        15.195200311363518        46.283432275613137        37.619080826884570        51.964380427965196        36.174705903867860        50.728444227838487        28.244093546476723        53.269860300009974        37.797988784436299        43.251275560813639        45.817465001059979     
   43.344682745758426        42.480718990663192        53.110610425898670        36.834062195600765        29.335158826716892        45.238965165649532        46.764170033133823        46.455187530841968        53.839639979606623        46.850494163608481        50.525409271764993        45.410930693253128        50.107862850767411     
  0.14172659732612186     
           1           1           1           1           1           1           1           1           1           1           1           1           1
   1.7324351300655318E-002   3.9176963844263337E-003   2.3480833192510931E-004   37.341207057869575        1.5556068899153512E-003   4.5062013121125951E-006
   3.1929883346234203E-004   3.0756348580118336E-004   1.2603384921939330E-004  0.58322880751145034        1.2587613188922095E-004   2.8537129423992849E-007
   4.3216838789842671E-002   47.505134171919124     
