   0.0000000000000000        0.0000000000000000        0.0000000000000000        0.0000000000000000        0.0000000000000000        0.0000000000000000        0.0000000000000000        0.0000000000000000        0.0000000000000000        0.0000000000000000        0.0000000000000000        0.0000000000000000        0.0000000000000000     
   2.9470957985425979E-002  0.56376834266610831        8.4210569720535644E-002   2.3935921430309006E-002   3.2623111853985837E-002   2.9735696761238543E-002   4.0617311993586596E-003   3.7269134351101491E-002  0.52044655929671257       0.25812444686581865        9.1265737256220475E-002   2.4968644195634104E-002   2.6459335583693525E-002
   1.9069508907398021        1.8124720060434751        2.2408517149472087        1.5840190704196015        1.1752733561670927        1.6533763875361647        1.3794654146001448        1.8361907521405809        1.9504039590882469        1.3062887644811185        1.2883336445104312        1.8346178266351847        1.2145756119384301     
   5.5869679365304917E-002  0.76863236279401059       0.16168801838013719        5.0716611725510632E-002   6.7891901916531855E-002   6.1944255086946558E-002   7.4532792527704870E-003   6.8999339282096200E-002  0.61207616031403433       0.35448433772368459       0.15462359689681590        4.6838948541881392E-002   5.5158105786968004E-002
   1.4794046863965193        1.5954627822166088        1.5018182979217494        1.3821917179850107        1.6303041364553537        1.5433930490554444        1.2864026505166761        1.6156250450048266        1.7651216514752108        1.8378671320981639        1.8852961008637539        1.6775418053164157        1.5058966410562928     
   8.3437426583832880E-002  0.85822907713367558       0.21788237881284778        7.9343333315909217E-002   9.6975325068558160E-002   9.7165343663522696E-002   1.0866488220917757E-002   9.6731881609152720E-002  0.67961344398620516       0.39910498958480867       0.19449943910173964        7.0968100219626865E-002   8.4861819621993906E-002
   1.4447359271675124        1.5371537657111154        1.3121449838045305        1.5407377330302556        1.5036288488789609        1.7147061079247807        1.4589411589670545        1.3752345845060234        1.8356423807065418        1.4454537251807669        1.7870740185199783        2.0489717665468432        1.5864637775357480     
  0.11247989487258110       0.90965623879155044       0.28097637944090958       0.10905043430025908       0.12233873466916288       0.13275237614622276        1.5050667066603695E-002  0.12842595217174879       0.72163823070257438       0.43557413210375040       0.22674766605134500        9.5196849806756939E-002  0.11937042475946097     
   1.5049088411559681        1.8197251064258353        1.3986805738467729        1.5701019827223432        1.4212235809570719        1.3809285321442053        1.6199090878463467        1.5704538779708836        1.5180435279951341        1.4854402101779129        1.3755440306140729        1.4400685277651115        1.4642618868586861     
  0.13764258630050341       0.93027301325797362       0.35046374284708587       0.13888661886724404       0.14793060281076548       0.16655190217129812        2.0078007323102030E-002  0.15577184976494779       0.75608974127599049       0.46712478990448375       0.25250730303819585       0.12212621388101604       0.15320650470978792     
   1.2277889739490775        1.2978780413865412        1.3644269133382918        1.3269629458574446        1.3821009413720404        1.4014490725177071        1.5855697985208204        1.6316014308453910        1.5274694775767466        1.8648608251222161        1.3216918140073524        1.7461939140904410        1.3742341891104468     
  0.16398726115672352       0.94716873454461681       0.40443940668906830       0.16972431976205057       0.17585238268524331       0.19820646682890247        2.5296643671076799E-002  0.17833500865716828       0.78430173202863285       0.49554813272283815       0.27623147328392789       0.15422367341251009       0.18572333973082505     
   1.6293712902457003        1.2685185712878928        1.4754011277930725        1.3816633198807757        1.2963398364141168        1.4127831285323631        1.5587308082214777        1.5273802212934966        1.3786686335676732        1.4092066686766564        1.4574613436600716        1.5070607474884854        1.8926575883371755     
  0.18998931291248047       0.95953818912344002       0.46367502973879876       0.20321838954923460       0.20414804463314640       0.23136468624249756        3.1823297753904869E-002  0.19895097182809976       0.80644736289453134       0.52017044436497117       0.29946821718652133       0.17589149637871968       0.22005511545542727     
   1.5410939639063561        1.4543741340080318        1.6419187592179938        1.3499255904933318        1.2996824076574958        1.5190341927979607        1.6832363693276018        1.4794243847460256        1.4703592155371121        1.5585327140581131        1.2742387711967917        1.4214756459202980        1.5217097277542240     
  0.21959057859163320       0.96823066177531603       0.51983434460711431       0.23954081119099896       0.23332299947774790       0.26335885263637276        3.8596713890613144E-002  0.21921926266090355       0.82841415086059400       0.54317659193244039       0.32223378533758212       0.20793716519069641       0.25417272042604544     
   1.4033800190799035        1.3284873664223109        1.6470087119896797        1.6771335413736945        1.3700546960602162        1.6519497030046022        1.4541030711485252        1.4479682493061929        1.5573110723583237        1.6428444805815667        1.4603805802510246        1.7336574053513576        1.6456400695806768     
  0.25034898865024480       0.97457008437393444       0.57535184943452311       0.28299211321673773       0.26592707046744474       0.29424862541194069        4.5779367479482122E-002  0.23978991172671363       0.84480158339502609       0.56460822089233875       0.34906405512440303       0.23673569263666266       0.28641416431655198     
   1.3798450748078184        1.5489083256502185        1.4434087611720343        1.5288523553307694        1.4812835373615225        1.3984535242487832        1.5172480377894000        1.5154416696122943        1.4520987850787963        1.4759433917827705        1.5513796909417428        1.4208787011102251        1.3846961911151645     
  0.28018964778310118       0.97926351433983649       0.62151177742255326       0.32532209705053455       0.29289499452153644       0.32357964360695002        5.3311173316474073E-002  0.26297155777156223       0.86066252756256867       0.58471319388865606       0.37282712870294066       0.27138353715453428       0.31849299050638014     
   1.3369186892139631        1.3094597863268755        1.6045464363922757        1.6397367770345170        1.3415339553279024        1.6904191377111522        1.4238093924454063        1.3660427921606590        1.3460525471187939        1.4903937342484355        1.4831231005566268        1.5739192028043822        1.2917585631260986     
  0.31164305798636210       0.98317652293823232       0.66285204500225603       0.35503776421774075       0.32433844949593171       0.34827466300801424        6.1461298413374166E-002  0.28746884607303130       0.87458198769849105       0.60525421382708744       0.39392703536203805       0.30607859330813580       0.35191480844897760     
   1.7072723662211391        1.6671921775034630        1.3289374592829133        1.2178847937460773        1.4425290399163708        1.2892118676259203        1.4271889497329748        1.3217300399751810        1.6466327620841792        1.2938273371962516        1.4510952193415849        1.4020419797193377        1.4449901489773838     
  0.34901748823999246       0.98645902681709696       0.70058419251967186       0.39260889369655105       0.35705275312499341       0.38056146136722507        7.0873894717672165E-002  0.31340220811975705       0.88640675468419361       0.62250922053438407       0.41894665954299376       0.34198873440467903       0.38678672177185353     
   1.4872951783350430        1.3608197959749153        1.3760462269273899        1.4541645869754349        2.0342130113612482        1.4162960941723963        1.3621051218196407        1.3481474983504051        1.3773256025198506        1.5650146930691520        1.4508472307062386        1.6317853287054931        1.3646418736393993     
  0.38594787810205383       0.98919973190909105       0.73738149182217227       0.42799855685114552       0.39029957476644322       0.41380705274755475        8.2584803689901148E-002  0.34027117436840704       0.89860486355454994       0.63791820658707177       0.44589022954007029       0.38192900336570729       0.41409097832821540     
   1.4401032079892482        1.3702860376178414        1.4422079164141475        1.6258910518212881        1.6503410101119060        1.7223474783366135        1.1737274449846402        1.4093712042607740        1.4904656740451505        1.2252465016293699        1.2330339144404812        1.5560358443514279        1.4714789194847377     
  0.42127236768027887       0.99148742125807221       0.77424363130903640       0.46118466739245756       0.42091712944481702       0.44543808396232781        9.5034012648627555E-002  0.37651610183668488       0.90917020369256885       0.65214951254370979       0.47383774583387955       0.41488724081827144       0.43819557624581396     
   1.4526368416887632        1.4442974508320636        1.4137589850400207        1.3805666077728158        1.4745841151198904        1.3735394634988520        1.6694999613898940        1.5963560697541304        1.3829181384297586        1.4425712445719161        1.7700604171663452        1.3272103158239086        1.4239830059308236     
  0.45542779703657993       0.99313152126489823       0.80355329926407426       0.49962422655889599       0.45051628535098620       0.47591159888745344       0.10730114021906124       0.42568261247099742       0.91910336339196030       0.66642015309862512       0.50086633055325891       0.45293894407110674       0.46554177173451039     
   1.4208709703202482        1.1961288945364033        1.4298240112787037        1.5624503349603174        1.2015737406373901        1.6864500279990768        1.4684056872144071        1.2832312213096393        1.4380017997411081        1.3323051818567653        1.3142510567923225        1.3693484822423991        1.4965408186055780     
  0.48730530603144301       0.99431993986820000       0.83182320830807865       0.53872379329812103       0.48135951451392622       0.50588340743849858       0.12183649729349577       0.49686674328100955       0.92792971603318286       0.67646031215565527       0.53736630155739773       0.48757249099352318       0.49052063803845747     
   1.7458143938649289        1.4168329485618834        1.5456329557970321        1.6914898407809722        1.5736797542119700        1.4778090432658380        1.4262471147697988        1.5285877071571463        1.5155537957162737        1.5385304352970630        1.7515879169249227        1.2788694726792733        1.3981776365873655     
  0.51518338797732521       0.99526029690872320       0.85805004081536440       0.57384970524994039       0.51523274058737656       0.53482812702646365       0.13726433650428360       0.57786604742994874       0.93493398411014439       0.68855811301242853       0.56939841032334582       0.52010041073897950       0.51942310925852231     
   1.5482248742038942        1.3613131257364022        1.6315978558178437        1.4970916949531510        1.5799060107367882        1.2932461061803269        1.2656845447909224        1.5634802156813021        1.5736077449277361        1.3411178276191633        1.7195819841219213        1.3263156114266050        1.6319115013721470     
  0.54506039320357880       0.99608312705918134       0.88047390195973352       0.60719573461765552       0.54736450440500362       0.56451820617782567       0.15326730166323169       0.63906508550428665       0.94209035105876837       0.70020144008953811       0.60057644615657668       0.55302372479649609       0.55114893536790688     
   1.6076059939544673        1.3355100592800300        1.3627481292144192        1.5066152986987986        1.5361111673589278        1.3627986158787486        1.3799070113133143        1.8563485883121835        1.5305746654489594        1.2369983863207168        1.3288084209338560        1.3534380887688762        1.4815617928677478     
  0.57351893951531063       0.99681499207539415       0.90047997770299193       0.64035617979529869       0.57659705708346187       0.59196866277256521       0.16998357821451532       0.67740456289169126       0.94981842388232784       0.71255568316724882       0.62578329406826561       0.58162097333690066       0.57907397967491536     
   1.4159038877997616        2.0801721504949442        1.4760989005637815        1.4220985747861081        1.5334898237117476        1.2351942687816277        1.2418437443904573        1.4356897163602516        1.4562383894666886        1.6537602954954365        1.2193293642896275        1.5367301819581425        1.6295662964078650     
  0.60778204254496226       0.99743327743302534       0.91704945342630073       0.67346591662632127       0.60560506885665255       0.62331624537676777       0.18765207232395459       0.70522845675683754       0.95539388138619497       0.72614612441995663       0.65255854533335089       0.61021429834524776       0.61004962012117225     
   1.4051926235983898        1.3700303802199341        1.7430040394217838        1.5385025621904707        1.5715617509212767        1.6184103786533282        1.4020706623614989        1.2705556182787145        1.3649786697806097        1.5402113007319367        1.5647838476156133        1.3373505399584267        1.4799744430637036     
  0.64505781735253753       0.99792473554334282       0.92879796026188166       0.70585690486570918       0.63268421365643768       0.65758969493953245       0.20852911911520444       0.73276642137343306       0.96080934664173911       0.74099814510454254       0.68476157145320116       0.64113218410973660       0.64422605661838361     
   1.5917536422808776        1.5821122455041630        1.3995639141054723        1.3110835131818586        1.3537248862734077        1.6260513072766170        1.4141525361321483        1.6497285018628076        1.4066900699207454        1.4737916643212741        1.5603766947338282        1.2517983667776784        1.4761182040919143     
  0.67843012854910456       0.99833514518211053       0.94256224606935046       0.73607701270908199       0.67419522149686861       0.68766279670243857       0.23407276499541962       0.75456173218043610       0.96572359096933735       0.75512858125238913       0.72047857738445453       0.67121588179089919       0.67733760030336942     
   1.5380850162679418        1.5787666859363187        1.2778871720946534        1.5205778900853935        1.4728966137901509        1.4972076825864893        1.5324309008809471        1.3248036680786464        1.4181154918514280        1.7577075785117457        1.6279178388745519        1.4063679342324915        1.6074294466110766     
  0.71006588571109286       0.99866270927543022       0.95314524502059828       0.76767569548635839       0.70056575931075782       0.71920918709482418       0.26318777264772930       0.77676630612405984       0.97027429329930492       0.77077401777203702       0.75199916919109755       0.70811622892599624       0.70893185384671498     
   1.5655876132824920        1.5208107879928856        1.2614320440166191        1.5989588140994213        1.5897655932187624        1.3552536543735396        1.3527122837913659        1.4104635411520887        1.4337137116734269        1.6236980868642139        1.5179919654912055        1.5978457867730584        1.2756086655451333     
  0.74366321316589401       0.99891255359463293       0.96246814245701851       0.80016022013553112       0.73732245516201300       0.74769919099647664       0.29449395174447568       0.79835301541649117       0.97446713782780736       0.78385936097294673       0.78136249671012425       0.74852798853887725       0.73938344052400573     
   1.4206266751391809        1.3222395955689374        1.5369580143547834        1.6443063541741936        1.5327919053661658        1.4997481962135049        1.3581796686920646        1.7571165214296995        1.3199649427921165        1.2741225175409219        1.5990043226554502        1.4191547916003970        1.3878747108245197     
  0.77834411192211006       0.99915176395959282       0.97066670646430198       0.83012378886940819       0.77860746884731158       0.77794856160167114       0.33063375483355856       0.82003793290215587       0.97818716382611470       0.79795870509192024       0.80761394499233130       0.77998608743689912       0.76998427739522413     
   1.7847948685305139        1.6068292934247392        1.3417713189033507        1.5228785796093585        1.6401221699875286        1.3903198632761764        1.5586183865549224        1.4172130050022289        1.3919718200407751        1.5027524529637575        1.4994192627215333        1.6400878002704351        1.3144117421666826     
  0.81184867142847050       0.99931562387804806       0.97778444316687196       0.85477733153018831       0.80665671559209340       0.80416229782916404       0.36686789301991218       0.84304920768596092       0.98121800917314994       0.81138848312690959       0.83579736574081653       0.81184377447445777       0.80170592120933448     
   1.7110168148765530        1.4753122424369884        1.3039285742300208        1.3327432063833187        1.4582700089723821        1.2799193404939648        1.7619248212326670        1.3941560618619684        1.3626972272193885        1.5078174818243997        1.6048743437565338        1.4160400477947341        2.0091627878284744     
  0.84406412691539268       0.99947056723821293       0.98378653434347973       0.87850549371954012       0.83917468558346375       0.83430507379026086       0.41335128289490658       0.86550692706585552       0.98416776283408602       0.82371205425602623       0.86281825385755218       0.84684046979044680       0.83500649388233017     
   1.1932352257105707        1.5670694903586251        1.3787525313087698        1.5186404183268218        1.7547928502729404        1.2590122924948397        1.4119773027152280        1.4191547916003970        1.4067903145376088        1.3601112259458801        1.5931243794842338        1.3596146275680201        1.3718121273132040     
  0.87505479271670616       0.99957238694069761       0.98951812258464034       0.90242852864019618       0.86713353617066458       0.86780846874276141       0.46357136337870702       0.88467243188583922       0.98745323183602574       0.83541248423274184       0.89120674548626699       0.87596115029649657       0.87034778602773211     
   1.3499384623793740        1.3610586399408289        1.6158050773071868        1.4056724915496979        1.5954615398221950        1.6404034182036529        1.3988732612486885        1.3928313403743415        1.4344555125214666        1.1983106991317756        1.3493879665022406        1.5296904730772336        1.5335567842268791     
  0.90521516418281400       0.99968084102346377       0.99353852908694484       0.92854860215482671       0.89553649762484688       0.89790035739056728       0.52519984666790065       0.90863351414307403       0.99044131654708023       0.84722761058558316       0.92162482926208600       0.90553038044321976       0.90577400938000618     
   1.4632989867776121        1.4916200876932362        1.3972115035376638        1.4887108220432110        1.5373877313667794        1.7320145217564147        1.6601181513168783        1.4009085058416169        1.4415688533376481        1.4086857173597191        1.5740356705542899        1.3923179337424967        1.5392957426182112     
  0.93681823988974844       0.99978853656736444       0.99598639067899841       0.95333144028285899       0.92602954759618183       0.93678187471238605       0.60385800685341806       0.93556802696255237       0.99313309976689490       0.86860565438387982       0.94697208261562427       0.94038865036296804       0.93874358307804273     
   1.2104099768290792        1.5482536600261643        1.5100356181103711        1.4907665846229428        1.4395919039651646        1.6885109887103043        1.5876748369905218        1.4571238781875278        1.5958323810410868        1.6163285212724863        1.3865253309198862        1.5177645550184826        1.6371775963254573     
  0.96952405826325505       0.99989479707033879       0.99807819816602150       0.97763897584673842       0.96157313600119110       0.96847254724664056       0.72964311184325970       0.96393963298128615       0.99552392632229403       0.90850208383635367       0.97576991902759769       0.97237348193587392       0.96934831268632748     
   1.5194468324332226        1.9432383246527021        1.5326165209050080        1.5037219297190485        1.5753155988159580        1.3856299275294068        2.3143719317619253        1.4995407492138146        1.4481237647561278        1.9752848721622021        1.4429831848859320        1.4159228592411479        1.3967951902482514     
   1.0000000000000000        1.0000000000000000        1.0000000000000000        1.0000000000000000        1.0000000000000000        1.0000000000000000        1.0000000000000000        1.0000000000000000        1.0000000000000000        1.0000000000000000        1.0000000000000000        1.0000000000000000        1.0000000000000000     
   1.3828993543497845        1.3579965462797334        1.9850835662003621        1.4704470054623486        1.3693547633526053        1.6053126725133720        1.8180516636808761        1.6682212721037539        1.4999292637261157        1.5125484086945242        1.3959884362840198        1.3728893360734991        1.5533910348181545     
   65.398110172584509       -2.9413790738925574        27.426357223386475        30.635558049867829        55.902836261852023        70.134461802200136        83.862565319139577        54.866880471637664        20.567007398229247        32.658372042245105        36.441244463870902        57.228929890116660        41.428975228904164     
   43.726348343288819        7.9820152138942984        27.534741711245694        51.908787980632155        60.114991153226867        48.169260306500910        58.098188681524569        57.152490655417267        12.377000769424118        51.893069819347716        45.334845831747714        54.068841198683046        48.858487508767254     
   53.598432206660704      -0.37262563171081275        56.056473369787234        50.792567740697045        63.183439596700659        56.035579615068912        32.919781747956691        48.357662798063984        19.955244501847012        45.235658687498145        55.278029305848243        67.701807621364694        41.025809189498659     
   54.074666795667952        7.9057370414944828        40.242266826774554        74.955023766784336        45.864417358815260        52.241884037339432        25.889669838056108        35.668499407582473        20.753552061811725        48.104031301934420        54.614794468133546        51.251925276452539        58.888619303143720     
   50.997653212808913       0.87060832924055376        38.848515105719009        63.681692788695145        47.427082645571730        48.082547155799361        32.806064916464777        35.777044879687281        13.807300268250685        46.886355670947339        52.419065494253196        50.618268114341127        57.584388685904436     
   48.297024364540341        3.0333471209365728        57.517211052722779        59.163200886422651        42.557647506788619        46.538979116837652        22.430703649003664        37.139212407064086        24.884394026896949        46.622086394358696        49.859473082495413        41.182248605617723        60.617524754710651     
   50.700334412900197        14.454610756605554        45.027136721891900        43.128046459599020        44.721790487390223        48.853197862857762        20.410864180467524        40.040628451397509        39.515853950509722        66.304022976601402        36.985592376109437        54.543653048150176        46.317536820647227     
   55.923427831428306        65.974175680464228        61.606012043565705        51.189920189278226        53.071446176873948        56.777643538369084       -20.310639653494366        65.304434528375410        71.582432439648869        57.291564190277683        70.362608808155301        48.740042702047937        46.209448519278730     
   49.139317757053547     
           1           1           1           1           1           1           1           1           1           1           1           1           1
   2.8134620680599203       0.24710544859706540       -4.7303911906848822E-002   47.035679064704880       0.23398235121833225        4.2227286384967372E-004
   5.9066545492261993E-002   7.2141375123693480E-002   2.7104196479301752E-002  0.60924454826330265        2.7080207741903686E-002   4.2833083436581322E-005
   2.7722393156812467E-002   58.411298924757482     
