 scale variations:
          -1           3           3
   31.184121586310006        23.012253120101132        45.410971204280443        21.057245885586337        16.348594735040635        29.006495660157391        41.715763478197516        29.901538151802438        62.558440690302980     
 pdf variations:
 NNPDF31_nnlo_hessian_pdfas         103
   31.184121586310006        31.062773430459959        31.349643124325517        31.089710257371252        31.251562522486267        31.216406801469233        31.127054144019702        31.037206730940078        31.255607956443093        31.090005699848273        31.140097337277528        31.105146250397301        31.021868517715529        30.974006313973550        31.043243488266324        31.259798720440635        31.251893597748083        31.164895771581293        31.192103735937849        31.133649576136818        30.872792809540634        31.073775387945890        30.865244661128347        31.262545243332593        31.027046843720058        31.010016773129312        31.497551381073460        31.162854929171740        30.957239505184216        31.966634794808819        31.461363403487510        30.943054844181354        31.088079721745792        31.536158843071341        31.331695255805425        30.713479910425704        30.804537325313898        31.544000721834216        31.160658572478397        30.963470099447044        31.072339311051451        31.011513686216290        31.051644455007199        31.160689769519532        30.942749690797445        32.089648716643396        30.872353913471642        30.615067669851936        30.724167788642720        30.814166458461361        31.792104519207264        31.102406280177085        31.009355892221226        31.233559750778273        31.154611529790991        30.999188423027046        30.678301745618164        31.728316740013561        31.716464054773255        31.691520003988266        31.628723916591493        31.541591124678718        30.998046302476183        31.075812397936854        31.491992184602246        31.263656167488858        31.375395032950752        31.012146898330688        30.987930412124292        31.248384152233939        31.188741042262006        30.436895789621161        30.775617778363767        31.303713838459956        31.769180556765917        31.351495116978306        30.588997611797119        30.885482039320056        30.883770312845051        31.483323923997009        31.162818984943069        31.592511193718483        31.516886971947848        30.891402310722359        30.725589780197389        31.660568983642126        31.597059537562949        31.372742653839236        31.019436175564294        30.859633324676267        30.966008614376499        31.073678070863309        31.026824500498005        31.207810755665406        31.240937158281508        30.874783872211385        31.132377144824442        31.089379832003598        30.971761695914715        31.145463109963121        31.420761365145964        29.678781593913012        33.636937035111593     
 NNPDF31_nnlo_as_0108                                                                                           1
   33.150902101179462     
 NNPDF31_nnlo_as_0110                                                                                           1
   32.735348452787562     
 NNPDF31_nnlo_as_0112                                                                                           1
   32.911721781490897     
 NNPDF31_nnlo_as_0114                                                                                           1
   32.708348766344223     
 NNPDF31_nnlo_as_0117                                                                                           1
   33.603916209236999     
 NNPDF31_nnlo_as_0119                                                                                           1
   33.307123582497333     
 NNPDF31_nnlo_as_0122                                                                                           1
   34.355655701859000     
 NNPDF31_nnlo_as_0124                                                                                           1
   33.883022909134212     
 NNPDF31_nlo_hessian_pdfas         103
   31.891880009571501        31.861153567893282        31.859554662692261        31.948627585099651        31.748204300677358        31.872782855542049        31.942225443301631        31.938672100127164        32.210933792806429        31.856583443198438        32.040674561459710        31.812182679455695        31.725435762298687        31.988348694708506        31.634560018460057        31.877872302203322        32.086711834997715        31.625708249701937        32.030012779662016        32.150425523364532        32.026925691936185        32.162192028127379        31.842371054866980        31.903437595174765        31.939138776348230        32.000784909252069        31.830538629692263        31.749344202840177        32.167707083055802        31.518111314946381        31.984513443388664        32.121695987870822        31.739087752080465        31.768074589096514        31.744774562262243        32.234793026315984        32.123828292001221        32.368901917990762        31.898530913406532        31.990399537497140        31.733204565425233        31.847952749539466        31.730567634904482        31.783807470601047        31.868929222223940        32.142849046116055        31.911030465594585        31.447788982717007        31.599793932180852        31.969764825800510        31.523652539524846        31.784246624687320        31.483261070283447        32.651908883219242        31.913340334753251        32.028085672042046        32.423238626979568        31.443358891947923        32.919269587443516        32.785711294339038        32.453803482438651        31.867903689986058        31.580354886837299        31.546541902486609        31.759993766027861        32.046677236605944        31.518340926531003        31.231642402203065        31.095823410445000        31.552942030793268        32.125661259249362        32.486355205429710        31.746897240462069        31.778321014832123        31.820313343319100        32.136988202460991        31.485524840787058        32.467984449201531        31.792387334151236        32.313532149586287        32.061289209523892        31.885662616401561        31.695012189132541        32.123618280034250        32.428643703541987        31.883483374899761        31.979631719254286        31.416015885881670        32.050136439592826        31.477110610213948        32.315316282514679        31.849324155373012        31.642023396391309        31.903079932751467        32.111915848789359        31.987354355708064        32.107436177801965        31.749857333709741        31.906669235997860        32.283460404473225        31.474800004891875        32.435058552914903        31.835299177987899     
 CT14nnlo          57
   39.836387194567010        39.400625986653374        39.910335863192238        38.877593938697466        38.946684222578170        39.587193203058348        38.473663221951021        38.499063614894659        41.072078272538825        39.964674991821241        39.526332007491639        34.320159397863200        46.880874144444775        41.390268256155828        39.042645318720275        38.556680701895196        42.937098282398310        39.428533716293344        40.247721502400566        40.098237981511829        39.606073090536896        36.889947493640044        41.584078889033876        39.832349013613126        39.817104031659227        39.239591078116540        40.299643089676515        40.015961431547112        39.493333930715963        40.830063417983801        39.185061485958784        39.196956223611984        40.730819529906853        40.198522924580807        39.477176377959793        39.129064099863555        40.332962196292428        40.368593402434911        39.247269581539854        33.181356633851763        45.741265032407938        40.259186909244221        40.046604650753800        41.465490272718888        38.672357913077981        38.978651363439553        39.544020699966666        39.388710348170875        39.902971724726676        39.794779504817711        39.838422739419542        39.495128141391874        40.187892752612072        38.530528089611821        40.350244679672443        41.606444378059535        30.708039458246297     
 CT14nnlo_as_0116                                                                                               1
   39.372872210248104     
 CT14nnlo_as_0120                                                                                               1
   40.194234049524290     
 CT14nlo          57
   37.153251959271238        37.231756352989684        36.967266175627451        36.170773172412964        36.865854834737739        37.191059312412598        37.074190284838657        36.657632684965129        37.273409607287185        37.366837737560651        36.841344645179603        36.272874557606301        37.917087398325400        36.302876419198455        37.704619366699369        31.847686993612164        43.058494904840472        36.920255000740262        37.480526939157421        35.109868900608284        39.135831245477860        34.513730007936957        41.667926361332391        37.991835425553035        36.225481783923904        37.914554293541030        36.481262015420370        38.591999146854583        35.072146247463294        37.401566358179196        37.074677110303917        37.974934091864007        36.099118828583677        37.704122901699634        35.898299148165421        35.087032639617696        39.271653432450726        37.607784583362950        36.401396209090876        44.112474250116492        32.079858920439236        36.783093352143631        37.585080989092347        35.714174282262206        37.985873154335643        35.383957425167750        37.024399319551755        36.361680373712247        36.721680866875936        35.886603830802585        37.238084922791856        37.391370624837350        36.627240752572746        34.978580707628041        37.119840039982996        37.422019183523055        30.828133999511728     
 CT14nlo_as_0116                                                                                                1
   36.853732448098413     
 CT14nlo_as_0120                                                                                                1
   37.492671876337269     
 CT14lo                                                                                                         1
   30.772272574519405     
 MMHT2014nlo68clas118          51
   33.847058540198418        33.750617334831169        33.945902407200400        33.612442026142944        34.003982863972091        33.755820757194513        33.926989299102082        33.911130491524780        33.769366010603846        33.332829134177601        34.344168285431621        34.553088242902163        32.294003577146420        34.209302903018909        33.197599367039984        34.668831793925662        33.382382243244656        34.526920935247915        33.067591546760553        36.170926086497325        31.828601377305660        34.216038260607498        33.366620959138963        33.881936643868428        33.839898670326896        34.156517435938397        33.412172746450231        34.005348435593618        33.796571697081362        34.719245128222148        32.813680894258368        33.585601758828815        34.162083919318320        35.926013766966484        31.770553418591966        34.154606217447075        33.151682458386858        34.550022312043659        33.346655506737640        34.978745626771975        32.865615513678954        35.095486816182195        31.521784174755823        31.928325515928414        33.840956796243837        35.639691959349229        30.606308190704922        34.472442659604432        33.909523783858688        33.869694133565879        34.974928474237714     
 MMHT2014nnlo68cl          51
   32.358553052381218        32.243754600999090        32.506332428127585        32.410001463658588        32.300870350671396        31.990188162139034        32.506793228949853        32.410636881012096        32.308100501520023        31.699817662407511        32.994113246602659        30.556300629159445        33.129556572411460        32.153459203597997        32.610703027398039        33.054789325631852        31.606063582082527        34.370050883170670        31.229152760392751        30.456272783668943        34.908379206281339        33.817798360611867        31.331675130309343        31.578162327941882        33.089667428917160        32.296780209489093        32.533732650877248        32.488498556980247        32.293100798748831        32.131620489406075        32.937177452796654        31.569633763168035        33.957292091449538        31.838138116118358        33.387075233463520        30.156012076760049        33.360900826891346        32.346949481059646        32.419794040681538        33.970898974807803        31.495330456837635        30.770739057175099        35.271650274826840        32.984455938717879        31.439999810814591        32.845623979311355        31.669615535599512        30.167612566472826        33.908638661516370        31.593816906941782        32.824165101217098     
 MMHT2014lo68cl                                                                                                 1
   30.183351242097373     
 ABMP16als118_5_nnlo          30
   39.931041362962716        39.929162554708000        39.929690052908981        39.900540595906563        39.933626091647568        40.124082488191959        40.318057842041554        39.566990233674673        40.070326176152314        40.002465672277630        39.630729008000003        39.885301342520023        39.633621310776874        40.027241633135802        39.730063083269933        40.060266258637469        39.907067724986142        40.012629276246017        40.326614095716820        40.221065179593353        39.327143260678774        40.091523742610597        40.740550761599607        40.328766063004309        39.867244632013410        39.801110754746162        39.774623545509463        40.023465311962887        39.626227155240102        40.057331221098615     
 PDF4LHC15_nlo_100_pdfas         103
   33.451255990643034        33.046646504062210        33.036037856481919        32.237611313054529        33.490028038302164        33.329606875931709        33.173541008519656        33.926413817543683        34.545664043641082        32.754194443957132        31.602668211443572        33.616201699495690        34.011212690817892        33.176781831567347        35.056068393899530        32.690045856271624        35.424805714529064        32.449553585391669        32.316436025481920        34.034552978819718        34.298143797847793        32.991642558216441        32.905963091446274        31.913389495449053        33.670370510267489        34.450091605845977        33.730241941536619        32.393765878659423        33.733906370650949        34.024526195910212        33.000051519307441        33.422339852245280        33.107509223852951        33.259673375394541        33.660158940663024        32.965439763657493        33.640240871606750        34.455589792608926        32.593310788621174        32.409214569299117        33.527137759352307        33.078380844431571        33.405278172634588        33.069134469053992        34.052431192509175        32.918681998831588        34.346679362840518        33.653210039169643        32.775398806965043        33.757606627473429        34.407213370916082        33.015792348652319        34.965955828935428        33.195811711371149        34.433262396430386        33.292397054864274        33.383388520655267        33.139826292446678        33.401204381374072        32.987223453504768        33.139956618562088        33.067547801701387        33.570466862350266        33.646828642009638        33.453916993368921        33.248381740875686        33.778307367609571        33.201868769336357        33.215495377273314        33.161629146476621        33.271839009750011        33.157244207708942        33.200653710829364        33.459078824170291        33.425312496696023        33.388482877702977        33.641020343969380        33.816347241573666        33.274801112065525        33.460318177062149        33.881057022273062        33.402066697790680        33.295360474765992        33.244215792769204        33.526426919387085        33.601870362013123        33.498113678842685        33.234909263921132        33.422495657040173        33.523434646924706        33.343892545241452        33.527063064316586        33.539239347383685        33.427046691414880        33.556694432534982        33.470334820306938        33.365253925615825        33.522348102251492        33.347132124319188        33.461598137564629        33.431345776276999        33.297823673750933        33.885044945326683     
 PDF4LHC15_nnlo_100_pdfas         103
   33.734352128713859        34.409524631970669        32.800536764681375        35.234083112677695        33.584552941656533        33.381652751366921        34.250570236131033        32.933594454219232        33.718617917087549        34.422527775519576        35.263931397816243        31.999240447703265        33.847517575999909        35.752263940349124        32.821353055993129        32.690211784690227        32.881693785474447        34.879145902060195        31.963043693704428        34.873909937707595        34.387544463094166        33.451694565455256        35.254928736965425        34.536427894849602        32.659276202238821        33.136841732293661        34.452596025177648        33.502582928443637        34.153213032633410        34.132007240838369        33.805914300847434        34.813345582591388        33.333226056710856        34.435144943985179        33.242242925481520        33.588391952009410        33.658558358246211        34.988065699672418        33.716095434212953        32.992852522537078        33.659522848366485        33.438720661318364        33.378409766751723        35.206601848324134        34.254192258421504        33.060974530620612        33.315877439746231        33.276943600290011        33.339907228394964        32.472458646644029        33.909716420615020        33.684017982217995        33.783724452635262        35.235074560387176        33.169427063956938        33.663106076334941        33.175900660310418        33.704455202555344        33.200468522679181        33.807677290461662        33.722325212543097        33.438179175051239        33.999458547323222        33.846143046017744        34.032576879414997        33.617253251542685        34.048663706792908        33.706116325333923        34.126861794333522        33.737461387454658        33.831716482842161        33.636384143407049        33.760354423876109        33.568218305785386        34.059577274087701        33.654080236163431        33.450579441606024        33.996509889347173        33.481172442276801        33.731680142790097        33.885742840031199        33.291635107816830        34.068021902297716        33.606020857317525        33.676185058402659        33.938863295435048        33.706601122027095        33.893272891232165        33.754490663595234        33.685754275850385        33.778951691466119        33.775321931439656        33.944626404505897        33.772217932582087        33.637468268746694        33.767906006177512        33.618354496376817        33.765974554007279        33.826615169327333        33.695291955040304        33.652775808645629        33.497091540588862        33.893527532941221     
 PDF4LHC15_nlo_30_pdfas          33
   33.431409021631787        31.432524201791189        37.130136634044582        33.553429943645668        34.314938144300186        32.653318424272911        32.897525241313396        34.040465710374093        33.525110841457241        33.367085449288844        33.002881682989951        33.629633285649611        33.610348189260257        33.766856521138166        33.618684788207304        36.377138373443444        33.593531330273038        32.917390834933684        33.592221384958883        33.322789308383101        33.649342466639759        34.639332120380644        33.095591184831207        33.328121739223668        33.502651795889257        33.412885421179638        33.387930198119946        33.659527630826510        33.708506615470093        33.420722171889786        33.493123384589744        33.297823673750933        33.885044945326683     
 PDF4LHC15_nnlo_30_pdfas          33
   33.713677569406926        34.494873341936028        32.252697849825523        34.047727369802658        31.805863501840378        34.191528876754298        33.890260798741828        34.503273614893921        33.563018242041899        37.963427428203772        33.435095448582054        32.643711770104758        33.642169446572353        33.399865166060870        33.949524286723367        32.612812553541019        33.779084908852404        33.678265306661984        33.908108484044220        35.824247550551611        34.095741272569661        34.015832019705819        32.409134360047695        33.674894413692527        33.237217602417900        33.659040433625798        34.363779744867117        33.240525888528751        33.193651671051910        33.979327663684288        33.690050347594145        33.497091540588862        33.893527532941221     
 HERAPDF20_NLO_EIG          29
   43.050128982344717        43.072376204787716        43.027900161213367        43.028963574771105        43.070898631768600        43.088756197452462        43.011552335661946        43.048477380576749        43.050395075803465        43.104661085641197        42.998310649450417        42.933553504137102        43.175443862947603        43.065803659109008        43.034254595734751        43.077927280731352        43.013150011610932        42.927363735936325        43.189127556389394        43.208101908495976        42.884020317871830        43.083302986947402        42.972598068422684        41.635587070208274        44.018534290664959        42.746821443968244        43.361170890222922        44.039415115917265        42.076800593800868     
 HERAPDF20_NLO_VAR          14
   43.050128982344717        34.237712422319603        50.920259645490106        12.394615325835396        19.050009323853363        43.397461908076096        44.270862433610063        43.178896387730276        43.014877413719120        42.864479976051882        43.272521747717917        41.774973985648586        44.135110510751836        42.549605649709434     
 HERAPDF20_NNLO_EIG          29
   49.602021296477531        49.627548519721593        49.569754904675889        49.524524612229293        49.672654431547230        49.612547482800046        49.584814106520568        49.487498090362671        49.707236568426303        49.610355744816061        49.589440371269305        49.654167967265749        49.547010413695716        49.599066273427887        49.597055855197098        49.644644365090372        49.511137416547157        49.695355810318077        49.503132331030301        49.639566617384844        49.562273580810107        50.176776563226419        49.019096702302534        49.726870375406023        49.407306342536891        49.684124690353443        49.145208052975363        49.881117945005904        49.234424235980441     
 HERAPDF20_NNLO_VAR          14
   49.602021296477531        44.626123496456430        53.706665629367834        31.031191215953580        35.453489606401519        49.744650191538639        49.650615777439938        49.598475884819734        49.409040330566754        49.767384055697278        49.452632947383179        49.904767817878437        48.689671536337443        49.709310480134505     
 CT14qed_inc_proton          31
   36.940269300198402        36.932815335398587        36.925335891059959        36.917667183510133        36.910292186883972        36.902743633684587        36.895258965185072        36.887764771723170        36.880517398194719        36.873212116446012        36.865476026096715        36.857912531477375        36.850508447508147        36.843015910968759        36.835617173131780        36.828077307362591        36.820715502178643        36.812984521549126        36.805640377735955        36.798192559898766        36.790539722117273        36.783330680788964        36.775880610046890        36.768395443712500        36.761028310307658        36.753400362440694        36.745819596365010        36.738420298114526        36.730904097712511        36.723310433753312        36.715935282134623     
 LUXqed17_plus_PDF4LHC15_nnlo_100         108
   33.424278435479060        34.091325233587298        32.490741984280810        34.920808432038299        33.274181394698651        33.074642245791281        33.942007595957129        32.627494677932930        33.407006219401097        34.111632465117452        34.948362394012101        31.703226904323301        33.540044591396104        35.437080743594798        32.510827539211220        32.371383851361934        32.582465305766675        34.562173884727152        31.659108518954312        34.562126261435807        34.078872805918998        33.136674143013806        34.938134834136669        34.222482028790850        32.349793799675886        32.823504233599799        34.134288648185020        33.199210564591695        33.844376005431961        33.818946257718636        33.493125409459289        34.503552300242973        33.024889144163360        34.121336167310169        32.935812573386272        33.277790033483633        33.350029830699114        34.672765552316044        33.407525204713856        32.684696146816457        33.351999991161016        33.127952934182254        33.069064139524322        34.893800460201284        33.941198708902064        32.751740665408413        33.009876513445938        32.966595043538334        33.032133058669125        32.166654038380628        33.598286478155657        33.374001057752636        33.473452581930587        34.919997174589199        32.863362805912921        33.353394302721775        32.865870254846904        33.394734422381198        32.894771268728718        33.497612236008166        33.411970786831645        33.129899361238323        33.688857938574493        33.535734619162270        33.720209344607682        33.307343109482808        33.737320926272950        33.394777299366865        33.813310814571743        33.426819296890351        33.520652814875326        33.326039624727684        33.449633427915451        33.257884199204689        33.746163714355262        33.344618966529659        33.143090938682285        33.685251823562652        33.174796370292455        33.421879777955617        33.574084341717921        32.985663636792417        33.755037855760435        33.296479193379724        33.366575517190007        33.629142126373452        33.399065298393026        33.581753252115789        33.444181471551786        33.376445409833167        33.468715344924092        33.464265311027788        33.632457473229870        33.462287259745708        33.327229184430443        33.458529435657006        33.309007903736955        33.456191326942339        33.516454801228015        33.386143180528912        33.343892436023289        33.423939709432915        33.422074618908077        33.424630184126094        33.424685519533554        33.425297947716125        33.424427313232371        33.422809723550799     
 NNPDF30_nlo_nf_5_pdfas         103
   29.908520378141169        34.710058572808848        30.219851760000275        31.866539511830588        30.080303033072227        27.495923388738127        29.065435016666619        33.281294269480640        33.661240915762711        29.766715679230529        27.396838458314832        31.292123594048661        30.750257159945711        20.676672405976028        29.283067990230052        29.925765733400659        28.437884207289990        32.264663488333326        32.199456532900058        31.238314697839527        30.310449037703826        25.048989225833999        27.025279235208409        25.106064720141418        29.704794849895400        28.810213948011068        29.317825323934684        30.330099472089508        31.787257454251119        32.104142189906618        32.938190540806751        26.914081209610416        28.710590609424891        32.255449622139281        24.879331774304887        31.482419774734815        33.223583692830303        30.891152679741147        34.823430792721993        22.733017101518570        30.213684475633556        27.809009411007246        29.094154353535806        29.993532961419277        28.766966471728949        32.352769958950930        30.615036522189911        32.303231841660512        29.179346415904604        35.760718961603772        29.907729884651118        31.191576466565223        28.584978794318104        31.499854497100799        23.965274035754611        27.557990056990803        27.248337888407200        24.898069459932309        31.819209761295021        35.099592480869248        31.989813736585049        29.969819397549692        34.904993739262082        27.170922078748092        41.148189979384910        26.522451535464015        33.526187905644228        33.234502884405927        25.346458314059547        30.790158531852761        23.338430759088652        25.752772537664121        31.339520604782791        25.348862181864945        31.038803609939841        30.228360135953913        34.667677012783706        25.752760391630716        30.485679120486139        29.902637158310235        27.742388879164530        28.330251263158061        28.821513160149671        36.286300126629584        22.639593295720744        33.354922994821855        32.886553913538876        35.458975661624564        32.582957736038274        29.335603947492380        27.564834698211655        30.033158249277264        24.474995491142586        29.137927222603331        27.802548184950680        27.807389602290272        32.870465154930400        27.172985816651874        32.205189819136841        31.684737728474204        30.573593801601007        30.140404648763464        29.717086951594908     
 NNPDF30_nnlo_nf_5_pdfas                                                                                        1
   29.527099436551310     
 NNPDF31_lo_as_0118                                                                                             1
   16.075045006240039     
 NNPDF31_lo_as_0130                                                                                             1
   15.122015861650077     
 NNPDF30_lo_as_0118                                                                                             1
   26.266597340934965     
 NNPDF30_lo_as_0130                                                                                             1
   25.044401843417873     
