   0.0000000000000000        0.0000000000000000        0.0000000000000000        0.0000000000000000        0.0000000000000000        0.0000000000000000        0.0000000000000000        0.0000000000000000        0.0000000000000000        0.0000000000000000        0.0000000000000000        0.0000000000000000        0.0000000000000000     
  0.11070743815403304       0.35659152221601731        5.9357636649341343E-002   3.2136218881923306E-002   1.6396085564353447E-002   2.8439233983776926E-002   3.2396261620131483E-002   3.3246374474674850E-002  0.20197530749453102        9.9667623425387736E-002  0.12568761531274222        6.9367989201981811E-002   2.6440294720672473E-002
  0.83278170269046137       0.93775230225102768       0.71303212528782556       0.77846373929246637       0.83418625003824509       0.70124596727874744        1.1066340013092182       0.83137253232691555       0.56791211988149481       0.58181974592606434       0.62464707584401802       0.82678083006143399       0.60265132717767056     
  0.13794807689488861       0.45095582433774017       0.11289162440212781        6.4454876844347822E-002   3.2659416923908613E-002   5.6059120984822422E-002   6.6413701342173170E-002   6.4550077664152536E-002  0.41360330329229089       0.16271240542850643       0.21505059327628878       0.11830486268060894        5.1709419110284732E-002
  0.95789316899508992       0.85770812042947830       0.75713258498350533       0.74791042114150086       0.76516217155408839       0.72835333567249827       0.74514293914387986       0.74959749758108041       0.72860543217549745       0.93765494663362203       0.87320919779488582       0.76318087987443062       0.66540903062075563     
  0.16087322379602909       0.53814489250306763       0.15744912595681684        9.9527521468000327E-002   4.9256237539570133E-002   8.6633404014253734E-002  0.10395228557666733        9.7932716408904996E-002  0.65093677900863511       0.18566392374298984       0.24773455405707459       0.15895085951868129        7.9455824480198334E-002
  0.81099320721510748       0.93285022093524339       0.80866442112307102       0.73069945521760327       0.75421358152177564       0.67215222309609146       0.81549779145726720       0.83030923532912260        1.0344871241741922       0.68801621278822500       0.78898821742263470       0.73883114554787699       0.70183583333726862     
  0.17873824094349167       0.58540326301511691       0.20086481492421601       0.13245975852562891        6.5938414452244035E-002  0.11576872975590087       0.14470969392787883       0.12759627593436554       0.71165777908315575       0.20976420660471082       0.27897070716233918       0.19999323035884439       0.10742133428028659     
  0.71584094900333539       0.74967596035213724       0.85689604094756655       0.73508193054266624       0.71525308515103514       0.84138166219552879       0.74525721390870880       0.76490968435100193       0.82589836670233074       0.68859371621978038       0.71091041489241480       0.81457633923485817       0.83327658057105769     
  0.19550490231951720       0.60790880865938601       0.23391478766979507       0.16692602649602317        8.2961666981073809E-002  0.14569549240104984       0.18505361243495894       0.15629798809358575       0.72936214069201333       0.22884735908792753       0.30060294619616434       0.22983729888298202       0.14008994492256832     
  0.73026213762961734       0.68211265448212444       0.81710128593253262       0.92620955655903026       0.65016725874320702       0.66220938733054036       0.72827730086705078       0.72979963437839401       0.59174510265872826       0.72654460959804756       0.66846499627292155       0.66036277269031940       0.82823610451734131     
  0.21366893863128814       0.63423532867002175       0.26819046878342645       0.19987012750252711        9.9568434065306466E-002  0.17601650922132150       0.22646988080125907       0.18417450832464571       0.76103449112295329       0.24955409516522148       0.32149543312349649       0.26209426236547301       0.17592475970296698     
  0.83494955253861936       0.72392613876904677       0.78581258801962639       0.68133861762167891       0.64637536630414172       0.71680148174725888       0.67159916981951584       0.65498010570827947       0.65286533917071088       0.79079267587538471       0.70445617839518482       0.72951556081354840       0.81424747676279863     
  0.23134869322603188       0.65904094963611626       0.29790095283499268       0.23144266788819676       0.11686019828792076       0.20840437445233981       0.26923763613232160       0.21171645775961284       0.78407751040710261       0.26887799221068409       0.34225532603583469       0.29282498074280011       0.21490362207942862     
  0.86625909914208232       0.64673069016193951       0.71549060198104453       0.68030093966754723       0.66777083038328544       0.73467877035897311       0.67174904941066993       0.75705832970482168       0.78642955727902375       0.79919096598535500       0.65345906573854695       0.80342197173141550       0.86611650884394020     
  0.24872087657630362       0.68401175340173015       0.32728659864777127       0.25879991763142995       0.13628391504593404       0.24219025828447788       0.31453502842545827       0.24190749588711324       0.80815735848456094       0.28976536806376829       0.36153740633630310       0.32613483063284898       0.25288826575010909     
  0.74278406037424238       0.63065075016168637       0.66677882897191598       0.78046638234795951       0.69477541409992605       0.83425512533732893       0.72477342059175154       0.75969217935285371       0.75309364770823506       0.91183154979120440       0.65516117550341080       0.69206399583057820       0.69858221382774033     
  0.26765587077697078       0.70565490289475774       0.35554403171313975       0.28590803021205136       0.15771673129791577       0.27419277165318945       0.36137839911600522       0.27295367068078397       0.82322118375615949       0.30617161641972707       0.38324386333115895       0.35990071679374092       0.28913256692244033     
  0.65668201967898399       0.81326393741974812       0.79586524257227986       0.74605055943945309       0.69979936889163563       0.74671052960961459       0.81450116769890091       0.77180235457107937       0.68073942591560199       0.70594126684264924       0.79036041887653674       0.76015872279220520       0.72445227400120948     
  0.28811732211723301       0.72540231537992650       0.38405295940127815       0.31355325872959477       0.18176866985347326       0.30607582184733534       0.41066258927661159       0.30484254839392011       0.83865466627445562       0.32220564353810632       0.40739772878722369       0.39397211963531670       0.32089744281456684     
  0.64404672127154727       0.77460175003574105       0.83694808987660396       0.75334140258673132       0.71470225738210991       0.74663393229071773       0.80467821593919830       0.65908814485557277       0.87609202110179563       0.78118734674256696       0.75167429033891175       0.74676108967456023       0.77112554947027334     
  0.31013995092096114       0.74377516802712007       0.41138514151493222       0.34099095102876170       0.20994991835093210       0.33801175434132663       0.45774094168072810       0.33744152553710971       0.85271195511084696       0.34039506177640416       0.43524517168466342       0.42390440939465451       0.34645505323996151     
  0.71101312902068137       0.67349800324268316       0.71174855554044913       0.70509548803051814       0.75857041765946631       0.71744773456735089       0.69255899741771310       0.65365129186125037       0.65739078225979652       0.90146474294570589       0.76596096663806912       0.73507845769581226       0.75672826912121793     
  0.33080714749137041       0.76062887315246575       0.43980048296647756       0.36829126319114042       0.23670516641386691       0.37024594319082554       0.50110862329170147       0.36990480124509045       0.86492120709020348       0.35630177179337469       0.46188365177109197       0.45325971832928624       0.37251292106233835     
  0.71527597422089295       0.64534186325156406       0.78892088022975160       0.76061530025545776       0.73511643767112977       0.68709799433819307       0.74461905084432178       0.71983527301813965       0.77144553473935396       0.80568958019474002       0.92901040255807255       0.63546178186301672       0.60526501321972259     
  0.35116405344277879       0.77404098112083797       0.47042381839545411       0.39759090599506514       0.26233132005253512       0.40418000017746647       0.54283260902031616       0.40246503832579072       0.87653020735567255       0.37252989361342775       0.48796813223716834       0.48225414656265120       0.40255780427283211     
  0.75715629525249517       0.64814353962776894       0.72634963387628171       0.70454642842149706       0.72164866460276778       0.77594061002633941       0.72584465627915473       0.90678412825086741       0.74956301849440576       0.75273454400791251       0.83516122982613150       0.71833434286608377       0.82168001424599169     
  0.37198373391662298       0.78626304070059172       0.49687702157862479       0.43001219900732501       0.28783793313679329       0.43626715300375507       0.58295341685291735       0.43642916296831269       0.88702907932255537       0.38822895620059333       0.51645732091558982       0.51178410235051186       0.43433645537175514     
  0.79372321580526406       0.65734281640909642       0.72354776914378449       0.82396851390740378       0.72298611957198189       0.86776365891162188       0.78463662988968996       0.67693931884775538       0.75525741509049027       0.78044896491562299       0.71428321745968171       0.81256685063356093       0.76268376483589029     
  0.39326183851563062       0.79815179343605303       0.52069251540172123       0.46436125687383339       0.31982739475879834       0.46755471820718003       0.62036901849796589       0.46938286541895247       0.89708410273763084       0.40540921462789997       0.54534348323897774       0.54041861096264832       0.46369787984156752     
  0.62445042679516560       0.63124963689098790       0.68793451913246340       0.84533605210800911       0.63841300322537886       0.66643014873128315       0.77608186326745443       0.79916439909799775       0.73897083773105399       0.72208795039944884       0.77797887574691693       0.74301052775051302       0.86074245469516075     
  0.41425263923747435       0.80965823125722114       0.54381375019308709       0.49759619766452995       0.35156509484838228       0.49930430743505411       0.65957295188709641       0.50177410810389134       0.90535055267336884       0.42210441333342219       0.57457464935844094       0.56793432152731904       0.49091837936498889     
  0.72741224052268583       0.71563071342385198       0.63440742580162957       0.76362055360072290       0.65361084623348187       0.75631006481262675       0.74861210549846480       0.75471808089059178       0.78679465845046270       0.67180996522391756       0.87058140762610348       0.70627039018916082       0.81187619283037793     
  0.43654483390431176       0.82086323640458603       0.56966034987543868       0.53305690687679808       0.38213800649979901       0.53276815920308718       0.69474458363181635       0.53505237880876699       0.91376405437661146       0.43964312692292284       0.60070679917435288       0.59614893144705616       0.51787028458167572     
  0.61761986111520706       0.70942340778350654       0.63220678827155352       0.93499559688771239       0.74257936603176833       0.91238970522156893       0.76429731797215672       0.83901915231784796       0.64822191984553346       0.84223987145688384       0.73376476586036188       0.70844123400564263       0.74732760791048747     
  0.45975261852842708       0.83283299641782194       0.59552686262673127       0.56780961967833887       0.41254007766068584       0.56778285773620851       0.73088719692797377       0.56771147818710510       0.92128267304081990       0.45424240795515969       0.63008369545793852       0.62224717919550554       0.54713253499597314     
  0.67377261171627234       0.64353666322603420       0.77597211964459889       0.75450173244951135       0.88807461978594515       0.72187184703124585       0.78674690298085126       0.83725975527148133       0.77971018878073184       0.85288832208399079       0.63167716121413187       0.67523654917339537       0.97564608305410983     
  0.48583248058796658       0.84505147793426028       0.62342029281241018       0.60114992355456021       0.45388755739258563       0.60286231314413941       0.76011586742856196       0.59780168377988452       0.92865300365158021       0.46866971156947140       0.65934065337638448       0.64763417523333433       0.57503035359854804     
  0.73629496728601551       0.67247234057972138       0.85340086975188167       0.62842965776039306       0.72130443237754849       0.79366859488728414       0.85116441644462304       0.71653027962464255       0.70741132797683526       0.69318833570148664       0.70930664905803964       0.73650200283172285       0.77617571703675348     
  0.51441640178069603       0.85691806954790961       0.65049870265632248       0.63152862388996667       0.49789242417339774       0.63541439492552954       0.78754170848995875       0.62613778025032452       0.93533576998586176       0.48232253767320032       0.68831418450597492       0.67132018890374634       0.60589007076216395     
  0.80256680387995050       0.68852731718232252       0.86852131614890782       0.79743112364091051       0.84155004281379098       0.75291651621541666       0.68684753984423830       0.74240930112068093       0.80995198976750593       0.61103914664007208       0.63942057167539201       0.68599897848138236       0.68713570492148313     
  0.54314723241173712       0.86810681560413239       0.67760788698840557       0.66182061863498653       0.54198915198802944       0.66683260607672834       0.81114209974847906       0.65456652654006342       0.94186924347984002       0.49665279927204248       0.71696207265240142       0.69621771860122561       0.63678405666812210     
  0.77254074779755988       0.73889533290622222       0.76339156861938517       0.73201011586763376       0.76173322325497739       0.68858863152045202       0.72019301901645560       0.71936209333664369       0.69943449443156258       0.66052693740246782       0.79000958208491856       0.81931979356640094       0.64451738746316467     
  0.57299730870079291       0.87909261071253708       0.70470821221141877       0.69544913955611842       0.58562388859181702       0.69953423479399490       0.83538131170092322       0.68523701253490621       0.94811992424303770       0.51385833350089838       0.74363726608055225       0.72073716463111359       0.67211991635348844     
  0.72199771564561155       0.71841505220954072       0.76621145618633923       0.64802534883616403       0.70727393551438977       0.77120123653088679       0.76360485063576944       0.68434112465930297       0.81315959644791769       0.85136357224045811       0.66901860080717479       0.78868776202918622       0.71586751155436457     
  0.60242390080633756       0.88966648832027584       0.73255235556371323       0.73028690821723419       0.62613926804767839       0.73215447520024735       0.85541519144369693       0.71693322149078786       0.95383430676704628       0.53154599932865865       0.76915247776007056       0.74499713849136806       0.70631436486464727     
  0.83014205051484979       0.69908256945058855       0.82126736225211106       0.79513673561530374       0.75953647483673548       0.71536777238564375       0.65109156759431053       0.81169313508638674       0.72865805097389513       0.62309437325980610       0.68042933934191074       0.74231568238436307       0.67889580854978726     
  0.63032179482131245       0.89962040241838392       0.75769921688721420       0.76597357246820752       0.66881534041256141       0.76425224385760260       0.87658733237568598       0.75034729646135934       0.95904984701354656       0.54993462367459234       0.79645000258521248       0.77061245984352134       0.73821539658516444     
  0.71968014601806207       0.72481057564734863       0.74426262300260937       0.86262850994193030       0.72092380057135841       0.94184813886076002       0.65452860588348871       0.68993468067631969       0.76323291035824714       0.72327170018743425       0.70917419560611505       0.78094212987480771       0.66186590947012169     
  0.65843460700767642       0.90977521613758183       0.78186063594360145       0.79759853674271930       0.71563894958190488       0.79522546164148422       0.89503520936753689       0.78171069274494887       0.96419692362214315       0.56907095366863947       0.82578770313123129       0.79952808207493908       0.77059433081538842     
  0.83634267148899977       0.72294702420655610       0.78575133671809383       0.68830404047444749       0.77626826284333084       0.76072725034151190       0.76876113388294642       0.74658681922776859       0.64057568371454543       0.77130750333572129       0.81693149065137161       0.80340584521964065       0.76606280245092828     
  0.68805064622647305       0.92036242607421614       0.80633097556372857       0.82838815428127799       0.76782368570128712       0.82566474649155941       0.91313624546273042       0.81244955761469018       0.96905834335847696       0.59518697863219194       0.85566734883887152       0.83073522665082067       0.80561825705519108     
  0.62463946236156642       0.83082536293306719       0.67847245961315883       0.70424019235442559       0.91051453033813379       0.73662805522944763       0.70031124088304653       0.78018478798173696       0.69780424513098493       0.72433229380172703       0.80034743742480174       0.98994434499625084       0.78067476269378622     
  0.71963035596222680       0.93173044519678605       0.83235481778767084       0.85721583269360535       0.81192538868629027       0.85700633831995354       0.92816257789744383       0.84407788460414179       0.97392779129419293       0.62242103255019254       0.88121113001653439       0.86098188912561147       0.84336377639712523     
  0.76440393981914423       0.75847429624142337       0.60822852271782946       0.72783934512759518       0.66360725824804101       0.74237276211169401       0.71538542437180253       0.72221361787280491       0.80696066162221380       0.87710751958771960       0.69805559405168160       0.69089109503809865       0.80810403695848099     
  0.75121667506869871       0.94286800930342829       0.85940871691529541       0.88775027680940743       0.85509402860730943       0.88850877647183579       0.94314444458662983       0.87935671243493008       0.97843110385402599       0.64564229030648734       0.90498166602801622       0.88928219513414386       0.87928182082482587     
  0.72934994662872688       0.74535039094708433       0.74960079776687794       0.79383776981233645       0.67405720098617850       0.66910395239947718       0.75586460536431943       0.76865550821167750       0.71877805575186537       0.66399930797874074       0.71091773505860978       0.63689356466879699       0.78294431794866481     
  0.79495444735338494       0.95468248294660440       0.89219407280209695       0.91339728089583272       0.89184276037415455       0.91809113249627461       0.95655911545171712       0.91169430205288893       0.98340150718992747       0.67398415757395613       0.92880563218331258       0.91570501439552454       0.91206730076530507     
  0.73010909809115387       0.84626648363979151       0.82770195565468552       0.58107469690232161       0.75245386394891289       0.71190605348115954       0.67591637164439222       0.79644211045625468       0.87955470146225545       0.69567494186634038       0.69363346422832428       0.82579619288688166       0.74786075738979585     
  0.84895871288443403       0.96563216595004564       0.92422020195270138       0.94047229569408675       0.93318583924675524       0.94694523419743382       0.97099120812100925       0.94087149877993470       0.98815885523774094       0.72505241468373505       0.95368480092981200       0.94274536920300200       0.94281047894743408     
  0.80873220598075202       0.86276358247490204       0.67067395176639522       0.72748356074660137        1.0053434446589065       0.75479392972388881       0.64291933329291673       0.74866360488224604       0.79692583432061403       0.87180725724399077       0.85041761063809640       0.70145979403577952       0.64829697474632053     
  0.91309855054942557       0.98240839492924648       0.96118945847272919       0.96901673470594940       0.96665120367085178       0.97323490806903523       0.98554070771989577       0.96883743156317703       0.99400752030817019       0.78509430217992993       0.97811134707783309       0.97148639408124515       0.97156551204142072     
  0.89481168093585040        1.1668548801207483       0.71652202216937910       0.70428456945361040       0.94587394601631969       0.79816614173168876       0.82156707718478472       0.68947112884016015       0.95068615677906776       0.71009441221205172       0.92133409288023227       0.85093662984043417       0.77954724522932484     
   1.0000000000000000        1.0000000000000000        1.0000000000000000        1.0000000000000000        1.0000000000000000        1.0000000000000000        1.0000000000000000        1.0000000000000000        1.0000000000000000        1.0000000000000000        1.0000000000000000        1.0000000000000000        1.0000000000000000     
  0.68176715409112498       0.93401425829614915       0.74229861067870762       0.80794434673240523       0.84217903510500058       0.69601591548706887       0.80250732661666146       0.69454379903358021       0.71966958456401420       0.68715303181728937       0.92080590490991665       0.71081541136264659       0.74183467451248430     
  0.82218429836436324       -1.9901337583121337       -3.2903809416394374        3.2063977773853440        9.6611624056292911        4.4666292342158975       -7.0511786078557499        4.6485606499261616        9.3953703018728625       -1.0979784129628538       0.39682815676145422      -0.99697834212888381       -2.1350953663173922     
  -1.0479959850458687E-002  -4.8975655927500039       0.32443297479504257        2.6616378425316460        2.7567487195929741       -2.4585238081376515      -0.21778264091123090        3.8864044291966735        9.3953703018728625       -1.5636792242013882        1.4169024800444139      -0.52223294277014354       -2.6545929296735160E-003
  -1.1662813197096140       -1.7150635966202026        2.5729842563725427        11.839548683430658       0.22538458919255877        3.8873193652420825        3.5001921923629959       0.92841290874993487        8.9989735164145213        2.9778619659766856        2.5077095151432793        3.7470766302037335        8.6305097350588440     
   2.6303380624765915       -14.418246799979993        6.7105578908180998        4.5526535180100627        3.2256605085062784E-002  0.91797754588559521        5.3350097896037276        10.595882834592103        12.028502361456599        1.7790186472437590        2.3778293391139540        3.9795143010966929        2.3340345532584275     
   3.7677116177381884        5.1239996589060874       0.63267281034666445      -0.15164587991880607       -1.0024449006284382        6.8648173292603554        5.0159278083319760        1.8419830066612077        22.161778526890792        4.3655698977757451        1.7362038364167025       -1.7858538587220529E-002  -1.5195394767254733E-002
   3.4274956073788463       0.30428799673872198        1.7945418922642731        2.0113444145479882        2.0562716582430198      -0.96777141721828364        8.1099381358476439       -3.0780907782829288        16.590422912135814        4.4569687595264185       -2.3639342570221880        3.2702569477244228        4.7264269646696242     
   4.9906644547930483        4.9203557618236715        3.4126932243155306       -1.8578885415914139        2.3334492989794828        4.1649885417083841        3.6444860961107866        1.1227219829801534        2.9309327238689549       0.20193734288957582        1.6367851653405312        4.4367545874180490        3.0515082587143167     
   8.1778866933222663        1.1786431991893371        2.3780204495655406       0.49834938150617214        3.0914627357612900        6.8052901475489271       -1.0029167404837298        3.3213259892428550      -0.46137391329175120      -0.50166606634744504        7.3314231993717112        1.3743422681000022      -0.81240952515776932     
   9.6035580476523815E-004
           1           1           1           1           1           1           1           1           1           1           1           1           1
   6.1825838413042029E-004   3.8255673578802164E-004  -3.0085072759383591E-006  0.62186662265472137        2.2222664282940465E-005   5.2329296140330073E-008
   7.1381972952341882E-006   6.2913169565059534E-006   2.0107690516969772E-006  0.37925952733979928        2.0083982276431832E-006   4.0815164032692331E-009
   1.3635098037411966E-002   4.1820512512225658     
