   0.0000000000000000        0.0000000000000000        0.0000000000000000        0.0000000000000000        0.0000000000000000        0.0000000000000000        0.0000000000000000        0.0000000000000000        0.0000000000000000        0.0000000000000000        0.0000000000000000        0.0000000000000000        0.0000000000000000     
   9.2045577151438657E-002  0.33783629371070101        3.2486732895202361E-002   2.9351011011619473E-002   3.1657922744390436E-002   3.1001425752911684E-002   4.6533631609921591E-002   2.5952168791545625E-002  0.42885408672163672       0.20534298387114147       0.13468172862654904        4.0253837088634739E-002   2.8203140541462172E-002
  0.68796140501758840       0.94158262379216862       0.82592325370509179       0.98331484388043056       0.89349084584593796        1.0298761525885229       0.86464567272600035       0.84281130426832229       0.90760672564010392       0.99546109946836003       0.82238934765886706        1.2324516247362047       0.85289793658039315     
  0.13301646614362020       0.41892835515752891        6.8117858800833431E-002   5.9067398921361369E-002   6.2501717324256120E-002   6.1318982790545949E-002   8.5558223481964082E-002   5.3703294926184197E-002  0.52289399213899768       0.25416351175127549       0.20302243040643086        7.6101371031322404E-002   5.6422120067068253E-002
   1.2964571333713548       0.95272608386703206        1.0268596407616470       0.89230821244652536       0.86180276199263239       0.95712375090303614       0.83561436962433744       0.81504422004695398        1.0199160658040736       0.94879174982928705       0.85701863810520162        1.4160936531389143        1.0165716960703213     
  0.15416171718251548       0.49768614840019643       0.10431997020425511        9.1962656675952797E-002   9.3466809507245258E-002   9.0769615422108221E-002  0.11757229735520566        8.4309074071774529E-002  0.61335504141917085       0.29540724555977593       0.23930887839283657       0.10727233112138085        8.5688204348217237E-002
   1.1095469262125257        1.1758107479975062       0.89268618559898771       0.92057150932189247       0.85023973905716743       0.78559650000961812       0.84454914279123849       0.86267625738472353        1.0574937477830031        1.1421463220690959       0.80002140900441454       0.97281771647673532       0.89594629701077122     
  0.17465461178627792       0.57144011112236137       0.14462382618471573       0.12687737931656393       0.12398219928590590       0.12166914798070963       0.14727850937350634       0.11793279687762112       0.70155752238335312       0.31730832055917940       0.26715483728022049       0.13791684194923326       0.11651470248071082     
   1.0032266656021385        1.4775026264509661       0.89227803275388096       0.95732034539530886       0.93099274654621600       0.92721377138694405       0.86289487912048068        1.0107052441023889        1.6283507546071077       0.78261687743563624       0.86986276397903695       0.92827773667004865       0.82509635985591179     
  0.19104646879532694       0.58774105507646934       0.17951921593185538       0.15603559673799824       0.15654625676471445       0.15387042669529660       0.17565231610595289       0.15060559632521503       0.71574677565884315       0.33785328881523713       0.28750266023571586       0.16982460519264003       0.14843621344434837     
  0.92724142519654051       0.75759132593242084       0.79177494225264433       0.74059017791615855       0.87920382807795838       0.83944968981050483        1.0469451296340775       0.88588339135297867       0.71325661263813489       0.91697173417495437       0.79631543637396107       0.95850738740113495       0.81238948410609757     
  0.20623757927923511       0.61071283173377433       0.21243728349810220       0.18519133476228233       0.19076306681522542       0.18696287587352223       0.20576543467055561       0.18423217555729882       0.73039999265631972       0.35470826673806560       0.31102879381373211       0.20189202532998751       0.18022025469574871     
  0.89537175872975361        1.0116238893459830        1.0501481127568291       0.87902948724994523        1.0244709534326755       0.94467095208922236       0.93213605133447197       0.94307981140341179       0.74949972585904501        1.0062239903172847       0.77582274681207142       0.95648291408551489       0.89814166182333754     
  0.22482743244605188       0.63479631723738927       0.24366732559653012       0.21540561380067835       0.22178412297489172       0.21975375934094060       0.23673761974837415       0.21659716706470103       0.75093795240955730       0.37132365409147472       0.33546800971296670       0.23415702762133161       0.21720491499505951     
  0.84402178402997818       0.71889280520694276       0.92030968727667672       0.98108432657303601       0.85478913717663585       0.85950285996407305       0.94820470763026077        1.0875661101504879       0.89775277030938405       0.93137475383035717       0.97872702709316117        1.0936969664999969       0.83639186010710809     
  0.24504445950023879       0.65824022211035671       0.27390869908959392       0.24740971157733985       0.25250597445805423       0.25226373658907647       0.26937858294186012       0.24454740696666855       0.77179037540967610       0.38756482555881588       0.35905583831218568       0.26576433743420774       0.25323289798728971     
  0.98526473030469608       0.79766085072161941       0.87126808946889578       0.89224402846349926       0.99384611888711505       0.90590112486159236        1.1018693945472064       0.74332793763711058        1.0055515348059207       0.79519564376641083       0.97105932204516954       0.80198365496874224       0.98571835708149802     
  0.26607151685363412       0.67786660464149362       0.30492089786517490       0.27781775238837148       0.28255878623694802       0.28341445524155645       0.30055596046968686       0.27100943039190850       0.78961362348190045       0.40358842574513032       0.37873096013903723       0.29603679991417498       0.29005672359054474     
  0.88954581518793618       0.84951021570688556        1.1068706094660421       0.94082961444701729       0.74611161280553284        1.0104864531078024       0.92862880241058166       0.77499487966483582        1.1012921784841503       0.78909582835873548       0.82051748088825194       0.84958700971190337       0.82202664691444394     
  0.28618447201147207       0.69704887552053063       0.33420209231318204       0.30803539314821848       0.31530252123259689       0.31265045421070553       0.32918501210003676       0.29844296175628154       0.80252613713411147       0.41920232209979136       0.39810800785030859       0.32537310463056135       0.32570503967816605     
  0.80243379373852519       0.76340894342136545       0.84559590252523076       0.80333380817880806       0.87397437986887794       0.92938413631399364       0.87785672255167824       0.86565575595445843       0.87622242199625577       0.90146648352263470       0.84162703195765576       0.94197218601650878       0.94924141584931487     
  0.30569580523637402       0.71587504408045810       0.36328277115772600       0.33838858912643249       0.34717684366760027       0.34044899770747228       0.35710626266517365       0.32923101661301774       0.81565308305700512       0.43469354009777927       0.41977101192233041       0.35435985381452334       0.36045802037222291     
  0.83301934466261240       0.96230330366566674       0.79187805458007898       0.97105444099629146       0.92186506818724834       0.89867315907183365       0.82010862224711045       0.90723536381279357       0.87414083150661437       0.98573111096794808       0.98312481983457023       0.94143694427733027        1.1087998619272919     
  0.32494653312948746       0.73498447087315666       0.39168476541090969       0.36744015530468926       0.38333325884477759       0.36837700766795423       0.38464285010230881       0.36013188826925113       0.82786966827182529       0.44978925666595637       0.44218182723836824       0.38241298488754477       0.39236147872400479     
  0.85746971499555757       0.99158016012899497       0.88598492401506779       0.87909413171434758       0.99465137244123247       0.83653579958518043       0.89640771435157285       0.98329752821551308       0.84374609911767406       0.79950679750493370        1.0291637787375889       0.76359703133061863       0.87508952939134865     
  0.34342733836100903       0.75143544537821971       0.41930650970862121       0.39482345395668222       0.42005300445183302       0.39664416764420107       0.41323244506582618       0.39277314190083495       0.83967842177008700       0.46469899513886320       0.46807862376735609       0.40883299773142062       0.42206941459414610     
  0.86411008627125074       0.79278217093994074       0.80303318943485513       0.85053307900862185        1.0938265083625958       0.93817354104070039       0.89376422874649930       0.86771773125960350       0.81375049667179833        1.0877677493813769       0.82128917787207933       0.73433947357186813       0.85674110840910755     
  0.36229421309680571       0.76742141694932442       0.44778769907703780       0.42157060123989815       0.45642353384873846       0.42606125254482802       0.44292700091881876       0.42507836854926923       0.85021280876591399       0.47981624563992392       0.49229417501638500       0.43591407407795507       0.44980120825383779     
  0.90768720218174637       0.81016032980194586       0.86569534068832532       0.75939253854441002       0.86140616302767647       0.92242837852174708       0.92768491846459833       0.94039722690676053       0.79297166359832005        1.0517010178771642       0.83421697707048281       0.88683799091119420       0.83135349960459271     
  0.38321024246639918       0.78222128314041461       0.47707331176285250       0.44973844251681266       0.48983450659309613       0.45684415282320284       0.47219786209011055       0.45796447547002633       0.86008746920022849       0.49392089206046691       0.51869692252014266       0.46339035466907119       0.47691320173975305     
  0.91675473452610090       0.88701979208653825       0.88835953835781978       0.79335093833847892       0.85675229271295461       0.94276948929913806       0.90363524078198532       0.91556734036419896       0.87089745775448102       0.76022956031796174       0.85108496486614860       0.78198165651824902       0.83613046018178083     
  0.40577451753473487       0.79668064044262810       0.50672347084861324       0.47864705643694705       0.52155603994785638       0.48974377823364540       0.50114538406900200       0.48935523931546299       0.86929706195384437       0.50700904174344663       0.54483995245900219       0.49042436046565668       0.50353492338075101     
  0.82696865089679661       0.87760165262830359       0.90259851301855487       0.83565176079605552       0.91312027262136264       0.88457449208160299       0.84828125025906675       0.88377106842317621       0.82819007916555887       0.82960987710736789       0.78749066790448607       0.74751212198931438       0.83499155391611302     
  0.42909892739861571       0.80883483171359349       0.53133820477671112       0.50997590241187662       0.55499661664113620       0.52610750801272632       0.53033453048581880       0.52031547793720079       0.87801091162806655       0.51962262244269586       0.57529647642659987       0.51695748986725354       0.53053350669880961     
   1.0066779867670932       0.81879422972339599       0.96995490058004608       0.99838047056960977        1.0363255692796558       0.82218859061840321       0.99219212651988287       0.77872650507457575       0.78008793850109370       0.84757870424273607       0.88481216252186434        1.0260629866567879       0.89504712458874414     
  0.45183942469685823       0.82174465648180695       0.55666514623335817       0.54236354793153829       0.58820829816994569       0.56275424270730001       0.55887463503949097       0.55284949520152704       0.88597818361553460       0.53243003409215095       0.60697329374728037       0.54392221094405324       0.55930519168084980     
  0.88198630864058669       0.82457392743715596       0.76853191063271131       0.89234512038997849        1.0683293736875266        1.1582892926180992       0.86305709925533625       0.82426329266566567       0.72910453776856199       0.93353859817465246       0.83964011022580909       0.91104583684990315        1.2028884966562856     
  0.47534858821693698       0.83310993168320224       0.58425168691094076       0.57511195991471808       0.62236361478743940       0.59281052353630548       0.59040072555667544       0.58585943081952097       0.89391891861214967       0.54597897669438833       0.63816727480389102       0.57141590535922648       0.58791145077169105     
  0.90200460220717082       0.84293681125221320       0.85066215248895838       0.83732124916714057       0.92473348163594959       0.88942407696413317       0.90468036488859671       0.94396556978507329       0.75400602496996605       0.82421631990806821       0.98235607524202928       0.92944045248066165        1.0700324110457264     
  0.50048418563719099       0.84508123859720863       0.61362387274490815       0.60794382744539632       0.65358169720408454       0.62225374602693351       0.62196942965513624       0.61656794538574633       0.90139736985775065       0.56068777788640611       0.66723175692599712       0.59876233646068389       0.61819812778077676     
  0.99358007468591436        1.0507831217161414       0.80753647663433203       0.83317131584232318       0.79933347466736770       0.77984321576370308       0.78056729503286948       0.86287665940512981       0.80544957378181115       0.93274043281333663       0.75696364100822633       0.87663245649735544       0.87047753338463685     
  0.52759476713882336       0.85738644480680459       0.64158367648425862       0.64060802917268711       0.68302485134747237       0.65200292344294131       0.65198115284048863       0.64697217862447254       0.90942431393323808       0.57493706290196878       0.70070716461480309       0.62612713054694469       0.65066247348479411     
  0.80533581187203374       0.85771648462558470       0.82843211694564400       0.91155950895463245       0.90275019764296649       0.85737282519782509       0.85075869483977729       0.94199640713895028       0.88627727049086680       0.84448384101788332       0.92758438971546653       0.93827249554331205       0.92687935480597061     
  0.55574704534735642       0.86989361485035721       0.66896487036348429       0.67332089360537140       0.70892536545565066       0.68403810251178143       0.67847465963006426       0.67787526183239644       0.91654178342375370       0.58995058699803393       0.73447085931240474       0.65234193271905416       0.68273551010638112     
  0.76326843369700748       0.95240334370530833       0.84693071397576047        1.0234432445687627       0.77943380549012165       0.79109006980145935       0.93239821493578667       0.86043406562294711       0.90463035786745027       0.89343447389325714       0.93467459626768146       0.95164723297334741       0.72712444393233666     
  0.58606916337938730       0.88111104450951327       0.70085674354865979       0.70548536546978668       0.73773276040509117       0.71689998111563880       0.70499937873136653       0.70987491616706799       0.92377937267754739       0.60472958912745356       0.76860882078226012       0.67743552180738265       0.71585388234386182     
  0.98141142540086213       0.86888337488312695       0.90825113919339695       0.93448208787194365       0.94046800943307896        1.0451091651511726       0.90710926221235033       0.84510046848613396       0.91708736823185255       0.82788925514116418       0.89282591918925880       0.87098061736061350       0.81246884618512005     
  0.61578470053477619       0.89225729293238898       0.73070117669043366       0.73641606521065361       0.76666770859219491       0.74939773538344001       0.73435895428085474       0.74455208551441276       0.93102377150187643       0.62091390387612566       0.80192967366193402       0.70385357957233519       0.74942733833323216     
  0.81290795049189635       0.82339918316660299       0.89602177876280198       0.93244038317474931       0.87963593898589221       0.89289370295979853       0.98082100096369274       0.95602514598786115       0.95951826793925232       0.83444557618071102       0.91094162777774479       0.81808062353496169       0.93036399293141780     
  0.64775908228631174       0.90411702632337831       0.76115600171151032       0.76825944263226109       0.79898875246167578       0.77969856465978027       0.76484639792418541       0.77791633267693727       0.93845614079133044       0.63688400705466619       0.83428023431114207       0.73393997104913899       0.78376345886189625     
   1.0008450393358121       0.85276221199032742       0.82698440223392977       0.98657135781020777       0.92049677496143367       0.92448148565047084       0.85415362353535984        1.0543393998113528       0.81332654634217638       0.78350756633498841       0.79162921652641327       0.75068334064621778       0.89368526445638774     
  0.67753070447115171       0.91584270659334421       0.79084293410801010       0.80257294020182013       0.83158342187263712       0.80910397290057812       0.79227259192607080       0.80935428789360042       0.94553459787664429       0.65212351377272915       0.86810020793766918       0.76747240557338114       0.81833080152045901     
  0.87900011939009048       0.81147090096968832        1.0019248696008736       0.91556496521880104       0.79860797711086040       0.86176184041782167       0.82134901631092661       0.92137494500538697       0.82164919834904793       0.94038389050469795       0.99192851501510937       0.77775898006086319       0.78602417390432344     
  0.71425054440327673       0.92725612187566864       0.82021295114435977       0.83645578498767648       0.86208388370774891       0.83871585866731091       0.81799665638261632       0.83971504332930380       0.95262229809618715       0.67405171012800502       0.89534919021587922       0.80446145157661020       0.85082574763660102     
  0.99172678145964333       0.77655851904970918       0.91007804952334703       0.99268483157611498       0.84965237043231967       0.84157991171325897       0.84409321916805258       0.93299918525118541       0.74664107291279502        1.0359795068255915        1.0081664747884802       0.83572049814091709       0.82082838501488464     
  0.75056356730371032       0.93797990235436501       0.85196909165209289       0.87226751148597914       0.89116474178046678       0.86879779781555566       0.84328950740363240       0.87019909555754371       0.95972986563407869       0.69347089791122996       0.92052016830950234       0.84050403142780028       0.88189201945713980     
  0.81901795481360729       0.81172149586301889       0.86606575668239472       0.92236592317360622       0.90255143872871824       0.87149955470007889       0.73945950759861756       0.85222811037015245        1.0913860425099535       0.83957665732669295       0.95857576051758886       0.81751214717305309       0.95538732823400419     
  0.79209453016897380       0.94989182874987932       0.88830039850503317       0.90337944785685598       0.91891143422612287       0.90105086618447738       0.87190571351665624       0.90072710592352256       0.96731480724932539       0.71915363267389165       0.94081376407791550       0.87609339185880675       0.91223510564904942     
  0.91865442600698788       0.87872097873380284       0.99184318554198625       0.81862119578908898       0.95448255413534955        1.0115681806263392       0.91941933401910603        1.0209413779701177       0.92952010114354544       0.83865249474354464        1.0226966929684980       0.91181704305852163       0.85639026438842181     
  0.83641314187605997       0.96211041958122789       0.92618155213851761       0.93575862963751455       0.94608800863757969       0.93429195611516791       0.90684091171578285       0.93222831613821355       0.97550977829273722       0.74465504714082931       0.96053092966398279       0.91456509393268282       0.94167546288673953     
  0.87081330433613513       0.95384427679648387       0.96412711796100425        1.0050783156167999       0.84669326919978216       0.89090593884287494       0.90960349172083832       0.92145628782739564       0.94125931585184808       0.89615146586559802        1.2131830571640987        1.0270759911438441        1.0321003623498548     
  0.90462659384274302       0.97826150560753267       0.96334774453629779       0.96663523957917985       0.97285662697265030       0.96753743048564089       0.94763920172970273       0.96615920924519061       0.98605664113392799       0.83066271993966967       0.98055382582172068       0.95534420514474194       0.97052554501474486     
  0.89093713454215084        1.1000573439700652        1.2487144313800633       0.93100321993043977       0.81960647897719563       0.82262892567806523        1.0804440922429748       0.92105327986425145        1.1661959973570002        1.1765840425617127        1.0173730493213093       0.90239967117031161       0.91680487741379524     
   1.0000000000000000        1.0000000000000000        1.0000000000000000        1.0000000000000000        1.0000000000000000        1.0000000000000000        1.0000000000000000        1.0000000000000000        1.0000000000000000        1.0000000000000000        1.0000000000000000        1.0000000000000000        1.0000000000000000     
  0.84299291514951424        1.1688104115938507       0.92616911154579229       0.89346703361948410       0.95219760192364444       0.85099020876838083        1.0082605997885443       0.95047470051279104        1.0090532302252009       0.83035100135886764        1.0097783384666053       0.76784913750362205        1.0516604459249832     
   6.3009202007165044        6.2411293702302313        4.8005219375456489        6.9735028095025262        5.1489445257412232        7.6742368987194203        4.1401314985524102        6.8230196259075901        8.9174058777569378      -0.15972885271183568        6.1514466284621667        6.6527053534022977        5.6618798466897564     
   5.2109480199217213        5.6795724732241739        7.8969074566709816        6.3245694847972223        3.7528555008410671        6.7619841285899041        3.4767376163445203        9.7595214155343601        8.9174058777569378        2.8112074834830358        5.6753444060812201        5.5129388181824437        5.4051792361767053     
   4.4333207534712766        1.2524587618084002        6.4507481593784357        7.9879299591719803        6.4566407421290961        7.7626195227614758        6.4238372833476127        5.9509426530205829        10.468851588379916        5.0911982990410163        8.9846095475249204        5.4352388720157867        5.2794364864050269     
   7.0170321193863030        7.6593724588732988        5.5056087640925151        6.7404940502984605        3.4053167781590510        6.1610100857408625        7.0401779271878739        8.1258101869639319        11.021854426333077        6.3744475450310025        6.9880439440282398        6.2320636923809385        7.0087617003016041     
   8.4847969500031155        3.0474990744638570        5.9262633010204926        6.0090038198068214        5.3138434497660860        5.3019716941638801        7.7990232685112559        6.8305704652576757        9.8312071597877146        6.1533952943675239        5.4249154245693427        5.8956876310814437        5.2230053548653865     
   8.1889324912764554        5.8797082240035241        5.6866508635518604        5.3173224562942707        6.7163424560854112        6.6209684512318816        7.2034334971142240        4.0566105204161698        8.2509505660153746        6.7452744021715008        5.9773745736453714        3.9024969317734142        7.3775736634568760     
   4.7472830250472233        6.2698187255059139        4.3913231917518152        5.6684513457301851        6.6183808704889522        5.3481921377444861        6.9855949900429959        1.5685603910461907        5.9983753262198425        7.5449485255988753        7.5361880295886614        6.8985574774374285        5.3539180986638613     
   7.2018212695440349        6.8714380598065672        5.2840376161917542        4.8736432437226380        8.1179114886698667        4.5634028775556290        4.8137269348300169        3.7753223559419138        5.1436743031873631        7.6771663005452879        4.4744649310384288        6.7119884949223643        5.9384172466040184     
   3.6650336587968958E-003
           1           1           1           1           1           1           1           1           1           1           1           1           1
   8.1528609149756001E-003   2.6709240954653057E-003   1.5020479719344891E-006   5.6166566697741089        9.7486446823993341E-005   1.1741297937917528E-007
   1.3464400713243709E-004   9.3786776748817677E-005   1.3542253719319573E-005  0.32629571642095551        1.3538046202353170E-005   1.1861054805350310E-008
   5.0000000000000001E-003   5.5788711762666976     
