   0.0000000000000000        0.0000000000000000        0.0000000000000000        0.0000000000000000        0.0000000000000000        0.0000000000000000        0.0000000000000000        0.0000000000000000        0.0000000000000000        0.0000000000000000        0.0000000000000000        0.0000000000000000        0.0000000000000000     
   2.7461856666171420E-002  0.11881958978058242        6.1494319254130778E-002   3.9582445933827461E-002   3.0548249772080333E-002   1.8659377860981683E-002   3.4339735424470733E-002   3.0622237964816966E-002  0.35956907814627320       0.18296704278641340       0.18479306552418637        1.5409883462007584E-002   2.9997587771065318E-002
   1.4141746721041659        1.1948614456965092        1.1742642306113760        1.5395608925609514        1.2625538008500623        1.2623021296058596        1.4481793514213404        1.3081701060389923        1.2507864041450978        1.4161468889767777        1.5894537376129549        1.4174197504649790        1.3881908303511596     
   4.8577936375374310E-002  0.15447585885718343       0.13083724611315145        7.1254699079229614E-002   5.9456932014581201E-002   3.7839385711946921E-002   7.1024139174547099E-002   6.1576543275283578E-002  0.48258651942654729       0.23916406007071173       0.23696696470986908        2.7476114763941191E-002   6.0442620045058140E-002
   1.6837317904824103        1.2668088107982789        1.3704727856821792        1.5216500979763472        1.3007982141319905        1.1756298395159641        1.1878385686089494        1.1817815892831283        1.6153060389654907        1.7481920865969163        1.4414278095128423        1.4754374559281289        1.3612545466909596     
   6.0877089794291184E-002  0.18217453017514754       0.20669837655698753       0.10105476231857194        8.8221822567551261E-002   5.9418415796518909E-002  0.10219760986562498        9.6297616787641843E-002  0.54177968016321687       0.26259391892455564       0.27096298810904007        3.9870147644374562E-002   9.8505073952294311E-002
   1.5452870652856903        1.2337020905336757        1.2233892770662682        1.6000380920255091        1.2403253143687800        1.3813400988357512        1.3426582821275601        1.5414598495668987        1.4667956778893989        1.2968692285373471        1.2307875130294892        1.4531876991638959        1.5781702872857470     
   7.1649433957895137E-002  0.21775871331528479       0.28161256858805522       0.12900348897538716       0.11846473970404428        8.0652926864479099E-002  0.13888013593935858       0.13083507064941693       0.59297269755152837       0.28614201920800963       0.30091863690850634        5.1879053445814574E-002  0.13355319133413518     
   1.2246743624424432        1.2817011957841966        1.3597265381021226        1.1346042778414243        1.2344198612025612        1.4621021763401929        1.7226109402902272        1.3676886619277300        1.5385796779738472        1.4839545917771413        1.4060888873229855        1.5933353492216815        1.4848384271371737     
   8.3687549446923901E-002  0.25826073638868735       0.35613443765801456       0.15639812932455457       0.15033725614477150       0.10466781447717101       0.17237403730087178       0.16605257520002481       0.62954879036201616       0.30877617507186711       0.32376229387866673        6.7509900999742301E-002  0.16356593167618988     
   1.5268102192128319        1.4467531917622329        1.4537192342646532        1.4180469356994376        1.4433483196937942        1.7755335424950685        1.2967192674551069        1.2968358868952412        1.1833838244476829        1.3363895380363635        1.4833280227514642        1.4404862937222906        1.3147651283244945     
   9.9005969365494065E-002  0.29486073164246068       0.42704584967572856       0.18842131026144260       0.18224103251113341       0.12539445046188238       0.20510303338376107       0.20035901371154524       0.65985069075469593       0.32771623411732403       0.34476410913331740        8.6267721321402535E-002  0.19622735212739206     
   1.6893760570975356        1.1682228313882419        1.6630108523792260        1.5710632677071181        1.1628394669451554        1.6305759698860347        1.4911624533149062        1.2500626149440326        1.3789502968750498        1.4340908516356490        1.1118905223259845        1.4162829722244961        1.2135034430410303     
  0.15848797944276996       0.32719551685061021       0.49197939064202884       0.21544160276302193       0.21465091593131960       0.14769132361209739       0.23990185893634389       0.23409373159664112       0.68926104490596707       0.34329839222392616       0.36613970409546526       0.10450451559717515       0.22967198642683179     
   1.1772745450102067        1.3882710867827601        1.1399281919333881        1.3387889801585169        1.2945748048146366        1.2963269571904714        1.3521530247588813        1.6038442797635390        1.5192943020650271        1.2564957228402722        1.4205723764612925        1.2886772513306006        1.3724443651922706     
  0.24721132531049086       0.36101607993115825       0.55328661803048096       0.24507701125335785       0.24832127032096263       0.16903841295304917       0.27017520904934023       0.26756365595248266       0.71353638666226671       0.35878787168594417       0.38911333554078426       0.12464133491292193       0.25687567973410685     
   1.4739280327422029        1.1917079381233728        1.2584383187255797        1.3932920131760955        1.3799716439109391        1.2042368071970082        1.3241144048110765        1.5593817733579893        1.3082853479529204        1.2923697560524725        1.2649253017875306        1.6588530046317476        1.1360926884118765     
  0.33187032579572640       0.39422874437488636       0.60190990669758415       0.27448934078394310       0.28269034706797019       0.19387084753138986       0.29928117412537136       0.30081152510451958       0.73361920785027412       0.37439953980006913       0.41461848544007662       0.14745445525126646       0.28848614880312706     
   1.4776355469066755        1.5579105040660099        1.1612588488979660        1.3092666354666511        1.4860152057126330        1.3893534026901311        1.4727379861433969        1.6028455493435794        1.4141984037366420        1.4546235350600809        1.4253752444502008        1.3201679634215773        1.3273151062051236     
  0.39294877170675363       0.42988361466436598       0.65266771969269288       0.30580687957976327       0.31536434256690671       0.22672010219003669       0.32711431303160105       0.33152765379680788       0.75208669445059184       0.38971143720223905       0.44127015473660214       0.17035832537707304       0.31727767930567524     
   1.2210498507902634        1.3731805755807831        1.2322992794063816        1.2716738813634259        1.4156104627570263        1.3341727939784211        1.4642001633999218        1.2597519431751212        1.1542358518240734        1.4404121240321568        1.4645529258949184        1.2470125428532128        1.4761366340642963     
  0.44419769539760240       0.46520975404996023       0.70452693729068927       0.33600284403720160       0.34544450489168527       0.25445849817711491       0.35658729846252013       0.35843808121194332       0.76694330407392219       0.40470767629322957       0.46833176992212860       0.19306004401557555       0.34243906759860659     
   1.4482492635954185        1.2974766289914295        1.7199958906619135        1.7279821570037626        1.1561784304391385        1.0734964597785723        1.3215179485479125        1.3100082647885496        1.2101988497167395        1.2844433450330766        1.4119941454559326        1.2851920732669193        1.1924948538410824     
  0.48711930425373479       0.49724948819259224       0.73866396177403959       0.36587788901131241       0.37579356223153626       0.28472150665882751       0.38612816972685271       0.38759159323274728       0.78027175716960884       0.41872396030196846       0.49470994632256599       0.21705677645510266       0.37235307359342584     
   1.3658002925454262        1.4553835791936554        1.3451788076299556        1.3758788939858100        1.2250303681419994        1.5578160845272824        1.2042322648450774        1.1781693081175362        1.1904294206497756        1.2744813804111321        1.6933379844414171        1.2599264958725680        1.2180202696005873     
  0.53021255130340827       0.52701628614449070       0.78074148253614273       0.39479874098860768       0.40756894802167698       0.31338695479320294       0.41393313737882559       0.41845202314974761       0.79362075251827446       0.43223650047144885       0.52590074533986297       0.24968064328990269       0.40313351779760742     
   1.2519468800254601        1.2997964086116134        1.2933775041995532        1.5353372806870806        1.3809544838919139        1.3689995279105094        1.3313277914888604        1.2923149112035797        1.0025292592875319        1.3098463542944834        1.1248920373206688        1.4101118028386965        1.3407231473456354     
  0.57248868602942926       0.55856534630165866       0.81670979517032227       0.42626555815405931       0.44201669382775699       0.34794494989905245       0.44046014642771175       0.44342936322148108       0.80907798602303116       0.44480262758531780       0.55859817178509164       0.28437428278162691       0.43747106823921167     
   1.2573930713722987        1.4852380195573578        1.4957030948358809        1.1337987370637717        1.5653283392117086        1.4527937373052446        1.2542166625812423        1.3139192983515431        1.3662314782759073        1.2845583051851654        1.3400983677276750        1.4160315122176781        1.4965625818882626     
  0.60849216467832179       0.58776957617554071       0.84790054052035313       0.45643113560185361       0.47909427989474412       0.38535417714976850       0.46514308433832474       0.47226171117055654       0.82255566372680533       0.45724648170744769       0.58615821754359188       0.32135513125121501       0.46711735119671222     
   1.3512134022883671        1.3465623651029026        1.5451223131901055        1.2635553915693190        1.4787406032580184        1.3860567276662727        1.2826964329225141        1.2826383970854447        1.3482773038400124        1.3034100369818096        1.1468439253480667        1.4031286828939258        1.7303108409669126     
  0.64218273318636787       0.61930508494131109       0.87075871831468332       0.48548480093920277       0.50881169962050765       0.41879459893235127       0.49183073313850145       0.50162610431308829       0.83502478805067681       0.46950647549463026       0.61474024046768394       0.36064923265225785       0.49610782705762002     
   1.2007792008694422        1.2330980115965835        1.2949573936555929        1.4606109365684641        1.2225996505333034        1.4275682737408171        1.2417216735916654        1.2943823633408447        1.3113540119980907        1.2705403950480236        1.1673429775516846        1.3460123674464330        1.4823220454020973     
  0.67561829037517951       0.64785737528186826       0.89053740719400898       0.50920387060296457       0.53202110326056840       0.45082743668169367       0.52130160929372893       0.53058859696899374       0.84661943449077137       0.48128008935759853       0.64395076841816923       0.40011769652904494       0.52355791371342619     
   1.4508336734750729        1.4217868347413223        1.2412300980996067        1.2269706877962177        1.3432832839430218        1.1649120783536626        1.1416748563707921        1.3261082973948903        1.2321622024677590        1.3600371190774474        1.1849106677765271        1.6767821203626112        1.1781039357204188     
  0.70397317528543624       0.68009549409882242       0.90673058655897498       0.53368509757319393       0.56064317675530684       0.48372496887719568       0.55358881825495510       0.56001667589002879       0.85871987935927108       0.49285231626478887       0.67236435176567544       0.43706576761953753       0.55130205502494478     
   1.4904329075622813        1.4793315929326145        1.0807464573414467        1.1764190737300155        1.4959966840968804        1.3835503252560184        1.4402855019953391        1.3214253038940131        1.3582051738065071        1.4476123708670321        1.3425801484954638        1.1643752591736580        1.3772872573094068     
  0.73443212701962346       0.70394656309446213       0.91985973137853450       0.55868656504431047       0.59374575388804796       0.51968603483066145       0.58639077036079157       0.59046473165125868       0.86977906165475127       0.50435897695303600       0.70181884577560205       0.47339444905985312       0.57843067466621678     
   1.5308153867490946        1.4568978105888271        1.3836665779549617        1.2799913995672147        1.6152756934311236        1.0462957735525940        1.5415642048330209        1.2842096946256953        1.3266013524426412        1.1292391031381732        1.3752481528291423        1.4093099191000487        1.3058827031351170     
  0.76175952381524603       0.72810848136603146       0.93290098554418321       0.58159674078856238       0.62661855959378476       0.56188483563437874       0.61720612751299064       0.61889578439896031       0.87933920589581449       0.51598666027980888       0.72744195480365137       0.50619404851286431       0.61025588213143966     
   1.3017057891697383        1.3137154843741894        1.3762565160064382        1.2894276686176622        1.2952155452759200        1.5465249557829537        1.2288832298599539        1.3886682446950032        1.2219394363708449        1.3789104017995000        1.3170999881122785        1.3806714901809078        1.3440074753817075     
  0.78711585628418501       0.75246037708963287       0.94372061945380892       0.61851167098815518       0.66221265385902739       0.60150214413740233       0.64653068401140579       0.64883789777594669       0.88888136254266803       0.53065117282193430       0.75482767928206307       0.54143188807099418       0.64390901019180313     
   1.1503848466430300        1.3503531717336779        1.0203971952704953        1.3409431969560555        1.4479268456066974        1.3854215490037394        1.1617953286672988        1.2708874992542476        1.1971874306822021        1.2467699442002911        1.2517071469020344        1.2871995659284279        1.3575332594738732     
  0.80985101384639990       0.77643950772643555       0.95478615249463727       0.64410710375691027       0.69247711688577307       0.64565643149959806       0.67700063864547688       0.67909481455509346       0.89873087196712365       0.54576807095583402       0.78196455818852950       0.57941772981532691       0.67208307149377888     
   1.2792547120776954        1.4917339295791787        1.4294485992835035        1.1440090955580193        1.4908002885637281        1.5288157251343022        1.3532600255890370        1.3255480512761886        1.3661674727577278        1.2875179940087702        1.4705067064621453        1.5716075615298775        1.1924061044266872     
  0.83080897029263967       0.79878023356847327       0.96388328302316884       0.67617698261612136       0.72189989089485240       0.68314821695642680       0.70852517938605097       0.70832964457926562       0.90781153383642454       0.56339092628781251       0.80795132367695399       0.61050525310273884       0.70118017683008538     
   1.1691006789430785        1.3217719722298211        1.5610961061979804        1.0907890670351095        1.3688558442305363        1.2680623121869674        1.1613705191787520        1.7830968736988924        1.5329673857017041        1.2927060690615757        1.5325764275298279        1.3168786551422560        1.2952019241747454     
  0.85168620256818539       0.82076245231205758       0.97144854857023832       0.70263781893203614       0.75135344556784700       0.71889115891639066       0.74118094551275349       0.73514485068234037       0.91581308144896201       0.58155908624757457       0.83509873518916655       0.64074061470157906       0.73197625833094093     
   1.2152214280726041        1.2580823429952823        1.2783121652879745        1.2354835659352019        1.2977575936827499        1.3708883456141958        1.4117390575235653        1.3407872558408513        1.3601385096739254        1.6547447757390998        1.3582989859940917        1.2681157198486712        1.1690466075761032     
  0.87119057038535963       0.84188091126654196       0.97741140989505215       0.73409889323990796       0.77831327576343490       0.75574548740278946       0.77401621421056788       0.76202513238066583       0.92460392449847550       0.60009481260680841       0.86086644877210261       0.66836043456105976       0.76762055316036470     
   1.2799801713466243        1.3849902784727772        1.3682198034618986        1.3184854529024845        1.2396894956077420        1.2924582169474930        1.5003571892779530        1.2245468483174435        1.3729576166956459        1.1827003957595956        1.3701950837638204        1.1451982239084804        1.3743889466919559     
  0.88925348563248885       0.86393652887436811       0.98293689068082868       0.76664826204414582       0.80964156869643933       0.79494802609140536       0.80986728129400098       0.79063088842476459       0.93314018971799262       0.61941732518131065       0.88165786215990849       0.70482094826154396       0.80553948717165436     
   1.3416783045429868        1.2387013551218011        1.2379103584410003        1.4498058767477007        1.2532088411158040        1.4376768775941502        1.6069827958992318        1.4645514919564873        1.1282484496415808        1.3724508535558073        1.2748331169387772        1.2987565239382142        1.5364619964364572     
  0.90858445446895708       0.88712952000753231       0.98762224043642011       0.79959457917482901       0.84261474282354476       0.83440394275686036       0.84410953685264378       0.82290664697098836       0.94224356455348668       0.63890197302764684       0.90229716070835386       0.75645210402642193       0.84095603546295661     
   1.4793184251353799        1.2494810944720880        1.3510544859785214        1.4197644125574904        1.2137929846106261        1.2172929273676767        1.3199405261750452        1.1735158486924000        1.2784512751188077        1.4445532685941032        1.3036611163624781        1.5529208788953146        1.4323976963964431     
  0.92404869253895461       0.90893448195707327       0.99147891549900247       0.83192143368206195       0.86993860766731379       0.86994363268312280       0.87461838027243199       0.85852034462588434       0.95183471391877972       0.66026421600094720       0.92177213354640142       0.80506021793762395       0.87327094525244608     
   1.1878370994517846        1.4922972732473230        1.6660757889813913        1.3411544816338288        1.2911885810254464        1.2930671288293378        1.2637144467634047        1.3839591426419542        1.4281283399224971        1.1240024109379934        1.2401342725650009        1.2570095825826542        1.1922854452312264     
  0.94063201026736931       0.92962021634300529       0.99428380563453334       0.86916447324521640       0.89956410889721350       0.90539056499116710       0.90397296090973045       0.89510181986386994       0.96011337285073339       0.68473911436549018       0.94295693544579040       0.84843824408626101       0.90491341357045119     
   1.3666317777953607        1.3172884738183508        1.5092190868888162        1.3658804734972474        1.5760828060045891        1.3184427948932873        1.2905230675031609        1.4875381582279248        1.4086348823738259        1.3571035366766073        1.2030931111712395        1.1732410443471633        1.3775148129878672     
  0.95740785105438075       0.95020485197860272       0.99659422644856743       0.90964575048417373       0.92932930706469208       0.93860169904178103       0.93615163922410427       0.93023067719026087       0.97090237508609911       0.71726571281398210       0.96211669492624119       0.89249291688332100       0.93553433345441028     
   1.2020790264617605        1.3675573680805260        1.4800613386493680        1.3740375795202555        1.2661040354492774        1.5113564456269446        1.5126025814887794        1.2936365939260963        1.7720892668408348        1.3883771278267896        1.5883647716726843        1.1564721865042775        1.2829898824676236     
  0.97669280273472159       0.97186589640973520       0.99837092856773291       0.95298923463066609       0.96178506276682629       0.96996888968980610       0.97035193392883301       0.96542281521737361       0.98353382440706205       0.78878781651004748       0.98055373655046651       0.93640821564660726       0.96706048960801527     
   1.3146380016257799        1.6113466276176296        1.3604214719484546        1.4679158305594089        1.4351162178881773        1.2614093090188312        1.3625902106087058        1.4505852715203289        1.8324606354349990        1.4249836480360021        1.5090070185153126        1.0522215099833045        1.4354848371916635     
   1.0000000000000000        1.0000000000000000        1.0000000000000000        1.0000000000000000        1.0000000000000000        1.0000000000000000        1.0000000000000000        1.0000000000000000        1.0000000000000000        1.0000000000000000        1.0000000000000000        1.0000000000000000        1.0000000000000000     
   1.4015685190393301        1.3941637960836983        1.4759995934264267        1.3629108331368471        1.5329856530542281        1.2968869107084859        1.4010730854813280        1.2734177167186280        1.5008090508971696        1.4331628206114357        1.4215000532746975        1.3395601382906290        1.4682903803049725     
   8.3378365640298320        31.982646732023934       -6.8464724494226754        8.3195616020440966        10.671784815433618        21.951378554625688        5.7407506094507061        7.3488341360407183        12.479088370402401        21.043617299903367        27.434084531645659        15.115417462953674        7.1416229992452607     
   3.9234536369769719        7.5867074864901465        3.5208433420889538        10.026431340402866        11.113382677082928        11.897032998590332        10.526145767241857        8.6134419126748565        12.226390787486398        26.907983286166576        10.661648058196514        13.622018988740178        4.1719486227682623     
   7.1860542422261862        12.639872235500119       -1.9788042224842455        14.743650909384195        8.0423720667503780        12.823031257243745        11.339866746282784        15.126803419940062        12.782734564759345        8.5210491976874696        13.349339842435709        9.9964488934705127        23.528368723697973     
   9.0473464407758328        17.213457345753429       -6.1107356224554445        8.1157279919952039        1.9856193863242240        7.7845446836596102        11.975140895835867        22.847400910725987        23.802840976192968        7.5406566479488681        8.4218107526368051        12.893952827116745        7.7625124677556556     
   4.9869136947472983        13.645759939784559        2.5799267708762943        13.300122542919045        11.728974138902354        19.630526968177993        6.0139435696451873        4.7767924496969911        16.152825067010017        9.3330130233633035        9.6188111472723996        7.6179842547811809        11.684514335262465     
   3.6189381669678422        5.1530380522099311        8.3337126068660261        22.265516910053840        9.5454863947389388        2.7056361542518772        11.613018674397855        9.5846570283098806        15.616512630432322        8.8583856039368243        5.6927334166059680        7.8669285163591764        10.695220882388160     
   9.1773962142609271        11.570861326452791        8.7581941133622561        8.7132332989850632        14.521259757786121       0.77592052334819295        10.932790764240126       0.21745305867035447        5.2014564039903757        11.098681485863926        19.112469398890280        13.178595245573266        6.5242412473291962     
   22.774622652824196       0.70885491047880089        26.104590726627031        2.5522528673960361        11.004155802206643        9.8940336094648522        21.887413225234550        8.8790365651756744        15.062695177124827        5.3148052045483638        19.345706552809471        17.193933799639844        2.7602911153394016     
  0.84328548190070296     
           1           1           1           1           1           1           1           1           1           1           1           1           1
  0.67492911499475106       0.18972590969418671       -2.3544974920034390E-003   11.734232487272461        1.6324163073115815E-002   2.1732170887035796E-005
   1.4921602804540713E-002   1.2782439044621318E-002   2.3736035275289365E-003  0.55410882699932784        2.3729509882841411E-003   3.3201258407220476E-006
   6.8254091334110888E-003   11.584550845878248     
