   0.0000000000000000        0.0000000000000000        0.0000000000000000        0.0000000000000000        0.0000000000000000        0.0000000000000000        0.0000000000000000        0.0000000000000000        0.0000000000000000        0.0000000000000000        0.0000000000000000        0.0000000000000000        0.0000000000000000     
  0.14294025950066044        4.0066457919465434E-002   8.7065111095713989E-003   3.3460369219114591E-002   3.0832818799852411E-002   5.2763952347006017E-002   2.9197940290262195E-002   2.9797005572221882E-002  0.39759166899176257       0.10310502156398864       0.12364508607823142        2.8847115938834860E-002   3.0375660516629831E-002
  0.99004450034193003        1.1222217088302877        1.1650612074475462        1.0131890454834953       0.88822470415474430       0.98180248922463220        1.0241444067883774       0.92778937191703492       0.92028471000363199       0.79235527577374198       0.95338149133719852        1.3807777061799695        1.2199832133260073     
  0.18710222680991956        5.5630753825564885E-002   1.9521911580737315E-002   6.8745169600304828E-002   6.5467737546611351E-002   9.4347790067664999E-002   5.9673709524264977E-002   5.9715029927771786E-002  0.46643280291693512       0.16526007459876249       0.20402595400606072        6.0684202731449845E-002   5.8600765957480837E-002
  0.92880561917784599        1.1257382716920321       0.85808975567382895        1.0961842211251804       0.97188058155980783       0.88749458941905712        1.0675956646367049        1.0018261239098640       0.88380140529234197        1.0726498914668712       0.96181539377133252       0.90913017773346727       0.89348125598201578     
  0.22715355714229338        6.7296985616210919E-002   3.2854629327880996E-002  0.10552264192962432        8.8173050223527838E-002  0.13172533857228055        9.0155969256827909E-002   9.0305440767544987E-002  0.53291650351773501       0.18759483337136099       0.25189189402730405        8.9543155309811537E-002   8.4226246650081993E-002
  0.86118241973001874        1.2605040203405129       0.95157099515063936        1.0550748810036192       0.90363390784553632       0.99770711164172565        1.1440565534569744       0.90837754822004646        1.2873035243323292       0.92652495787399614        1.0784429507742597        1.0686850506474328       0.99706192408053607     
  0.26603807128835183        8.0773211425977098E-002   5.1672867124264985E-002  0.14628532153866780       0.11621504084495374       0.16611343573550910       0.12417636700719134       0.12119930153543669       0.57561965407828575       0.20768070023381696       0.28596908865045861       0.11723799975981232       0.11511651766248185     
  0.96759060710926736        1.2130923501934030       0.93030571384369587        1.0742919930703707       0.92151402470820420        1.0182904120682874        1.1368322364667334        1.0120417761394667       0.99833036319368151        1.0436875449519045       0.97622765034633230        1.1345730583621256       0.83344828507396895     
  0.30212725168583526       0.10313141934902960        7.6747642286558976E-002  0.18847905105608070       0.14992286028679677       0.19793959711144407       0.15917032088779531       0.15084261422155282       0.59395866871336256       0.22812808597534748       0.31410073177805076       0.14547074635382448       0.14847931569569373     
  0.91928207629176084        1.4130351077833305        1.2796257838835974        1.1129051799130787       0.95949785023271328        1.2788604269533739        1.0376066133750192       0.92564793427538683       0.82699954287758493       0.97073680740717594        1.1581217050393677        1.1306148196430656        1.0976799247207387     
  0.33638344355660438       0.16428355751168200       0.10634105395445387       0.22765057318026136       0.18478899222472864       0.22974324818510855       0.19316154827748924       0.18010218601679218       0.62706425927815157       0.24909369585319932       0.34161332600456135       0.17564579559403881       0.18128771363729984     
  0.92302663426342568       0.84568834152469974        1.0064045102304364        1.0435480348886406        1.0395110169944439       0.89316551527161125        1.0221500455143415       0.86000905599330368        1.1320904472827125        1.0010681473079139       0.93660866646985119       0.89376147681836804        1.0142863678182252     
  0.36908799063286069       0.28777364818733675       0.13855246652693509       0.26978425990513438       0.21782827075085209       0.26307864398273939       0.22698660986837810       0.21177816725168355       0.65768433166573992       0.27010738617444885       0.36808303082443999       0.20502727307515056       0.21460449488940678     
   1.0696653344622906        1.0413247229054776       0.88681379032176244       0.93463490797160276       0.99280460749484400       0.97983608367262320        1.0157684950484471        1.1026965298766764        1.1494466344314942       0.97713562843727175        1.0119163127717252        1.1023389259264462        1.2809580546303208     
  0.40286874857414900       0.38850376080110960       0.17071935027803656       0.30720947365914414       0.24737272687912598       0.29342341849286302       0.25785191741013147       0.24234213558865550       0.68267143298366073       0.29001100642331218       0.39515919978518993       0.23879302444715356       0.24973835789820401     
  0.97666437622049362        1.2264359537350211        1.0322519764782845       0.92658401998943085       0.97848636904023534       0.97085007668734769       0.85275071271161640        1.0143707402968309        1.0066224154230543       0.99634774123113334        1.0087339493079248        1.0004577381702136        1.2088661437151194     
  0.43562785903953011       0.46299743459679937       0.20832801442610907       0.34337352264705229       0.27938745097547524       0.32217622443366190       0.28778725837551250       0.27309201735754063       0.70425530861685826       0.30833882546863056       0.42427692113511767       0.26930980819660416       0.28749408417925676     
  0.91745411417675793        1.1197476058134308       0.90142058654122048       0.85063660152055798        1.1296713891039996        1.0349289100861234       0.94155856421114958        1.1250314177995508       0.88090984768643921       0.96582366210048010        1.0558193947772667       0.96532817969217422        1.0044018911760646     
  0.46656346007413813       0.52415416117936697       0.25602376195305065       0.38023263969204407       0.31148481538829670       0.34934068419709008       0.32133534603608405       0.30453224132926543       0.72377141761292707       0.32543615806911719       0.45085564113392718       0.30491394371308639       0.32236839805060741     
  0.86464591910789257       0.95783747928833329       0.90521817665502036        1.0366614410337667        1.0292995880244800       0.90387955452394353        1.0236971725327935       0.95117523156606287        1.1196258314624667        1.0910844896339447        1.0940118709218232        1.0714458196125471       0.80875222235149991     
  0.49585446881459705       0.57426883980122989       0.31033507043662856       0.41557532693060600       0.34638197228947759       0.37635215888330203       0.34934170354043020       0.33727294463371588       0.74267077947730853       0.34119167454459842       0.47771625817713498       0.33595386500228935       0.35411231490618922     
  0.99773980190501266       0.98063292856275075        1.0698354237022050       0.89800673423519772       0.97197827928662017       0.95200799818824733       0.83225877534711912        1.0791576023435825       0.99729646462297183        1.0287524806262254       0.97132314240853734       0.87892675146344745        1.0937090361273385     
  0.52593248452549890       0.62417031993164362       0.36330854229390597       0.45288505693163261       0.38079350370933318       0.40232950300613773       0.38152509781163935       0.37097354153892836       0.76022332931228709       0.35718227565409383       0.50459352312061312       0.36588590576235114       0.38522624281778839     
  0.97145343725931821       0.98251709756732997       0.98143793335351048        1.1213650388037795        1.0723346289941262       0.97654624639194254        1.2218490242153652        1.0668729020671119       0.90178071580833996       0.84521797272634824       0.89211442299262766       0.84317614174544853       0.98582593587045708     
  0.55352779494141280       0.66559432863724899       0.41641204581603436       0.49071468919439798       0.41315449862987552       0.42844827263446761       0.41123889378707768       0.40104365110505424       0.77407944506274218       0.37479411532459150       0.53291625960491251       0.39634134381576813       0.41508375816804255     
  0.83466429758694161       0.89517499384984345        1.0100633018863863       0.95338149133719852       0.89334031447742568       0.96018034306301425       0.73782833295411032       0.92903790781775175       0.84063486225750517       0.99390306381126081        1.0080044759891069        1.0325823150006810       0.94925737211935479     
  0.57961307561213049       0.70029844520608109       0.46909570267361672       0.52775626778427143       0.44613404281160657       0.45305873750676823       0.44407659638154806       0.42957131603632248       0.78916869538844570       0.39000264263821455       0.56218619764986588       0.42681945582421971       0.44538298330192966     
  0.94804565840670374        1.0440525662548230        1.0695182244781245       0.97590363898120946       0.93682623639022788       0.84945019138659361        1.0741849101483256       0.94640175280836636       0.88360237895597460       0.93778491612211312       0.99880594615300644       0.89904384727675535       0.94407607542680649     
  0.60579622056295435       0.73360691181397930       0.52200983880743090       0.56472874427544306       0.47501151943328329       0.47626104959232157       0.47575569213822116       0.45905910688127771       0.80267905018706331       0.40746893180540672       0.59031265964356605       0.46119418225907866       0.47442322123066832     
  0.89536423138010868        1.0809415401603404       0.90265805477972394        1.0704362017564053       0.95935122046581789        1.2252944460975312       0.88500337322265754        1.2015494938890789       0.92344673629234664        1.0061015069412316       0.93382826416074993        1.0395262670537146       0.83366554080457733     
  0.63175360034255046       0.76307534795052634       0.57994693070175618       0.59828746526439092       0.50775309276613234       0.50096964910584374       0.50464921572479426       0.49029276980322156       0.81741810883077060       0.42344775338775137       0.61543604878721425       0.49240659382015839       0.50297086412858472     
  0.86761501278811637       0.78045549580815632       0.99791652087071891        1.0497983455059552        1.2407672540109931       0.96598270884638737       0.96588250160041955       0.91148150853655241        1.0201691612928807       0.94066540401676169       0.99312543057723168        1.1446069068106255        1.0961809357329262     
  0.65492830503227939       0.79155198476127930       0.63748086322525854       0.62957303380311969       0.53301239218393037       0.52296301771435005       0.53376275910622284       0.52350126803967667       0.83034962444185001       0.44034146546696346       0.63985199518532887       0.52140430709558472       0.53268812919922826     
   1.0240801049146611        1.0079066539084149       0.91947118726103361       0.88592217059791023        1.0136123194303750       0.94811466014270651        1.0698375441089045       0.97417491921395627       0.89130318774083372       0.90387955452394353       0.99573739615055235       0.96927770017913140       0.84603866086111723     
  0.68028892261632457       0.81770396818344582       0.68499491255439215       0.66272637897160847       0.55926353436201259       0.54400820439491215       0.56016550662957931       0.55504118553944304       0.84202391999215831       0.45591031345667082       0.66529414885173899       0.54625308338731993       0.55837256871388541     
  0.87336453389092228        1.0047858554752209        1.0086930406812695       0.95434445669604251       0.86254698224820048        1.1390156338572941       0.98891544620664629        1.0482776116205206       0.92331406980301467       0.82531565726294465       0.85345336890645829       0.87706591117533261       0.96025213954328670     
  0.70607899022670462       0.84302802841073077       0.73234309528949937       0.69417220212127262       0.58551166243927577       0.56491522150127904       0.58705501359690226       0.58611601943067704       0.85330568702194365       0.47175638535994840       0.69193047951289854       0.57256164342753946       0.58766431223271276     
  0.92113073136094814       0.86228636152272264        1.1331138295941687       0.98498807067595451       0.86940353370275358       0.91264997406609472       0.86640220265168033        1.0050532953714821        1.0262594536394063        1.0598911680794569        1.0904992517457182       0.85613410226214159       0.88575942868400426     
  0.73265498828436404       0.86503387649879715       0.77648265547829098       0.72307827570901140       0.61865231624378580       0.58910597088829963       0.61452808918460133       0.61542636551495178       0.86454924063575700       0.49067008028586523       0.71787155247144119       0.59989762051674689       0.62007824950859447     
  0.99311933171252242        1.0070307811454859        1.0205323673576119       0.99625575329090899       0.97549690687300716        1.0738375216641127       0.89332456031540475       0.91803479732128335        1.0296755726051456        1.0235876190445099       0.83917612191562585       0.85122929896899158        1.0947155267883426     
  0.75772282654188960       0.88220677142205506       0.81583764827739602       0.75217545943532627       0.65176322531653375       0.61648301253453330       0.64353339112307528       0.64992653995018401       0.87689468388154668       0.50819413756840681       0.74114184245224679       0.62990620449501056       0.65299674159688859     
  0.87646937487954579       0.93152796025106510       0.79941440139607023        1.1042104949141620       0.98890727973997072        1.1894453725260539        1.1022385477708645       0.96162695715000335       0.96115271239472411       0.90762995247169587       0.95103754778663740       0.95685808797727989        1.0887914307304278     
  0.78410002823231484       0.89877100418087585       0.85013318840832097       0.77893393781056519       0.68321293287959983       0.64369524601603012       0.67461377992932015       0.68501272974615313       0.88846399326841441       0.52623828114034010       0.76456736550091209       0.65737044979849690       0.68613572380145804     
  0.99689959672932449       0.91474554286615295       0.95937694999739342        1.0414194927704035       0.96471026514231750       0.84580926157322878       0.93876595815458952        1.0748590279573123        1.0224433353498701        1.0649693424386142       0.87652188926735708        1.0034943573812520       0.99413269767067070     
  0.80918839495393935       0.91389779157001017       0.88312179437820537       0.80750397158263354       0.71322381492595976       0.67187045033781834       0.70730651898083763       0.71869621485356272       0.89970807466136937       0.54527991785864260       0.78914295912432264       0.68397851944043275       0.71905857183716371     
   1.2210545908499983       0.97438831848661722        1.2899586896018225        1.0313353976417083       0.92642630665071390        1.0132485552043746        1.0407691880359611        1.0356533599619724       0.87609858123223239        1.1036769438068561       0.87752962283050218       0.92959647971707315       0.90756280820910751     
  0.83291498444003176       0.92836926973096157       0.90716213986336536       0.83029890438027598       0.74516078590026769       0.69870657964874971       0.74211921772309675       0.74711917370024405       0.91029589528905142       0.56339772977711811       0.81470884969892865       0.71326046436945090       0.74975960227440164     
   1.2168147980544541        1.2566349586305743       0.87357792000493795       0.91480535826434017        1.1029401050879890       0.91769482138553538        1.0297934635291714       0.89649539784369059       0.89035740207751879        1.2376654528242343        1.0686706771120875       0.88465934191268414        1.0068602834582752     
  0.85577348948489285       0.94023403141409634       0.92963356772715344       0.85719368293043396       0.77744304938311326       0.72374082578724952       0.77506782799679330       0.77768993490313199       0.92069855247422161       0.58185295973056228       0.84269773911107715       0.74713656928878214       0.77872657405778878     
   1.0105787275594631       0.79567723162395865        1.0405214734558206       0.92305319060095870        1.0989363854599157       0.95784323367085222        1.0253956736687644        1.0467888301392307        1.1113523147994633       0.97764636071593491        1.1200437589806564        1.1069093862806649        1.1282069928939480     
  0.87868455556286196       0.95104689287812860       0.94750246915292791       0.87809321013122421       0.80946567834766026       0.75170187801884580       0.80745309506650942       0.80808736984108254       0.93097721204069883       0.60166783103833399       0.86967276053000564       0.78295907795121211       0.80870519459546431     
   1.1461447057029237       0.92522670556046560        1.0077425408736849        1.0175594783992241        1.0754736397683091       0.88851467051404398        1.1480377514977684        1.0145378397129516       0.88975554657347877       0.93194368691208496       0.88874197562873192        1.1355766249147909       0.90366904809338300     
  0.90079375670244188       0.96063440169172543       0.96016281791301106       0.90212189036149826       0.83982647801570354       0.77842255045275910       0.83829028478820822       0.84253211119299620       0.94103663692322226       0.62455991260004584       0.89212341577571330       0.82049318330496412       0.84019723025534443     
   1.0246582877442676       0.88254384435321798       0.89385271091529750        1.0953892677020882        1.0250800907317998       0.86496440093194182        1.1172175289885626        1.0971636855222464        1.0238709871677059        1.0813317187279037       0.90220670608968523       0.99853552667001655        1.0424020220132901     
  0.92157085125473848       0.97007666175304186       0.97390369833205082       0.92085021533146705       0.87203000888004523       0.80830548266219493       0.87077442759517754       0.87942407039075010       0.95115806738529451       0.65098459973644518       0.91434962425077526       0.85553862804843273       0.87669068946018203     
   1.1653279923020596       0.91669950335199513       0.94928924499498035       0.88110185332406687       0.89765043177031389       0.85708228501590955       0.91579732002892578       0.98028706596034554        1.2257176890778674        1.0188076517101272        1.1162847900480810       0.98453783569328357        1.0697510878115204     
  0.94066108015618499       0.97884564877696023       0.98275822364284782       0.94072290455074503       0.90696412091336631       0.84538505683639276       0.90437169251342719       0.91247630238046040       0.96126592642668018       0.68256279275909115       0.93586846833371651       0.89217178976472822       0.90540840400721034     
  0.91777750087206267       0.89081927951383899       0.84838552109091081       0.82511563036797875        1.0517155985367790        1.1437353318157064        1.1139627623182256        1.0482810494811454       0.91057948861874149        1.0596260033482037        1.0953671083649457        1.0408415568725067       0.84519276008712418     
  0.96149335704291583       0.98651679315429841       0.99038587436377656       0.96107080493002339       0.93950246768541179       0.87753803650905415       0.93596955658889514       0.94352995018547559       0.97170404959992385       0.71511186195920184       0.96048042626803309       0.92985278391052950       0.94365937037160108     
   1.3161087492049059       0.81108009287347604        1.2184081365641128       0.97097745729427865        1.0997675332184198       0.93217971466902316        1.0369833843678360       0.92835349839498194        1.0789381518726289       0.93933410995715150        1.1180759896194039        1.0382655317761023        1.0330551964099774     
  0.97970978275692178       0.99352526611209235       0.99602706591467816       0.98060254152920645       0.97039791087776350       0.93911691818343801       0.96783811643233220       0.97137783506473496       0.98371521197482414       0.77458103160431790       0.98310179738606851       0.96529623085466998       0.97137504953994935     
   1.1248557848026979       0.88675896036004465       0.94748910338916326        1.0091059966228726        1.0962881915869784        1.4424363017895387       0.85478801750636491        1.1017393600734418        1.1917252213542089        1.1002171873127571        1.0937285468601088        1.0147242870924225        1.0275125214743455     
   1.0000000000000000        1.0000000000000000        1.0000000000000000        1.0000000000000000        1.0000000000000000        1.0000000000000000        1.0000000000000000        1.0000000000000000        1.0000000000000000        1.0000000000000000        1.0000000000000000        1.0000000000000000        1.0000000000000000     
   1.3381037136452314        1.0194935192889498        1.2204122762577865        1.1056798934005698        1.0230099567763622        1.1052449348265445       0.91516966777278808       0.85777131136108964        1.2595719926893421        1.1615197904066796        1.0513625936128363       0.90062051937880550       0.96319738030161084     
   6.4526274984618803        12.708907991606265        11.641664960574294        6.2528742849673407        9.2229879688988152        9.3760549895786358        7.6250924711399550        7.4337248879393325        4.1222016443470606        5.6452348970677111        8.9171991369048236        9.2833617872870793        18.148031204236808     
   3.0587175393791539        12.146748925172661        6.0641312039108675        5.2733133502077099        8.1251751727292287        9.6139509536972181        15.951319770613773        5.3187213009678871        5.3546310289579893        7.8701175228618299        14.272434978535333        6.1988898448706031        9.0546924017542416     
   5.0611692394014067        5.5338395814625931        4.4373319803892084        7.9846928806005755        2.6340842595788967        15.755993133475556        7.2348029173398176        9.3931752153791557        8.3208999752619039        9.9614851492806640        8.5449049405193733        9.0860168127811374        5.2924131126880400     
   12.016259820112994        6.8423973468791210        4.3496263316986621        6.4927075556272893        6.0271468748324271        13.536057930633001        3.8217658579991443        5.5071063952814123        1.5032005300387417        8.2378093491197895        9.4040116870536181        4.7015362835970187        7.7070020949099085     
   10.131246531580215        8.3013027306510558        1.1210128106622395        9.3776079236882293        9.3887462268387356        11.805071077053514        7.9356035122008928        7.1628997871034841        13.080674285984797        11.525813542534189        4.9650971217479665        10.943419143334102        7.1699058006223249     
   10.075724418118067        13.407182108529913      -0.23828969372044173        9.6677171062562230        11.088418304497885        5.3411563873426573        5.8550663157479654        12.093511765959025        4.9570633103609865        11.982717072446681        3.7815125614034977        7.7420881777722634        5.5824353594599234     
   7.8527603416460252        8.2463572800121536        4.5507187298784935        10.370206775001982        11.642929987663637      -0.66286255102353042        9.3311306675266419        11.685177687530214        8.0105572798555205        17.110271270939570        5.5875486913094594        2.7341714610938457        7.1841386312374462     
   9.5426550818274194        6.1627236222317361        11.344499452500708        9.6889750993361030        9.3202095407749148       -9.7159585407785176        11.190388615895134        6.3332937061283454        9.5984424801506094        6.2421847371092198        14.974886577246126        10.319354330774102        11.147937138922646     
   1.6140571442045643E-002
           1           1           1           1           1           1           1           1           1           1           1           1           1
   1.6177567955946354E-002   8.2400515115964041E-003  -9.1832792939224167E-005   6.9211070999636366        6.5292411877583252E-004   6.8187904707342209E-007
   2.8324086979282666E-004   2.7203072600394266E-004   9.6714710340947449E-005  0.70028840361028866        9.6674085590202260E-005   1.1000777884385269E-007
   5.0000000000000001E-003   6.8107288375101387     
