   0.0000000000000000        0.0000000000000000        0.0000000000000000        0.0000000000000000        0.0000000000000000        0.0000000000000000        0.0000000000000000        0.0000000000000000        0.0000000000000000        0.0000000000000000        0.0000000000000000        0.0000000000000000        0.0000000000000000     
   3.4895947068789311E-002   4.5135778421262956E-002   1.0714643895454026E-002   5.4810591307725677E-002   3.4338657242276173E-002   1.9777917423816207E-002   2.7774725042304712E-002   2.9367047816363789E-002  0.14559041046538462       0.11496595936843287       0.17090048457362156        2.8559543598321111E-002   2.2668035874078160E-002
   1.7575507071700909        1.4405079717004088        1.5360564002307582        2.1057796272617559        1.6926696276037372        1.4829345034223849        1.4714508710539880        1.4359236870168273        1.2366036108511618        1.2091360724234730        1.3280797523683108        1.9821761005455256        1.3848876687823477     
   5.1407152782779672E-002   8.8472297402726524E-002   2.3560815256815481E-002  0.10211871167647654        6.3163516951012993E-002   3.9251105632415378E-002   5.8374453688981628E-002   6.0659599977125160E-002  0.21492816131949305       0.16320394315580197       0.24411787967527274        5.9993383839831674E-002   4.8451699379404307E-002
   1.6019157059706766        1.6509207454207691        1.2869486998770381        1.5114259088393662        1.5146771919561894        1.5812262742348857        1.2588104862836320        1.4146912857851666        1.8296199055732352        1.6222604574680675        1.9325273596464070        1.7280336256691955        1.5292755431383818     
   6.5503341297726086E-002  0.12000599838239126        4.1948741893767183E-002  0.14102081422820906        9.0443344128495334E-002   5.9789332538834158E-002   9.1329730157796662E-002   8.9208667785842632E-002  0.25580153386381643       0.18924748021038870       0.28257158437495189        8.9859460772352490E-002   7.9857711763679867E-002
   1.6093907831053744        1.3515779620042763        1.5599914315681636        1.5260071166200810        1.4538635422056037        1.5357045208955533        1.7243420671533418        1.5835065634735368        1.8363371697064870        1.3557547346204581        1.4850517823680611        1.6920026880051473        1.6031888178556848     
   7.8790989037579820E-002  0.14987540708588315        6.4045854538946748E-002  0.17940800356346506       0.11769608976627145        8.1029217941847906E-002  0.12838964986614967       0.11828067341753100       0.29304678587974381       0.21484981467824338       0.31222735470904961       0.11648539533992275       0.11739176708503511     
   1.6547166055859128        1.5340779331640280        1.2520336998169848        1.4455333479964751        1.1956289552827244        1.2744879199720434        1.6800133558247514        1.5237685302590791        1.6983776682200429        1.6117481881055344        1.6111678570919898        1.5333100449849100        1.7206298863619880     
  0.10118424124724201       0.17752059388511365        8.9791049545853291E-002  0.21652227597759793       0.14614534620648520       0.10421243107321682       0.16237118250693838       0.14917000808231623       0.33393950932310990       0.23642001088896195       0.33686178601819261       0.14285546528372053       0.15216623628409379     
   2.0457689042482969        1.4441679484185392        1.3968029665999433        1.4737043232967575        1.3209602477991815        1.4542986276075074        1.3335204604817725        1.4148491286725966        1.6799659723656915        1.2706280707047444        1.4830145169988989        1.4852173042434285        1.4322152878432304     
  0.15418428266322079       0.20895848134007136       0.12077538989218090       0.24969708049210515       0.17605458618586539       0.12849412809431163       0.19191841774360252       0.18145527545658338       0.35964492982365559       0.25231940026260924       0.35789912321580963       0.16735923076136619       0.18554545664683292     
   1.2358481403164783        1.4556283252050757        1.3183954217027849        1.4826748937153593        1.4932544903713223        1.3799863964453452        1.4056449403175879        1.4331361371866185        1.5243847089251188        1.2209466787461671        1.4266987747281368        1.6380482421976885        1.3206132479629316     
  0.26758003758342785       0.23668450257690415       0.15461398500646084       0.28266773312592597       0.20503897970262341       0.15314416753866758       0.21898907433570025       0.21804387045425927       0.38441556172524699       0.27237409449984828       0.38066556687959852       0.19789295493503989       0.21441078270446312     
   1.3726848678061407        1.4033135044264893        1.3795906265202409        1.7654111879177348        1.4512942415591297        1.5050118835589861        1.2945491484929752        1.6885014581317521        1.3733716356287777        1.5680562695321250        1.5067087657418059        1.5225879876022625        1.4484444108735495     
  0.35134815110809581       0.26847302175570331       0.19245649459057942       0.31586511118717564       0.23487427087338947       0.17931292685812644       0.24845530907059241       0.25266841984080779       0.41101340703950601       0.28909145408858389       0.40664881419860088       0.23247190060997489       0.24489530340555768     
   1.4941128298944433        1.3392191231405075        1.4140731565637139        1.3873321787178334        1.4220442438928971        1.2629518249396015        1.6800399959409815        1.5242490867819740        1.5581281978466452        1.4942581977711169        1.6195306319682883        1.4416735107854315        1.5829667614805556     
  0.41528331132050272       0.30028820294239855       0.22880775790635144       0.34603663707117099       0.26804444229501423       0.20908060817934096       0.27745955620722362       0.28589125614195404       0.43531756081274731       0.30930355214297967       0.43393872285347285       0.26943210317444438       0.27200660736936128     
   1.3780950275354751        1.2823933751089573        1.3245181307088325        1.4920447267068186        1.8191542530616780        1.6362772578542530        1.3288751714010461        1.5715311899879443        1.3278689006235906        1.4601592986776228        1.4387226787034220        1.3682562558475087        1.3096614459755880     
  0.47042593648857750       0.33666461084826182       0.27631683407219110       0.37301347235398741       0.30098179576620887       0.24116568599722130       0.30745828312084211       0.31762144773011641       0.45822098576193937       0.32928915524565366       0.46119538020988687       0.30599842054988935       0.29978788583650823     
   1.7111628988485532        1.4444371994567771        1.7794862948059500        1.3689822943284831        1.6706350914189192        1.3565208919492173        1.2660736776022972        1.4833980930220552        1.3289472102335429        1.4697263997812899        1.3424658336908915        1.4787137013838056        1.4474933429510570     
  0.51800870756515782       0.37047347043159506       0.32448366377543381       0.39834436204790635       0.33357961279041087       0.27017193958320179       0.33694966059626547       0.34569010485583018       0.48091408730977181       0.34820053502787485       0.48722498102362771       0.33903050516031469       0.33345183242765408     
   1.4662735268777889        1.5397210685684903        1.1911851753360139        1.2876205225629056        1.3271449607950603        1.3237084984014125        1.3096163080564576        1.3481902746242340        1.4628892870977788        1.5817404608957650        1.3663088827523115        1.6503112416611185        1.3335003883913892     
  0.56085833627357518       0.40479985496744980       0.37317682221990656       0.42302877853295917       0.36670890449774451       0.30018881129556585       0.36915762792557455       0.37331091447063874       0.50349506665006183       0.36510759698864859       0.51239936045005285       0.36959477414109154       0.36822490020228199     
   1.4164013408446012        1.7198773999390644        1.4035546585093208        1.3274316683248253        1.3485592637015147        1.2715449518594546        1.4555888098351082        1.3623731228333689        1.2563345768474918        1.4978863397281164        1.6323710970228615        1.6610784582285392        1.3639427038623959     
  0.60108375226369870       0.43501007101786049       0.42524786795875724       0.44415093765904867       0.39790083526361886       0.33399068651188812       0.40202606136028002       0.39970667797275777       0.52590077074061781       0.38053170148108645       0.53940074388319204       0.39884009184937841       0.39856733486981999     
   1.4202227771632134        1.4507891064917597        1.4859364731878599        1.5229067333767019        1.2936938882141875        1.4707122358842601        1.3570494900349550        1.4613468818179856        1.4288381428205472        1.5731498737848775        1.2951809925849047        1.3543645099518160        1.3785017123630314     
  0.63707237420750240       0.46227901245035652       0.48301024671032167       0.46719467266965536       0.42984317963222424       0.36697796005491623       0.43289942175531554       0.42833130263547003       0.54888145728467963       0.39565198851452538       0.56738813557771217       0.42502700166854823       0.43157195680171084     
   1.3659110752975667        1.5271320845320946        1.4031274585146256        1.3046104682203694        1.3086771719678421        1.5889400722839564        1.5038495291506992        1.1598092034912220        1.3293277306321283        1.5178552308282411        1.5287853535670841        1.3684045920389625        1.4787210697064879     
  0.67288716918127478       0.48932512105275633       0.54129514003498003       0.49426458092699266       0.46359976612600440       0.39976283446108646       0.46522333938498067       0.45743890210855853       0.56962851534373737       0.41136510072072152       0.59619793950670685       0.45351104544901005       0.45830456063694580     
   1.3119004643599677        1.3774304427711694        1.4235015401520372        1.4484551139754742        1.6215138742718218        1.3860868893643894        1.3581275626741751        1.3229404915461558        1.3541238161707989        1.5830232530850361        1.3982150968490366        1.3166680124058685        1.3515005861637073     
  0.70314134716699894       0.51664899038329015       0.60298562502086273       0.52068985235520648       0.50012584875396149       0.43358313192708586       0.49641524274957394       0.48741438887699035       0.58950947345442395       0.42760525474952887       0.62216519058098951       0.48303345215002569       0.48616919945611470     
   1.5042746339321809        1.2604439080985024        1.2266623198587816        1.5043425214406492        1.4516794364616816        1.3611778299243034        1.4370564345822245        1.4377799237757005        1.4270087709661343        1.4791638808955703        1.2131447937371884        1.6932835506217541        1.4657288255674339     
  0.73024728177574061       0.54906370905411428       0.66179213482338417       0.54475934811070381       0.53419687007344085       0.46874014634577438       0.52677469052672588       0.52099645263553207       0.61199749029783812       0.44395718292478537       0.64891192930782848       0.51208707390442720       0.51279458564639879     
   1.3731398863873636        1.5397422044599227        1.3068383743683158        1.3509011150272163        1.5418788470834759        1.5228397292014586        1.6369177128018122        1.4101316248635600        1.2879192444580068        1.4758415627084798        1.5288157078332181        1.2555802336833710        1.4079653439021680     
  0.75718567823474536       0.58662023074566139       0.71599784828055968       0.56811652159110704       0.56628103552253795       0.50609669421848580       0.55711272094422604       0.55470456842423654       0.63540312477068972       0.45979335993132925       0.67301686988734299       0.54231426220012269       0.54390958093874187     
   1.3680356886086582        1.3945996314013478        1.3955333129209555        1.4728537245794073        1.4296971592077028        1.4819917498155217        1.4954386947021712        1.3043174272911087        1.1333491962763242        1.3203503571881610        1.2691029350961449        1.4165360112768037        1.4374982196496453     
  0.78249540871887080       0.62026431404922633       0.75865502666011342       0.59252860541625607       0.59920834613975171       0.54599814695891125       0.58868899271869002       0.58739762339464086       0.65866051276581117       0.47584399548850714       0.69460484476564843       0.57136374914407129       0.57491704871250571     
   1.4273517163789373        1.4506502005702631        1.4069467057330580        1.4995827237456891        1.2989146153540296        1.4823087121057257        1.4637255252102093        1.7273449320031919        1.3396263178265244        1.5606135532073895        1.3112510527330377        1.2235572812585764        1.6433982414760957     
  0.80428410581283183       0.65171121817384581       0.79504688131384249       0.61502516589737533       0.62986825108571032       0.58225547947257739       0.62276092548618800       0.61782679827770570       0.68167118714371511       0.49245606468602166       0.71944300887667456       0.60090104244276532       0.60970049551155348     
   1.3120704674321120        1.2908318521957396        1.7274305077649512        1.1901742859846585        1.4616389536663752        1.5291039334373662        1.4495909678488932        1.3748207384450657        1.4640172264648361        1.3074185680379709        1.2120564288902109        1.3326791583278530        1.4424216087947805     
  0.82432091400706753       0.67942145042968749       0.82829269691153118       0.63839192680428736       0.65841626981539858       0.61765225984121341       0.65409349423141239       0.65151432764722073       0.70310204896823958       0.51097642742183236       0.74449731169224442       0.62809683120252058       0.64246571774043060     
   1.2175409529562173        1.3972051444037659        1.3144004467045713        1.2833141654553490        1.3551683527418910        1.4036848611385662        1.3455809516427377        1.3715578230711070        1.3532827336218023        1.5582454162753037        1.5318537868309869        1.2481784198783770        1.2568817957096714     
  0.84372449124150573       0.70817777951345651       0.86136699541573980       0.66143027702606860       0.68885198201527409       0.65654915855812657       0.68390110945897642       0.68229960839468762       0.72539304429862850       0.52959112262173436       0.76933256280476559       0.65257236321064482       0.67429885099277820     
   1.3925891194395101        1.5265673901055397        1.5937730729982578        1.3088614139595174        1.2601544400307627        1.5474550169242289        1.3583955482171286        1.3991978572179566        1.4660641166532689        1.2710629237774962        1.2619247559304667        1.4209566635629218        1.2470646023600149     
  0.86214474900963467       0.73782944960711028       0.88459949257424053       0.68588487322144032       0.72142832669625057       0.69940493891263056       0.71215506995333955       0.71222745733891635       0.74857413863876365       0.54891582098503977       0.79371794722640543       0.68312846244348291       0.70670929874739807     
   1.1634692282274783        1.2409864993360251        1.2371762595331715        1.3172127037726231        1.3063191715731197        1.4590230495992320        1.1893114978140213        1.4416196624881328        1.3275254275276072        1.4282973035330950        1.4521373978956096        1.2329157464977900        1.4158279407722785     
  0.87942843308002794       0.76675810431616276       0.90823471876609907       0.71130506324754084       0.75412104356124110       0.73851624489817946       0.74341043216504299       0.74063215522499692       0.77368234177613915       0.56786776569666264       0.81950124613428432       0.71283932582888232       0.74321915900570490     
   1.2904461506579621        1.2442648795047127        1.4598881742821945        1.4036811191166523        1.6089024363144870        1.4175541975374415        1.4074292153522507        1.4194215001168122        1.3586816783451017        1.2884400058065022        1.3710590061410051        1.4798926033328570        1.4817886449511541     
  0.89566191797518346       0.79428074259667791       0.93050001914524794       0.74015938634782519       0.78561106737637398       0.77460991849133276       0.77517614979799809       0.76934824752485431       0.79781759369246419       0.59063926409616363       0.84575245929462106       0.74442893761003892       0.78102092163470893     
   1.1144217468602382        1.4489858879769300        1.4384220339544989        1.4978060643457125        1.5781778956887309        1.4085407020588823        1.5640604371148326        1.2187164480345918        1.2438194195717169        1.4134916814478780        1.3446621491743507        1.2316516785498099        1.6570376528445303     
  0.91133050629753998       0.82248171478373067       0.94720126094855406       0.77023760404215524       0.81546253670311197       0.80854739748836790       0.80910533674983076       0.80173698073187061       0.82055184248171120       0.61112003501529033       0.87052077371675984       0.77844009102727008       0.81578032479212936     
   1.4151808976595521        1.3742695694004512        1.3702623703618260        1.6931182857824174        1.3278820685646300        1.3719896852492222        1.3458355021480435        1.3034859438244384        1.3615273028140131        1.4968222950686982        1.3621574764334201        1.1712555307200303        1.3750406448038464     
  0.92705950448055008       0.85093358699973420       0.96284840434433872       0.80115624575446354       0.84495953591695971       0.84235545537122924       0.84142254691751917       0.83720837939575055       0.84488699261975075       0.63750495841273369       0.89398118691654427       0.81801971555700193       0.84772512887572560     
   1.3651035077957199        1.3571099762515735        1.6115810748955368        1.2415680996582517        1.2226244323262383        1.2864170509107777        1.3673718571399929        1.2765348601051763        1.4004187097621394        1.5013051224292722        1.6127229399454821        1.4435072103983770        1.4168440659412949     
  0.94193861381470534       0.88445964142920053       0.97461824377041206       0.83290264688162463       0.87933869315273039       0.87357770510432564       0.87606731059300758       0.87099451892968638       0.86818506578127141       0.65972432223066724       0.91667177297062818       0.85529949075696510       0.87926736349319878     
   1.3074483757557811        1.4423978523687275        1.4864026497113929        1.4313542976136184        1.3595669745799452        1.3104351395057228        1.5482513095836541        1.6017623545360249        1.5308086199294064        1.3190635491657279        1.2550982040473646        1.3062625582524681        1.2871919881113538     
  0.95744779471818608       0.91957782379429009       0.98335995454310343       0.86680038874956977       0.91264083528478335       0.90328652456578873       0.91042425305340402       0.90538054448335359       0.89260847517582098       0.69312667460328214       0.93866584793572638       0.89134656307326032       0.90992287430120278     
   1.5674711347077903        1.4857873468216183        1.4367067081911058        1.3261083958369737        1.7512524157401188        1.4261473414388295        1.5690144056553472        1.5435100012407470        1.4200968387424957        1.3399048748355096        1.3672634763142317        1.4976203454097972        1.5911095750182249     
  0.97304351265659250       0.95044242912557797       0.98965949784609997       0.90523887416701976       0.94301876399436790       0.93618252834007720       0.94348421898797663       0.93895004511819857       0.91590787906733506       0.73247266232083019       0.95954687410517581       0.92417335965318703       0.94219715738353460     
   1.3201091285591240        1.4166418896090009        1.3513858886756036        1.3208283568264576        1.4450899108351536        1.6454980376236270        1.5660863812924799        1.3839183848930947        1.3460470403183251        1.6187228315405733        1.5147158775172076        1.3064243294000819        1.4099531060049750     
  0.98678699766774003       0.97629481249671990       0.99510272094691821       0.94783016601464842       0.97216547683966514       0.96798027598293479       0.97200566606730532       0.96948180896398617       0.95165852436237552       0.77961764651524890       0.98018270683524011       0.96078751876213453       0.97071000353762360     
   1.4573271273053245        1.5289786675289367        1.7722194739301467        1.3541245388843666        1.3178184537128403        1.2764709416979454        1.3478569241596672        1.6211999593652804        1.7128086408512198        1.2415405915924234        1.3938595849819500        1.2848258924361504        1.3180154661439245     
   1.0000000000000000        1.0000000000000000        1.0000000000000000        1.0000000000000000        1.0000000000000000        1.0000000000000000        1.0000000000000000        1.0000000000000000        1.0000000000000000        1.0000000000000000        1.0000000000000000        1.0000000000000000        1.0000000000000000     
   1.7756798300415451        1.6113614534919403        1.8148110134080631        1.4698035797491467        1.4336824299007225        1.5214369509310119        1.5012630455866454        1.4443241849503861        1.7554714572016421        1.3586582497297939        1.6887916211230458        1.4097899455981620        1.4389990058721294     
   17.980657718744283        6.8283608694603650        9.8142421660301835        5.6934033402990565        4.4810738900648825        8.6681158913476359       -1.2196795809924250        6.1947163936055256        3.2184657552046323        5.9140467122065541        4.6755059642873684        9.5986006599365528        8.4725085746447544     
   7.8176421932516611        7.8669826751664882        9.7546934309783939        11.860786262284478        14.311161309343960        6.9595921660866633        5.9767662930703063        5.7472593486988810        8.6718676391605563        3.6422428534525357       -3.8526276025570114        9.2455907774527191        7.5161401216140993     
   20.917072707347209        5.6902002310569255       -1.3705514181116838        11.168324463108471        4.7504639989730455        11.340812579088944        5.0220451488855398        9.4343868955351233        7.9870307090318917        8.7040875107055271        8.5128007795221539        7.5443010221428546        3.5584100604460587     
   15.679973307417139        10.040922566392400        4.1103571537612851        13.105584462515711        5.9274446006247361        6.6743669491555639        9.0003590392642625        8.8489373898596906        10.144804921512785        9.9279711830478696        3.8150005561125688        6.5299784687901852        5.7280590102407629     
   9.5074993913028116        7.6993221298204926       -3.0359725110680911        8.9636753463606098        7.8391886222592779        7.6986712541116384        7.4176411457380187        10.082503854057542        10.171733507422788        8.7159292192320663        6.6482394603754100        12.803789376731437        9.6292396273416010     
   11.953255609754470        12.466754458655700        2.2948941726431817        3.7207019878408003        7.1084928882907343        8.5122195556354310        10.593076291109156        9.6246139226532321        6.9189641081627071        10.068836141830369        7.2520873148429246        8.5605546999751709       -1.0964388974558377     
   5.4855721441930632        6.2247535698795309        5.2071866270985385        4.2051486527196946        7.3862827311750658        7.8842644354380420        8.9932534140921145        5.2683997746101703        5.9164289732088804        6.7229661447639923        5.9777013807012267        6.7746801743813814        11.061397775173049     
  0.10501990736200428        8.5114633047980348        13.052252049164103       -1.7431061115247726        8.5400634259588220        7.5177983942261495        10.665473363753703        10.569740770901458        7.1626974394160889        9.6052134523383899        12.765458913499252        4.5763908125417156        10.003991267681162     
   1.0801962425086464     
           1           1           1           1           1           1           1           1           1           1           1           1           1
   2.2158544002468337        1.1560743068394475        7.1371597791051499E-003   7.2239773757810761        3.9927353131528752E-002   2.5247334711252496E-005
   3.7926906896880205E-002   2.9283816261359667E-002   4.1263620603114760E-003  0.58724672454221793        4.1255913787724289E-003   1.8536720569020350E-006
   5.0000000000000001E-003   7.1960743219157219     
