   0.0000000000000000        0.0000000000000000        0.0000000000000000        0.0000000000000000        0.0000000000000000        0.0000000000000000        0.0000000000000000        0.0000000000000000        0.0000000000000000        0.0000000000000000        0.0000000000000000        0.0000000000000000        0.0000000000000000     
   6.5720568370892823E-002  0.19020708302343331        3.9998147516532662E-002   2.3341430773727769E-002   3.1126668315717337E-002   3.7112675243405967E-002   4.7231138470094802E-002   2.5043682152799920E-002  0.45786052882477957       0.19168343041620212        9.0088446893005394E-002   3.0161382786895459E-002   2.7248270437773343E-002
  0.63888904275391412       0.71078416979688364        1.0898274551838358       0.75141699920833604       0.82745490012805323       0.94173208403364517       0.84319036805200120       0.77091020857622961       0.90601997154888825       0.78446761029969625       0.83407711885385760       0.93464407182329989       0.92096789575311289     
  0.12298693891933885       0.39847672144156659        7.8619538185101590E-002   4.8737602309656541E-002   6.3407331452195875E-002   7.2174302344063510E-002   8.9915842474749624E-002   5.1245153675069370E-002  0.57601862661360548       0.24040361091417331       0.18839543517211327        6.0012702291266887E-002   5.5924620330339486E-002
   1.1174243499781782       0.97702938226336988       0.84087070748643034       0.77743911543910738       0.95701828361277652       0.92315362829963155       0.83893692088739991       0.74853187618659467        1.0148422074928480       0.84434480930524247       0.96893248962300560        1.2142440338897194        1.0481582834061425     
  0.14131617163407237       0.49326909106164185       0.11495854279503617        7.9088267257772668E-002   9.5208283195564236E-002  0.10616339248019649       0.12648332080243807        7.9451603272341312E-002  0.67145252623004192       0.28018787300099907       0.22865437224118557        8.9155855860295702E-002   8.4311799110787664E-002
  0.79848364828607976        1.2284001180306559       0.86445131232222927       0.80898480393440619       0.87264353184333443       0.77159791831780611       0.82465667480054305       0.78991603032578261        1.2962766543463038        1.0317130399845049       0.88247218206969458        1.0391745254457203       0.75390258961588708     
  0.16269493998187504       0.52557285865310865       0.14761621649647508       0.11158797100466411       0.12511637046109461       0.13605880497591955       0.15842103056400944       0.11133499218025901       0.68981487584911949       0.30753429990686315       0.26107946854376757       0.11735212913030241       0.11657119756046330     
  0.99555179886603007       0.78374479694226773       0.80244498505450879       0.83404392918370329       0.89752350664999814       0.76577280896482058       0.79547884164225491       0.84578744527182459       0.72780382075809036       0.76528351208179746       0.91635234641516605       0.80836462100119710       0.83150184020973972     
  0.18374652559810339       0.56650235012218164       0.17934094890158114       0.14423051570216186       0.15441994490808864       0.16407435872731552       0.18671087070528758       0.14678469761724458       0.71480696262856702       0.32670961572627411       0.28594260090881823       0.14950994953006316       0.15171904343532266     
  0.86851612580748538       0.99125888894106595       0.82006867826773144       0.81700573351338202       0.77040442071486992       0.86959064889772941       0.75056869163179352       0.83984731817363956       0.77122862576811180       0.69881141003735203       0.84596811692264173        1.0337586810342643       0.86141139277594392     
  0.20463053586276747       0.59554916094060872       0.21055838852145178       0.17249642665885737       0.18456286141130324       0.19222012543510314       0.21506424096885299       0.18343012426572375       0.73528190821406969       0.34666060656824771       0.31120664936526016       0.17928078255762378       0.18993279860596735     
  0.79128134904854297       0.85780779963705822       0.83060391897400454       0.76776119556109301       0.76149956783728900       0.88287281786742056       0.90069226490966126       0.85257817936612357       0.82582785994400865        1.1173256322983862       0.83026939400741406       0.89800457804247824       0.81676017836177306     
  0.22664737127115320       0.62703986860430483       0.24378691022716267       0.20357889609964511       0.21512735153580248       0.22085981960288040       0.24360380733307299       0.21934613036886388       0.75606700168834995       0.36539529647230340       0.33426848519030650       0.21052749218854441       0.22780033805452127     
   1.0615455236999252       0.83896102084380519       0.86256040085079944       0.79061935724804622        1.0051599216308778       0.74051620052838696       0.93334103216686870       0.82772358449878969       0.89557013200082847       0.76809349519413417       0.79470510572801289       0.87610880219973575       0.77183694038673201     
  0.24753559721352789       0.64929060697144125       0.27652848282696263       0.23559189535465302       0.24595249505252112       0.25107114151529547       0.27370867710904728       0.25355702493559573       0.77238592009507345       0.38240130509262499       0.35313382382785602       0.24252436871962801       0.26618937800281023     
  0.80506625899086903       0.78247655970361663        1.0388190979529994       0.87756638090836758       0.92719140970419378       0.75164690168961712       0.88338770874529260       0.83895496443709183       0.82277239533772717       0.79057178110068016       0.73814677450270427       0.89569795522158557       0.75304241438992947     
  0.26696002386602241       0.67150127504869861       0.30705820184553512       0.26933845168069181       0.27850184607918160       0.28322269316540771       0.30201491090357674       0.28734844164399925       0.78829021471437011       0.39695993462767276       0.37434487803194821       0.27454701940045034       0.30210509536606261     
  0.86206227854693118       0.81052421577410427       0.84615239628764816       0.71729277149128035       0.84451876933412617       0.83345490337838524       0.71489419594471293       0.81544819168009963       0.82055742485759386       0.82590390470784569       0.71839301830155522       0.85546353941984721       0.94147593538703489     
  0.28590087819080479       0.69320804345274079       0.33351526487421507       0.29903410061079638       0.30938654882987388       0.31636868614330477       0.33094833864529866       0.32031714125451144       0.80222549092864504       0.41344674216326249       0.39647250829243708       0.30429966564772598       0.33371563742287536     
  0.87671414958367344       0.67201831508819609       0.86233813907081769       0.88110787090878429       0.82094481021302690        1.0670191876436552       0.82114930599240321       0.79786945024672740       0.80997883119905900       0.78641510447345742       0.83367060384004088       0.90550088423401609       0.75505608996296336     
  0.30749266872298631       0.71300654011261555       0.35960958632265977       0.32654797444187489       0.33958876949792582       0.34753325433758586       0.36018447568074857       0.35192634305448428       0.81565430517209592       0.43047645294477371       0.41993843502556483       0.33330550880481286       0.36239366040284782     
  0.71774070318044947       0.77893338797386868       0.92544195364842241       0.81117162936334419       0.84569640563721082       0.79943213743038843       0.75520652834484370       0.80902818334530824       0.88810881602075731       0.87594215514318552       0.81608376885718314       0.83973043253558122       0.85761306246263247     
  0.32969081373200915       0.73120600483888631       0.38550900385939041       0.35418821456034749       0.37012915124319046       0.37727685388007559       0.38923416990124193       0.38346472438336504       0.82781045655693575       0.44594392403608046       0.44379589730379132       0.36302444672462225       0.39143452522656341     
  0.84206064167059902       0.96460314685662063       0.77751264349211091       0.78685522166085764       0.78783324873376437       0.89515560265981020       0.82603547919856801       0.87045161954352268       0.71219877086471617       0.79946723743351888       0.78799411712057887       0.84588501860293530       0.82118521157520952     
  0.34872059687004070       0.74677813319552633       0.41515961333404011       0.38381153759508652       0.39976478864075238       0.40556608023924140       0.42024137053553767       0.41661880614049834       0.83943532679249488       0.46020171547706962       0.46741395635160671       0.39160677174963093       0.42173032491225132     
  0.73413859610018617       0.72032118376604681       0.77513576705192644       0.72417761538883285       0.69098187334374295       0.75300069955841586       0.97343874672424135       0.79605309918939937       0.82413877134318125       0.83029489119731470       0.82826196779700123       0.89960328042106019       0.84856594666304075     
  0.36692179994241036       0.76181034440405915       0.44365101170863552       0.41566796168156517       0.43445285956203700       0.43549934925540162       0.45600956880188570       0.45087733919318723       0.85020830488631161       0.47463049948145397       0.49058482309827633       0.41921244262696084       0.45382848500633827     
  0.78750440029994395       0.89593317676688111       0.90180940902172824       0.75224731644966270       0.93416453900524277       0.72240621784196546        1.0227920665114014       0.98671702506479231       0.80027248879569546       0.82200535996703372       0.75085231858089663       0.73330657769426544       0.85670796120103165     
  0.38656760063697143       0.77538403869406736       0.47159964641456881       0.44762911862392496       0.46829454741730908       0.46648800085329267       0.49053416090651442       0.48732050903581348       0.86071039710872799       0.48905441042216907       0.51343907186510396       0.44673601677411678       0.48302101423329835     
  0.78586738533872513       0.88945100993879100       0.75784317169075810       0.90179085252993962       0.80105358461828124       0.97517330573989369       0.92818479279774269       0.91269077627863038       0.80509750501799726       0.92505740522306856       0.85694628612309298       0.79843757272036064       0.91139407873816802     
  0.40832201736278384       0.79006648008213254       0.49919632236818828       0.47913809674303398       0.50505049419750836       0.49539148587523285       0.52087320433353612       0.52273098497836379       0.87108118175947202       0.50351201297647263       0.53754674760267185       0.47469321323565350       0.50931154657762556     
  0.81225310909678705       0.77962134049637799       0.88640246128799294       0.90366472895932126       0.98742268124184196       0.84831138032687881       0.79441021807567280       0.81476842449395626       0.76220351962346455       0.96271525270384306       0.75615874177221176       0.88431571039611878       0.73313185504922818     
  0.43210189849077196       0.80524556327334651       0.52736510682945137       0.51080711685794733       0.54047323272743553       0.52520822317576421       0.54497928468966150       0.55613270381419377       0.88098271835382924       0.51846218502041952       0.56280325650710616       0.50313575274112921       0.53583100549461715     
   1.0425254653459008       0.80200552683184112       0.75556067118584147       0.79631131738345706       0.91138543752504630       0.77869531331005271       0.74462330707009550       0.87393754488901620       0.80257579268027657       0.97645723796194472       0.75915281127344991       0.77695203273462787       0.89373619211859634     
  0.45629462791276110       0.81981918732439552       0.55728615070740628       0.54378997512365823       0.57358129398632318       0.55693421903712392       0.56856688851188686       0.58721385963317618       0.88991756636995356       0.53275497503699598       0.59233669355222596       0.53105220661748609       0.56706874641126170     
  0.78681992328934014       0.83254348545114354       0.88383132266523146       0.84135709380054091       0.78068561406942083       0.78112924423116648       0.78295619928222271       0.86409100489700430       0.69616047456139729       0.83731516714022181       0.89717730895678072       0.82846880205199513       0.86937321545731738     
  0.47943609334811366       0.83316400619455111       0.58805511102240160       0.57584656527456191       0.60321891725890220       0.59046475555868572       0.59180835618473426       0.61787037352200402       0.89847098052368535       0.54622308631191518       0.62340855524559413       0.55770567842706420       0.60038962308974919     
  0.85687662060018444       0.76477927409179502       0.82455046666129117       0.73440144622087278       0.71275405962673355       0.81467910339420324       0.74741019738615311       0.80988641280414841       0.73859645811042041       0.75981307415971777       0.74235746902887945       0.75359248986195071       0.97387603370627429     
  0.50184506009939467       0.84591070820069747       0.61933627717734141       0.60187632101673505       0.63366652268076118       0.62467601905371462       0.61889120113028406       0.64605435767180730       0.90624941411189630       0.55945095217203100       0.65689318775537309       0.58238681932535052       0.63757582459117312     
  0.85479680505479294       0.90557921002157404       0.83922575948482447       0.74680386563570089       0.76364000497857754       0.89269861458487765       0.83004951146282369       0.77433504204609482       0.86181461841406115       0.79818014582845753       0.70885025007974045       0.67924348297613824       0.84296248468905277     
  0.52653324509911759       0.85744960573028517       0.65037363082796507       0.62855237604252423       0.66703989213644976       0.65766945528278620       0.65095732482050461       0.67428057649725404       0.91332444564965110       0.57192759724216580       0.69144339759608886       0.60764944797288012       0.67338725863933024     
  0.86048708334742341       0.78915604496867831       0.75951232031955462       0.73385382028851298       0.78582303470189718       0.96749832447787543        1.0155669993809175       0.90105645036422666       0.79252146252811073       0.83997317405426419       0.76195971109521121       0.77832843345805114       0.83969649746412756     
  0.55048257078218576       0.86814383977541143       0.68223974233486695       0.65583665386531176       0.70257094330061842       0.69199808864361967       0.68432198240594200       0.70246340571384758       0.92031699597978633       0.58718111278219776       0.72670956057947977       0.63284218394218128       0.70982572908018216     
  0.79959851373246493       0.76056988361082634       0.90157906582632852       0.88428879476265432       0.91769486835210101       0.87630161859198996       0.93006175317964523       0.73399202802192076       0.75884095254661466       0.87068380033219372       0.86902438872997667       0.75383613676175498       0.82562533662153959     
  0.57572211302355303       0.87856476071326328       0.71159232384717142       0.68966834568686464       0.73577255445270306       0.72218615530316665       0.71749351527800498       0.73115111177365810       0.92722614288538674       0.60253450280083998       0.75902354777596925       0.65954711734296567       0.73992044373298560     
  0.79226209822704929       0.71924288513527534       0.76624282723416182       0.89177148864498201       0.78590318902619505       0.80385151953155254       0.74953058019416541       0.89988857034791059       0.83563758224698637       0.81769418221413626       0.96188353391500225       0.84674221797844140       0.76590472868583259     
  0.60046440350670816       0.88911419459566066       0.74030400862371404       0.72829348603040123       0.76712728024738897       0.75376382517073259       0.74873737608071345       0.76058608632549241       0.93413981696769444       0.61964623174799183       0.79129155158383613       0.68470897589991531       0.76686092949962292     
  0.89006804088084346       0.82111142856023078       0.86350781870309268       0.99655908073362820       0.83982971809141216       0.88077352031907263       0.86115012914066302       0.77549204438627406       0.77283265937846624       0.79330276804974054       0.86282889828634746       0.80593106481260679       0.82111667837761226     
  0.63310713173396405       0.90039119048206306       0.77010350411037964       0.76329433443508277       0.79904790830314310       0.78443364649167990       0.77750739020919191       0.78853269031589279       0.94098555012944018       0.63492402406254522       0.82010753171683470       0.71725249718364981       0.79427993532646513     
  0.91420882911888701       0.82048405681917314       0.85714047291010032       0.87876295929499593       0.81440362421642487       0.87519941738246021       0.80013681951464632       0.79126898691189784       0.92277522133884926       0.74052721869105242       0.78173441349691863       0.92391514587082169       0.67831500254287858     
  0.66675233558092828       0.91180980436742332       0.80329452285675174       0.79472497942758735       0.82777219436163108       0.81839408178318784       0.80476121497469200       0.81764280198257588       0.94770154255716232       0.65569036211588894       0.85172898126228647       0.75249675781799896       0.82305478749579419     
  0.85538212744953313       0.75238309585891261       0.74002733654296182        1.0829164289061253       0.80944695418445878       0.82640075146674075       0.79512128268578131       0.86933658535044467       0.76407540368952265       0.91877597605017491       0.85703159268257978       0.74280381864797984       0.73581704142946058     
  0.70095674513211292       0.92286861002652965       0.83541289373009464       0.82779066592437722       0.85744681824768332       0.85187019876140224       0.83134939364471561       0.84813383774357642       0.95465555074063302       0.67690441827682823       0.88121557401600081       0.79694988685916590       0.85506286776543927     
  0.77936142774922990       0.80502322217483624       0.79782235391351619       0.86681563512950099       0.79508920752676948       0.72124777271376872       0.70608071558933061       0.86848150807713997       0.98941324491555949       0.89318719214896358       0.78510751150260805       0.92589313826113695       0.90816244733262763     
  0.73272835741430764       0.93356524815150688       0.86483774513286193       0.86236398495329125       0.88526471601653745       0.88323647674851224       0.85929148513627829       0.87910071681877289       0.96183659698966195       0.69886991710498336       0.91114388452148409       0.83944581984231748       0.88963841421714696     
  0.76377796241452001       0.78856012282755206       0.83274688774161054       0.81209716117258657       0.90821083775774503       0.79324454139788803       0.88346883321296399       0.94006317975452658       0.96022698411608431       0.81397281590902271       0.95976349551162687       0.78947878367764912       0.83325533328614665     
  0.77792808777944611       0.94511041679567498       0.89514816399184360       0.89698914788045869       0.91348209303349970       0.91270239476554449       0.89266730674759831       0.90882912865363719       0.97041851692868952       0.72395289552835740       0.93654017465122086       0.88302603571046201       0.91876046224282382     
  0.79413960679756679       0.87704187531807698       0.73215550755511460       0.93778191242559061       0.76290381928046602       0.95457758664827530       0.91204975260854670       0.92467993915725388       0.89512916172239088       0.81098005685042462       0.97207402257357067       0.70449281265414543       0.81188263630110769     
  0.83041861214893431       0.95887708079263911       0.92444424712042927       0.93027367990360299       0.94209948354422501       0.94183835310628206       0.92192839369521606       0.93752002814482960       0.97821325337999177       0.74798048827221841       0.95885068447352595       0.92405438312387156       0.94829134982730834     
  0.78489463837251050       0.95602552901443572       0.78288670674019933       0.97458454380228865       0.91793503467978210       0.78352327715947800       0.82051473842222244       0.87583902470953789       0.82986077035617223       0.73467418184931321       0.94118775086749518       0.80784425871339438       0.82534494398788638     
  0.89208606096176979       0.97568008653202254       0.96101121546333823       0.96436677925741543       0.97012098408314940       0.96986474376859799       0.96101436349604641       0.96804408255616003       0.98886992217620107       0.87170572016662762       0.97943914916826880       0.96074101231707576       0.97437311520270597     
  0.78628937636298757       0.95677461809752351       0.84712271823287910       0.93998686897482531       0.77313262751851775       0.77144334336412712       0.93404891515875021       0.81529242152342507       0.90603327863284222        1.1052782285326748       0.97066955507830854       0.70723628025592733       0.94841341640292576     
   1.0000000000000000        1.0000000000000000        1.0000000000000000        1.0000000000000000        1.0000000000000000        1.0000000000000000        1.0000000000000000        1.0000000000000000        1.0000000000000000        1.0000000000000000        1.0000000000000000        1.0000000000000000        1.0000000000000000     
  0.92757341363155466       0.98401527566130875       0.84578156985395114       0.92512062914888804       0.91224315037400927       0.86965997683680396       0.81483858950584398       0.83354488843828378       0.80357307796126032       0.65985186031313536       0.93921106705461854       0.73104553800799377       0.86282856089171822     
   12.142164051828056       -4.1213550314533673        4.5245798106835347        6.2885573868717763        6.8689225733172679        6.2928103363771850        6.9812932510341383        5.1419942787732129        6.8175234167377123        4.7960686902233594        8.1802839846504920        8.9922073442818107        5.7737360719884325     
   7.3260404321433548        7.3565755644107540        6.4123439634751449        5.4948485569970469        7.8726430401691827        7.1447768988572458        4.1991234106721116        4.8056811585413852        6.8175234167377123        7.2165792776058924        1.8148366521139232        8.8775640376719505        6.1312336618774737     
   6.4507686611586212        9.1759162387641666        7.1403854267834816        6.8827705150747978        8.0473714693757064        6.6853435703206090        5.7916004824032123        7.0994089698918623        8.1357675560473037        6.1266704460370205        5.7187969259688289        7.6070502208161557        5.7161515863981824     
   7.1218580477893090        4.2661170205047085        7.0943793801123460        6.2470240146486091        5.4373714215332392        4.6770096918707278        8.1355932906238948        9.9436574486726741        10.639470352140394        7.4280195686788018        5.1892890888239771        5.5413005030325095        6.9053634905289201     
   5.7942124425605295        6.7892670684168088        6.5264606088773034        5.1508443388435081        5.5398372407970990        8.0241397472088209        8.3137232570918371        7.9613170161157054        10.550570045297556        5.9021145215287811        6.9975084064353279        6.3001471672633915        3.1761244401767130     
   6.5102778472011931        6.8760345754393892        5.6533209430368085        6.9910604277419575        5.9469340418064460        6.8156492935013402        5.6011091763140062        6.4129034419566171        8.9377652877392979        5.7965709450849427        8.1165268781838318        6.1931202488845347        7.5846519776508510     
   6.4234378640849501        6.5461917327059531        5.0179827001753123        7.3012665950207420        5.9295690172804028        5.5715417125303990        6.0638240255251246        7.2653862599858865        7.2649223434047459        4.9112209837002769        7.4546750163514925        6.0249727112167655        7.6191894505891646     
   1.5524625469003839        5.3422069549074829        6.1802338599267408        5.9356824340667353        6.3667557936620458        6.4531053806776422        7.2421187016611253        2.7466805894356701        4.0393704409190709        7.0527827626415549        4.5592639469703897        6.7435558536811229        6.6646248394343388     
   7.2092149074027374E-004
           1           1           1           1           1           1           1           1           1           1           1           1           1
   2.9603395786868859E-003   1.0569041564621176E-003  -5.0779292324424496E-006   4.6768397097358516        3.1737542367796716E-005   5.8026023992962778E-008
   3.4161907062405994E-005   2.7634556986259883E-005   4.4040740807254650E-006  0.39860191668323114        4.4024204583437572E-006   8.6947027824968242E-009
   5.0000000000000001E-003   6.0490508474368498     
