   0.0000000000000000        0.0000000000000000        0.0000000000000000        0.0000000000000000        0.0000000000000000        0.0000000000000000        0.0000000000000000        0.0000000000000000        0.0000000000000000        0.0000000000000000        0.0000000000000000        0.0000000000000000        0.0000000000000000     
   3.2647140484038273E-002  0.17315886488147944       0.26894496903361342        1.9843635396490887E-002   3.1479021267169484E-002   3.2283331769945196E-002   9.5607450079542231E-003   5.6954494377009633E-002  0.36781845610117114       0.17932818543786080       0.10905197889423154        1.8749136599664908E-002   2.5452950243019048E-002
   1.3898840077636914        1.5588578837225180        1.3786497369705037        1.1809546045036885        1.2891991938467440        1.1375100666892206        1.7039450384959216        1.2512789218231468        1.4094544928011459       0.97005502305179658        1.4542534931858093        1.6051852300490783        1.2704626038482691     
   6.5291510926962545E-002  0.35929456985883779       0.43214819770991891        3.9662622804758560E-002   6.5055705473235817E-002   6.3612539582646191E-002   1.6466445526047865E-002  0.10998013144122226       0.53821384106170456       0.25395370807517409       0.16996378139394769        4.0364164288392172E-002   5.2232580222699096E-002
   1.2296486294674982        1.0476036988844031        1.4101145806380735        1.2172568374186188        1.6266100182797081        1.2817174451446387        1.7128380608385962        1.4914570150296769        1.3978041931808871        1.5753689324642841        1.3927585341779714        1.9712899903797623        1.3845753808689867     
  0.10385303242040206       0.57963173062394557       0.53199249921533054        5.9847441279187008E-002   9.6203478916285168E-002   9.3324207480085311E-002   2.4113601282346374E-002  0.15583146971629275       0.60925464687464503       0.28962996799218510       0.20388034141879630        6.1376556431273883E-002   8.0954727069256133E-002
   1.3324853672177401        1.2786987215303824        1.1732648152988767        1.3018176671023096        1.2652529325829511        1.2758313548274052        1.4542890030127231        1.3205817865979899        1.4737081096961391        1.3525351084686974        1.3027246490484696        1.4381910239688753        1.1597952129095817     
  0.13634216726024984       0.72337789396805918       0.60784802066827437        8.1252363878177358E-002  0.13144458376178700       0.12305773374871176        3.4178306702659346E-002  0.19280150725584705       0.65814588099321691       0.31678482451713413       0.23001622255957069        8.5916844433797115E-002  0.11088527800556147     
   1.4127281745317213        1.2330984539394778        1.3926737958745172        1.3613750151167803        1.3743104911570023        1.1696234273373323        1.6532434052310987        1.1918311697340047        1.1895170207243264        1.2382568076596152        1.3579388232095508        1.5198283224879132        1.1462464416760954     
  0.16765484045717541       0.81689815841430491       0.66284806249954786       0.10420135993555758       0.16222575555271690       0.15608507703318553        4.1845039153681776E-002  0.22442977350257731       0.69810257410380205       0.33244176433911005       0.25588180370500835       0.10833851857500558       0.14463984719325171     
   1.4481035335619743        1.2697205285683399        1.1610182063069467        1.3976789050738574        1.3563312899045141        1.4240393644305998        1.0916036233273478        1.3263484550292970        1.3716151634491922        1.1724429818472553        1.1986224010575253        1.5021937315802179        1.4331757933751221     
  0.20057713167353217       0.89176996404496878       0.71016380211383712       0.12944743129106537       0.19466659840020792       0.19175386046892059        5.0350300063980745E-002  0.25154924456774996       0.72976195789119269       0.35350678367077387       0.28219844342226569       0.13196789587991092       0.17925904355485739     
   1.4972278824466090        1.6730201082609817        1.1705172914201614        1.4306534094578562        1.2560231005816744        1.3558738299121622        1.1858844484069371        1.3005424045629590        1.2655770791688536        1.4924916609143144        1.0887727504514424        1.3475117164915800        1.1591144499170265     
  0.22980788194071144       0.90731044985952070       0.75129265487131947       0.15716473640883638       0.22656854219559941       0.22065646674738029        6.0068979808275212E-002  0.27466172875742501       0.75704971182760661       0.36792385342427925       0.30719080886743366       0.15701303229157396       0.21185501190345843     
   1.4097907644509333        1.2592828611004001        1.5037588641049597        1.3806322302653278        1.1846489990198377        1.2123959716147998        1.1327410073551689        1.2273260429138764        1.3988873523397134        1.2653670989856631        1.3686186759970365        1.3421935142067301        1.4977778645803481     
  0.26115073467690281       0.92860952310130673       0.78210889265362926       0.18712091702810593       0.25786863265983667       0.25838791912725101        7.1536616350339491E-002  0.29623131650414641       0.77966448903736529       0.38481692464015871       0.33052994428600374       0.18092809724172723       0.24988979710239095     
   1.2331724519242875        1.0780927510118445        1.2815847605833031        1.3341220971230505        1.1658616314045811        1.2399835661058261        1.2240384511944409        1.1378330246958468        1.5106952772787763        1.2262152335075833        1.2838142278772398        1.1593500343402676        1.2728501972821669     
  0.29276379569733790       0.94610649124930113       0.80855653066110222       0.21872116836625055       0.29062139587638036       0.28955886018013194        8.4535172145948426E-002  0.31672117734165939       0.80093889874842406       0.40150014724283128       0.35665484167242306       0.20829899489781836       0.28512353776122323     
   1.5561501555887636        1.3387413631334670        1.2398819451991436        1.2405412880631466        1.3106581216629087        1.1568282968262058        1.3743120536737918        1.1864152945443045        1.1452117746189228        1.3595507631393062        1.5148878149382297        1.2093870574656240        1.4119621967216454     
  0.32121193393645059       0.95915681878466852       0.83458696600184901       0.24974752531119110       0.31823701282238231       0.32248868283850241        9.8998951984361316E-002  0.33846721759622117       0.81975961770227745       0.41219056358826750       0.38313993998346585       0.23894436769301577       0.32230087869376861     
   1.3187704184103608        1.5495228178274465        1.1199049779760040        1.3490595065149604        1.1608310316227362        1.1388458789444644        1.1280437958761582        1.4194364531923920        1.3189820071633445        1.2004281454816115        1.3614698944196899        1.2980334829264937        1.2444038511194808     
  0.35160068799521949       0.96531469247379309       0.85876725039064816       0.28023458644549815       0.35032687693859277       0.35512573165512806       0.11155051764665924       0.35582985273753909       0.83643801121245720       0.42899051954336659       0.40895486321425883       0.27321256716236136       0.35558547511713090     
   1.3314848449594323        1.1105082833012709        1.2435789736097915        1.2539227613853849        1.3791617034351071        1.4976499344257246        1.2910979503717108        1.3622943885057746        1.2205678998933240        1.4288377550258637        1.2173680830974090        1.2118817514933691        1.4805115094437591     
  0.38248466300732842       0.97224666781848268       0.87790984255118931       0.31338646528358755       0.38112603450678895       0.38605907060827233       0.12742082764139737       0.37544467340043602       0.84920387299585942       0.44583993644824549       0.43537867389742063       0.30871298784185885       0.38951413046268607     
   1.2762638917750624        1.3268436162945592        1.3433736811233163        1.5665319854891673        1.1137897643171422        1.3750480775604728        1.3253239060466917        1.3602281754077878        1.4223491381202460        1.2709004527823922        1.4058021139913801        1.4125017259846999        1.4296839624055382     
  0.40715941253193938       0.97694803407907804       0.89290342573056836       0.34882503427403683       0.41367669913012273       0.42147563932420312       0.14627884887790341       0.39810825427188173       0.86213637373012952       0.45774674382889713       0.46360448388190306       0.34566517891412107       0.42577622345727045     
   1.2652155267180849        1.0649359379788088        1.1664602087823150        1.3370828793706551        1.2653585230545741        1.2944986289476097        1.2697916767711608        1.2246162500994922        1.1044222851791092        1.1259444740085949        1.2303643267495696        1.1941088517216651        1.2485150019852045     
  0.43310170371327383       0.98097976567794010       0.90893759652070627       0.38373549166151755       0.44635574487408830       0.45133599178035083       0.16274968473076096       0.42237377082602096       0.87451526074484498       0.46849952597787592       0.48975900862241156       0.38558796984023863       0.45593515571092114     
   1.0821922546613654        1.1526339158563170        1.5011307648369931        1.1071216126912553        1.3422047010575973        1.3448685775461071        1.2711159939615029        1.4036673617010600        1.2187080737730565        1.3761310097883261        1.3081443737665384        1.4153549710046984        1.4310404368081100     
  0.46072026949865497       0.98412833227910024       0.92282805042189509       0.41860794809072477       0.47621641430488543       0.48062454891959794       0.18232037849683683       0.44882331573938794       0.88585751212817876       0.48436087435873260       0.52000217173336905       0.42367804099882445       0.48295705413101642     
   1.2801874599406613        1.1902464248829261        1.1880535442193516        1.3072271232112087        1.2045317653478853        1.3639669626424262        1.3332464568369005        1.1100396633204255        1.3442726789536865        1.3869486525010839        1.4160254392434648        1.1412094655000704        1.0857377328107574     
  0.48854974570086107       0.98652856141684964       0.93286521485345486       0.45439223909105514       0.50463152617963014       0.50862265665104001       0.20446998281522782       0.48685364504866951       0.89659504414548463       0.49654715864039861       0.54778147670438870       0.46281489448120849       0.51293559715935377     
   1.1004005931349163        1.1375659161349208        1.1796003619739659        1.2251858911157805        1.1986101132928519        1.1707953452991051        1.5232048530809270        1.4217301529482016        1.3368488440790864        1.2465349740745195        1.2644128226923816        1.3418183733681954        1.3441564870024931     
  0.51804293802152479       0.98872682347801610       0.94208710452016153       0.49109616543881968       0.53283637505841552       0.53914435152597195       0.22682723851577111       0.52459159593326943       0.90588842185407759       0.50968488772670317       0.57751085904509136       0.49845821533606455       0.54297584835012902     
   1.2107577992721383        1.3050140827438141        1.3552477195767860        1.2766299093933511        1.1383142916098450        1.2399660227998865        1.2538379477569168        1.3509121777150874        1.2732301155582610        1.5446977494870733        1.3017300483188960        1.2102682893529231        1.2532945371487478     
  0.54650561088364202       0.99092957760893963       0.95048635885218680       0.53060998359186262       0.56344545586953776       0.57157143540221622       0.25162458257269332       0.56587014346287234       0.91420191257433092       0.52308877245013630       0.60884229548443336       0.53477147511402401       0.57539696515615624     
   1.3034617644901290        1.3718326228061442        1.2080012473073976        1.2860836156777049        1.4819506315156838        1.2801700564493643        1.0859540985390068        1.2861652635267420        1.2855827343508630        1.3148623681781981        1.1838380644532873        1.4113294499849203        1.2309819002150295     
  0.57461819561192007       0.99229939216713914       0.95744708842314197       0.56719002005572539       0.59346358313426106       0.60433648255690142       0.27512046497276460       0.59174178957319146       0.92196323404992098       0.53599445405165425       0.64151114586780589       0.57513957032012675       0.60736064565322290     
   1.1023181346333086        1.1543225918774787        1.1955437898167598        1.2807058558775970        1.3734274594680944        1.1122799314785310        1.0715547098290414        1.4098630709339188        1.2144495590475954        1.2322203257347206        1.6343551499973148        1.2008581059938603        1.2949100887870728     
  0.60563080120540391       0.99377691651447131       0.96410863362367871       0.60275693593466417       0.62583699087248679       0.64071074112406501       0.30620472933095516       0.61470233017997533       0.92971531667073837       0.54853569164024152       0.66850043495961464       0.60749176228357349       0.63762583737910139     
   1.2163369558284218        1.4299316553948880        1.3912440293033759        1.3264378023433832        1.1919496745699385        1.4739901940834939        1.1752735011746283        1.1628301688491958        1.1952033046540196        1.0356151861763843        1.3604092680859226        1.2355820137197431        1.2815552116198556     
  0.64019893369989300       0.99479054926905419       0.97005903052382036       0.64503066728118708       0.65903696378491350       0.67300912986520955       0.33239399494448574       0.63746378021292804       0.93706683416996284       0.56220407014522578       0.69527268188997116       0.64036374104167249       0.66707535398933615     
   1.3752351754911263        1.2548186545698821        1.2784576231577636        1.0828685796398148        1.3459301222601139        1.5148203218656753        1.3053100418891126        1.3767368378212446        1.2575365331997945        1.2497826475816161        1.3026292686649876       0.96478598277391403        1.2259916244785269     
  0.66819587338013520       0.99572690262285213       0.97507299777607237       0.68283967664028278       0.69093746877599072       0.70375870654961104       0.35965676692803794       0.65655060608537130       0.94348866508057172       0.57750308588311872       0.72593180191346129       0.67557846201486260       0.69731518738462439     
   1.1334413190427384        1.1430802004155158        1.3023896642728106        1.2382513403909403        1.4123789271971967        1.2737721212000521        1.2724457324346701        1.1505440240246334        1.1647188859895403        1.4208745994643424        1.4316016646533178        1.3038720468322558        1.1418463213656227     
  0.70169045909516203       0.99651118633277491       0.97897354374872447       0.71266714067250547       0.72139230619210204       0.73446787012925652       0.39156280440408309       0.67534708325844317       0.95004178893777858       0.59322156071081178       0.75313515445683143       0.70720225907900180       0.72904419015862909     
   1.2480066841624891        1.3123902729298726        1.1200923429781013        1.0870213411876222        1.3020375158078876        1.2214353255663102        1.1610117137016394        1.3834175571673311        1.3198402774656697        1.2820172519696174        1.1533234450171461        1.1214867321896715        1.2915740029790697     
  0.73351781379257164       0.99724626269422623       0.98268785332243058       0.74277016113033634       0.75629580897214288       0.76423414239721421       0.43109279897872332       0.69707210161238464       0.95617669919796877       0.60983540286132287       0.77696119103468086       0.74268928420855063       0.76258508928115809     
   1.2419902175284094        1.5144273086953335        1.3398834069912435        1.1906456901728901        1.3374632596747567        1.4492788336811517        1.2286102351495272        1.2849481624979622        1.1936536956260495        1.2841872954177498        1.1789125363472741        1.3372726896412985        1.4329948327807236     
  0.76631257773196293       0.99790884001663971       0.98660192696600202       0.77785260220799002       0.78818479904484595       0.79274999065536644       0.47756690075066854       0.72019062812591095       0.96154025576983426       0.62730863193674447       0.80704385593608341       0.77876145131396757       0.79708205375362040     
   1.2591817060375183        1.1949085544486489        1.2806758589597669        1.4532986459142267        1.2895396223419515        1.3576895449360589        1.1543164024442105        1.1658696029681814        1.1988472024983841        1.4160816167568429        1.0264901153443573        1.1799196760496802        1.0807502439362637     
  0.79939737971523472       0.99834366307340938       0.98951796227325139       0.81045325542358715       0.81787379729368903       0.82067590802414536       0.52586648408608117       0.73981926606543824       0.96700303867872173       0.64675254683728634       0.83168569583216179       0.81738945207989711       0.83148793897432038     
   1.4324994665356827        1.2573446268437460        1.2749159400221284        1.4852747879023667        1.2345239861855692        1.3415656595212253        1.2113016039566562        1.3737568623664793        1.2684280333565972        1.3101744823322288        1.3645054679753070        1.4973912939487246        1.2062479763130334     
  0.83258862899425046       0.99878520860054754       0.99180891170061847       0.83812648717097582       0.84944931017359460       0.84989001886149185       0.57306427150227401       0.76908382729753666       0.97154146987769663       0.66487552553667961       0.86131071768439782       0.85462177387414984       0.86291157906505001     
   1.2802369578373214        1.4212584516695299        1.0784922649716828        1.1007553834355830        1.5122292667183213        1.2177182722662909        1.3932857036836730        1.6176479633738094        1.1827933057390065        1.2322280428937924        1.2788195555208890        1.1853542817179263        1.4186161991102433     
  0.86510964405629498       0.99916035135720371       0.99405876570691321       0.87671978295803266       0.88157652525596530       0.88146167378556650       0.62828961270471095       0.79752490553336930       0.97660744242837638       0.68508670143005945       0.88714695372032704       0.88631154314884975       0.89064744150401820     
   1.3467965269372710        1.5526482958599179        1.4845577968748129        1.2601692401286597        1.2887290163302798        1.3949428707784064        1.3510262656436065        1.1106004281421613        1.2257681016309896        1.2719483940352525        1.1715597210586208        1.3206712576595396        1.2483900989462455     
  0.89791198829946550       0.99947025573665971       0.99585006565419421       0.90510385940453597       0.90596107158459371       0.91403515484731446       0.69091996781446785       0.83247748185471437       0.98123234242080004       0.71530882689473674       0.91343816892302043       0.91513017275153918       0.92553617009483313     
   1.2228879871590568        1.4174672461546225        1.2906119407154049        1.1596282344103732        1.3009903019054434        1.2770728704349557        1.1947227670292364        1.1275666705052241        1.1455393454807214        1.5144874592222883        1.0853985600354035        1.1880307758627076        1.3143976249007518     
  0.92786599002346759       0.99968758658850554       0.99741268898692403       0.93665901176093247       0.93702431491983695       0.94345576940431775       0.76098736816738932       0.87547270101532382       0.98617399907250236       0.75197833666566782       0.93859479412196378       0.94552456951494512       0.94725985407388491     
   1.1444979681467280        1.2282429074969461        1.5097200719400068        1.3080229993457650        1.2443227351653035        1.2589034911574932        1.4148588863962475        1.2906698119097428        1.3378591055986975        1.2580631452984707        1.2619413334292029        1.1041269307033728        1.1565683691872242     
  0.95883439716080388       0.99985498150330454       0.99879494571833360       0.96930929949821931       0.96156630771408735       0.97310076217974151       0.86989144674191721       0.93041726299883076       0.99365961520788149       0.80970738279929155       0.96659799179429873       0.97711279540816010       0.97909510465673100     
   1.4486363697138644        1.3064956343525107        1.4667465177615773        1.5145873796470046        1.2203954836317334        1.4648499215896233        1.3278595458376836        1.2954532580338423        1.5169414819840641        1.2869711533962411        1.2183883740958421        1.2187537864336935        1.6696384127436805     
   1.0000000000000000        1.0000000000000000        1.0000000000000000        1.0000000000000000        1.0000000000000000        1.0000000000000000        1.0000000000000000        1.0000000000000000        1.0000000000000000        1.0000000000000000        1.0000000000000000        1.0000000000000000        1.0000000000000000     
   1.2581648984224847        1.3805357676084431        1.3742521030282200        1.3587368364470991        1.2009025223498595        1.0723672411144345        1.2587630616951657        1.2694829718447611        1.4651283455681761        1.1099624846181670        1.3013042450334660        1.0328760703859654        1.1851007918572509     
   30.137374022402007        6.9333504536520305       -14.900335730922215        22.891238809456759        27.730612926050746        77.451225160167439        77.922138114374917        43.155184316640174        29.320074858264523        34.286617844155145        42.881287615396531        29.132677224159842        53.244095267051591     
   59.051492368085633        16.976473708280594       -32.245885537272891        41.580675959177107        27.484428950065794        62.022026990503932        60.073135149945514        44.242002504993962        8.7609566056444166        20.605734720767877        24.422174858058408        38.446098684871792        43.712254713822645     
   41.586323207877633       -10.847650233237465       -5.5019797349365209        46.815564173594922        32.027018328848804        41.631439284731556        45.785946899536803        66.503139161822673        8.8088582629786245        33.710410156204048        53.188167181934261        41.238578030066549        38.381004384938535     
   32.413055088140737       -20.573775928324654       0.72902591159760766        52.789027851798778        31.555680365813192        43.994150812118690        41.784337572329676        59.809978194007215        5.3030168530683888        49.885438878483924        80.995276430873119        39.291652815881811        29.415353235251732     
   51.501375944320969        4.4129556220949979        11.455298441499201        49.697648198401126        59.419302891051466        42.785463335553153        35.229308180146298        44.649010063412895        2.7542665526361123        45.696228519535929        45.500755572386630        55.247967700917179        37.403527504626531     
   30.721109867041040       -11.658058504417287        2.3218337228063364        52.835091630097438        69.699918313816184        37.005863583852623        21.694560238076413        25.401626740252055        17.181133102754846        54.650007712379512        39.992306171412338        60.427297615676402        29.100350187901064     
   57.677235133228550        10.153439699135461        26.570041837073767        70.449730086604745        50.901598930409676        48.725990302034944        40.501193681447269        35.722897853040912        38.578877500240068        55.277894901853124        32.883874343421027        48.824337749050144        52.782170065896288     
   53.859596533720918        73.748823946452717        81.785855388090582        46.908984106789866        46.141620581493804        31.472436698706961        12.244415346275053        18.709404790044807        81.737452673772452        9.6296379131962944        40.167583960847736        47.197806793973150        71.165325399691397     
  0.87260766449155092     
           1           1           1           1           1           1           1           1           1           1           1           1           1
  0.43138863741232569        4.9850960133270915E-002  -5.2490327209250636E-004   40.244646434979273        2.7088707905420797E-002   1.4100768336683941E-005
   9.1571430033388669E-003   1.0226530829930689E-002   4.5093233988921155E-003  0.89711203544819451        4.5085905048715593E-003   1.9138095588938670E-006
   6.3001335612052622E-003   45.048323883413929     
