 scale variations:
          -1           3           3
  -6.5972379125230409       -4.7897373741738480       -9.4630234739540153       -6.5745626024360435       -4.7732744953475210       -9.4304984825423404       -6.5423406720107922       -4.7498809636772448       -9.3842788901263336     
 pdf variations:
 NNPDF31_nnlo_hessian_pdfas         103
  -6.5972379125230409       -6.5930831782182819       -6.6190227505286376       -6.6179671990625435       -6.5861798513140313       -6.5878079885873158       -6.6070054360837984       -6.5801953709168659       -6.6032200404907204       -6.5934742974722260       -6.6049894814253580       -6.6228387594069522       -6.6059129203965483       -6.6327343857327987       -6.6198951732429299       -6.5907067981556233       -6.5853005887189520       -6.6073605865384115       -6.6066211573511966       -6.6022868722328969       -6.6010398579121805       -6.5960051417104522       -6.6064632681332656       -6.5815252689856827       -6.5972693290292757       -6.6051751849814107       -6.5838727027063522       -6.6166004900383539       -6.6099919170585553       -6.5286409734484252       -6.5800606662542478       -6.5928231268136797       -6.5790729638087342       -6.5860097534881294       -6.6050916137739843       -6.5870451113140200       -6.5914865454176468       -6.6042160001324559       -6.5912943105282604       -6.5990067043736067       -6.5909747679494100       -6.5965991716401406       -6.5953761877390429       -6.6067117480913984       -6.5947702719320480       -6.5943382799580794       -6.6020707868894961       -6.6057076214106036       -6.6017379365034108       -6.6013670742256352       -6.6008518651936567       -6.6081851582340416       -6.6018217228111986       -6.6024776658083013       -6.6060782352085488       -6.5950283494893105       -6.5920958108822445       -6.5951771756257749       -6.5867352507155621       -6.5993989008795388       -6.6018730435148916       -6.5997413437014529       -6.5963649936075317       -6.5930307592905777       -6.5856299567091146       -6.5973378634827817       -6.6022837914492127       -6.6048559781411660       -6.6109913251617609       -6.5950900619803550       -6.5967502107309537       -6.5971904131807770       -6.5974118709123504       -6.5912002158528766       -6.5974671110091192       -6.5903136513817904       -6.5945186047823361       -6.6024323621022152       -6.6007627423670119       -6.6020643380971551       -6.5964847357752951       -6.6035203280518626       -6.6035113607801676       -6.6020644714273979       -6.5944431787777802       -6.5979723357262463       -6.5930347653989418       -6.5970047845901814       -6.5950796783581609       -6.5985000132326839       -6.5961088631498068       -6.5967533413954165       -6.5984977143319892       -6.5938822217008264       -6.5944420762524718       -6.5950017684830833       -6.5940402660859858       -6.5982436448168462       -6.5950236495019157       -6.5960146416540919       -6.5940272732794867       -6.2828784705609948       -6.9000819168955232     
 NNPDF31_nnlo_as_0108                                                                                           1
  -7.2494021805576265     
 NNPDF31_nnlo_as_0110                                                                                           1
  -7.1801020724197118     
 NNPDF31_nnlo_as_0112                                                                                           1
  -7.1571908988288726     
 NNPDF31_nnlo_as_0114                                                                                           1
  -7.0996479650851869     
 NNPDF31_nnlo_as_0117                                                                                           1
  -7.0158056985589665     
 NNPDF31_nnlo_as_0119                                                                                           1
  -6.9250481490813014     
 NNPDF31_nnlo_as_0122                                                                                           1
  -6.8341938961436179     
 NNPDF31_nnlo_as_0124                                                                                           1
  -6.7565320006088383     
 NNPDF31_nlo_hessian_pdfas         103
  -6.9101243992409609       -6.9297858731051640       -6.8830730475177457       -6.9331810938919842       -6.8971173010181861       -6.9312782496079048       -6.9294778711749236       -6.9190742889521317       -6.8964502890952168       -6.9038586867730531       -6.9132683603171907       -6.9227214112921400       -6.9182575632760459       -6.8729258377259930       -6.9304023545798952       -6.9255983989745102       -6.8974675819611670       -6.9232855497289760       -6.9009294704084869       -6.8968882312073392       -6.8975996658277303       -6.9140569007310759       -6.9213308802441329       -6.9323456818047520       -6.9086095852316678       -6.8946909110017023       -6.9085869647650533       -6.9011265384306668       -6.9282583619757379       -6.9311171597501398       -6.8433623800548480       -6.8820128147091584       -6.9263970626115636       -6.9193140879977308       -6.9121644823055943       -6.9268524652804073       -6.9168084787898225       -6.8882472238154602       -6.9156668680197511       -6.9084849518749589       -6.9080210881002344       -6.9188091864094803       -6.9193644991059919       -6.8997140310267602       -6.9133307755606506       -6.9154957698340178       -6.9013781604850246       -6.9052555291854727       -6.9184286783602982       -6.9060946614190426       -6.9058704359369409       -6.9208683932960291       -6.9223656741233848       -6.9087945802205075       -6.9129121787667405       -6.9013923122923231       -6.9141868201022589       -6.9151594515953052       -6.9135609705296250       -6.9097797326126020       -6.9084664607293380       -6.9067252560062879       -6.9006029763794938       -6.9095584255255655       -6.9037652817672548       -6.9056118043571892       -6.9062277747981673       -6.9052611760449629       -6.9152107720224061       -6.9089284097931820       -6.8951774257424416       -6.9048570439807788       -6.9047315426023115       -6.9029841593459524       -6.9169223633735974       -6.9143658926326328       -6.9080177103349101       -6.9023375012312798       -6.9151374041388074       -6.9122338245314410       -6.9073553613468688       -6.9100056346153469       -6.9139543450124386       -6.9142634807468566       -6.9126177052187714       -6.9146182728815457       -6.9047199801272532       -6.9102511083003044       -6.9090958040467472       -6.9117273084749566       -6.9130162504523742       -6.9095655272558210       -6.9117878175444742       -6.9090833272367194       -6.9104266460806256       -6.9098798996098161       -6.9078854133106109       -6.9052991458478727       -6.9130709791351563       -6.9141285834784414       -6.9150594499725422       -6.9701226899849358       -6.8643501805751104     
 CT14nnlo          57
  -6.8681936919085294       -6.9302166358131769       -6.8980841963413377       -6.8528053806656901       -6.8852953447336906       -6.8258246234127800       -6.9362895606127033       -6.9260433562136816       -6.8420308170613406       -6.9265412961149524       -6.8429223323826243       -6.8787734873268027       -6.8385303837468960       -6.7987459498512690       -6.8361123581718326       -6.8917873407644912       -6.8017142608553272       -6.9010620033909591       -6.8357864572680649       -6.8456279662241197       -6.8900948185416047       -6.8625892142180351       -6.8697183217820363       -6.8574204501102427       -6.8769842462715554       -6.8618265767920041       -6.8737065372999888       -6.9229106897634098       -6.7750556436188436       -6.7657069699066872       -6.9302251049360688       -6.8105544910768110       -6.9523983974801133       -6.8206503730102668       -6.9115797873648761       -6.8403663001863118       -6.8924958207765794       -6.9544684382778472       -6.7667838984049560       -6.9292573796861712       -6.8308085632817734       -6.8128422326063038       -6.8662478397217903       -6.8815659052942486       -6.7825153928374231       -6.9876963540605912       -6.8453657210804622       -6.8019422900156847       -6.9565211732183156       -6.8554126637838344       -6.8505069884389282       -6.8757703723472785       -6.8789018660889827       -6.8139003786421526       -6.9342581961368532       -6.8394048389947129       -6.8860924718446412     
 CT14nnlo_as_0116                                                                                               1
  -6.9717048384757687     
 CT14nnlo_as_0120                                                                                               1
  -6.7508200052418053     
 CT14nlo          57
  -6.9526082654687453       -6.9682335153612751       -6.9512251930932827       -7.0306157936537064       -6.9393694170451381       -6.9226017996160314       -6.9341646800607348       -6.9584028483767089       -6.9581788145775407       -6.8535113034888910       -7.0338345059047898       -7.0758477126525250       -6.8651226743808218       -6.7900901396469369       -7.0466766779125090       -6.9600469491402093       -6.9403673249926099       -6.9793233214375006       -6.9206968343902515       -7.0200448126478445       -6.8754548606811525       -6.9303756644126135       -6.9755556900790356       -6.8981670326065023       -7.0113461152491396       -6.8648453116267136       -7.0334604997796388       -6.9568426681847537       -6.9448852141435946       -6.9116567891350646       -6.9665968887713863       -6.9591769222045228       -6.9439419195377567       -6.9643081268809741       -6.9253238690445285       -7.0036190006794241       -6.8992783218534273       -6.9831276817123147       -6.9058920115073983       -6.9215506137594582       -6.9646381700547639       -7.0010268154191948       -6.9035873490229944       -6.9575784070788824       -6.9330752525713821       -6.9386522647372715       -6.9305219852271200       -6.9246127288944672       -7.0140672995774018       -6.9951401487270859       -6.9021532944503727       -6.9912932364649043       -7.0265699976593972       -6.8505360837145171       -6.9621448066602349       -6.9244116726826270       -6.9690769585013541     
 CT14nlo_as_0116                                                                                                1
  -7.0347436561376639     
 CT14nlo_as_0120                                                                                                1
  -6.8556762044198774     
 CT14lo                                                                                                         1
  -6.8598778875247666     
 MMHT2014nlo68clas118          51
  -6.8378132029944387       -6.8387726730877674       -6.8363676711238472       -6.8399909166080288       -6.8362141896760198       -6.8505977295396576       -6.8255538195855836       -6.8565178532408027       -6.8164782061538638       -6.8246193041693841       -6.8497517340310248       -6.8371046310625552       -6.8385319770878663       -6.8235242033653645       -6.8632642911921442       -6.8268318549908473       -6.8438867866897555       -6.8597132252382522       -6.8107415421795601       -6.8264506947790471       -6.8474177498592823       -6.8575030645933355       -6.8121040424236350       -6.8719837442977978       -6.8133189145993134       -6.8093690497108081       -6.8577888944581877       -6.8505248892501127       -6.8356180920963245       -6.8866677060540891       -6.7802685886070329       -6.8836616418514689       -6.7808014144409965       -6.8310070043195878       -6.8424614676138722       -6.8216005677414806       -6.8470321682497381       -6.8366756998979659       -6.8433773320308804       -6.8358044697848417       -6.8371319323393775       -6.8287279654495281       -6.8442042782129233       -6.8544111861071642       -6.8350477146999671       -6.8290954963013899       -6.8564076943452790       -6.8253925469211261       -6.8362337899766557       -6.8316870892958601       -6.8596981795897678     
 MMHT2014nnlo68cl          51
  -6.8440292035101793       -6.8425139465475731       -6.8455157785797596       -6.8547723787807282       -6.8331200154397358       -6.8517191192489371       -6.8410167871311378       -6.8657747257415833       -6.8220282659167086       -6.8363459349478815       -6.8516399821416423       -6.8464125648869656       -6.8430205000260251       -6.8443695896022856       -6.8440715025390793       -6.8219876457481350       -6.8680261065842716       -6.8712462119698072       -6.8280230084896107       -6.8601426637417671       -6.8220184954655547       -6.8304645046356249       -6.8532952546038990       -6.8198815073486463       -6.8654214256559039       -6.8345080815399166       -6.8658957058025107       -6.8524218710093905       -6.8443773803057191       -6.8084376789610470       -6.9395145614661056       -6.8559931438941843       -6.8067128015412788       -6.8246174444925369       -6.8682685813875999       -6.8640097992619209       -6.8234690868279779       -6.8478202625255271       -6.8408791485253255       -6.8430992839878160       -6.8415248821037755       -6.8451592392096350       -6.8221743112959423       -6.8536142735334433       -6.8438617840428817       -6.8339456919164645       -6.8372011951654290       -6.8563420211567223       -6.8367531656748008       -6.8384283933488348       -6.8378407739223235     
 MMHT2014lo68cl                                                                                                 1
  -6.4880167862301459     
 ABMP16als118_5_nnlo          30
  -7.0896227368536229       -7.0897109868062635       -7.0903388221117156       -7.0900210084675344       -7.0895068969983264       -7.0806383416960079       -7.0890765909434892       -7.0847756960281494       -7.0768120708821245       -7.0914348214896172       -7.0911318770834653       -7.0777279507485744       -7.0983963513319139       -7.0926570432587290       -7.0826085517503161       -7.0842074614581234       -7.0900862101993880       -7.0884806772249531       -7.0759183123189162       -7.0976260299387537       -7.0566553223010837       -7.0849825223798613       -7.0635788761640637       -7.1008138645580052       -7.1114407460776210       -7.1137833106682224       -7.0839359239498743       -7.0737118154656065       -7.1016476089836669       -7.0363908289850734     
 PDF4LHC15_nlo_100_pdfas         103
  -6.8853572131793745       -6.8655348559729710       -6.8903225494900262       -6.9000354155199206       -6.8697252090999950       -6.8856736623435024       -6.8566821997775333       -6.9271408846339604       -6.9402704881368624       -6.8496029585519871       -6.9051187419264357       -6.8835542914287462       -6.8462906638694712       -6.9203577055237240       -6.8711910082571510       -6.8795568232651130       -6.8781555113097133       -6.8671862679192186       -6.9132926245629038       -6.8707636124136400       -6.8905028966050139       -6.8956591549201800       -6.8633894823787713       -6.9183430780959982       -6.8733811520518584       -6.9174469165033781       -6.8859988193194859       -6.8650427291773237       -6.9151826446000539       -6.8808926322566890       -6.8684382187892057       -6.8868446553293028       -6.8803544733943767       -6.8741445562688313       -6.8871079282189118       -6.9047972709134386       -6.8774726546309974       -6.8808414060575593       -6.8843633290463409       -6.8924877940124558       -6.8943149102777044       -6.8962020565921023       -6.8985888213005255       -6.8753190218378109       -6.8929009325479953       -6.8966618412160328       -6.8858278463925329       -6.8789735579109133       -6.8674291252888677       -6.8868482736853425       -6.8827724782663617       -6.8784211005652809       -6.8868827597229298       -6.8706222847835807       -6.8845709715238668       -6.8805529828431631       -6.8803988826688798       -6.8842795044282008       -6.8838507230294406       -6.8768077623604880       -6.8843157954905809       -6.8858367020907671       -6.8781532719935594       -6.8867360426727720       -6.8789778296346098       -6.8868085710138072       -6.8855177909950323       -6.8843748696646401       -6.8886824573641725       -6.8853110680345928       -6.8883670571514468       -6.8843650792828024       -6.8806377744183447       -6.8827744797646346       -6.8889301676888586       -6.8845990863893904       -6.8846582412878892       -6.8844195853684820       -6.8873971628488322       -6.8854028922628912       -6.8861674459270805       -6.8876424689882656       -6.8834987737672009       -6.8896796963056541       -6.8850450462284343       -6.8876352556767362       -6.8871121409952858       -6.8877103444025662       -6.8867312176975224       -6.8836941431722716       -6.8861960568376803       -6.8834961609798002       -6.8850804675824904       -6.8829023222299961       -6.8846840816126811       -6.8874591109689556       -6.8819872392884429       -6.8853946099010361       -6.8851092627882302       -6.8870779787646654       -6.8864990806122455       -6.9333651744452673       -6.8245023334791686     
 PDF4LHC15_nnlo_100_pdfas         103
  -6.8705290765940807       -6.8749131625351723       -6.8806469276910649       -6.8396229991303592       -6.8667564622879267       -6.8805822191790140       -6.8722522164655349       -6.8962382619887004       -6.8900647041974148       -6.8736025458957037       -6.8721593996713137       -6.9097434734183310       -6.8195362047809818       -6.8397791452687926       -6.8290737191890640       -6.8583860888721908       -6.8779921539960727       -6.8749645120180451       -6.8688751249272979       -6.8458142780904581       -6.8872600662932220       -6.8906903246405555       -6.8477038267179910       -6.9016849381963432       -6.9000366051418833       -6.8575241670096077       -6.8635361809253697       -6.8798909548108771       -6.8624890316862253       -6.8547395168674337       -6.8670656068765945       -6.8892477012451616       -6.8834438262752009       -6.8895734961187527       -6.8855640572397627       -6.8487861877024301       -6.8801653927331765       -6.8708869274339470       -6.8821111911501358       -6.8564833391115805       -6.8624817396694668       -6.8695458706176469       -6.8728202288178073       -6.8550976273973028       -6.8763086094601915       -6.8724180104478849       -6.8685802088112258       -6.8555994763600561       -6.8784893913959557       -6.8609453560374494       -6.8804681987261098       -6.8809729417488850       -6.8779191451564383       -6.8639848406958395       -6.8652584884820405       -6.8695362333376604       -6.8717755841847641       -6.8688801989411070       -6.8575345175523026       -6.8695968528082982       -6.8714666467977281       -6.8661077440936511       -6.8725543285059780       -6.8681828001249903       -6.8721848032322939       -6.8704811990524393       -6.8706227389367855       -6.8731221666463096       -6.8690606788739279       -6.8724941277916871       -6.8684759131375257       -6.8723586618211865       -6.8777893360749935       -6.8659042579001417       -6.8717004046275632       -6.8698662064460025       -6.8729703591629363       -6.8730508258733281       -6.8719906844918137       -6.8701123220052276       -6.8745025132565942       -6.8734605977516861       -6.8712912053002260       -6.8672820063922035       -6.8691250849753871       -6.8698568185881923       -6.8709868172792881       -6.8695225577566408       -6.8670050824115609       -6.8703863473169475       -6.8685152962720375       -6.8709478346830002       -6.8718819554225750       -6.8692264829014604       -6.8689041236585009       -6.8717688853656123       -6.8701150300436318       -6.8707914213754000       -6.8701078051581295       -6.8684879161944989       -6.8703387194245122       -6.9277924593397415       -6.7899309153395242     
 PDF4LHC15_nlo_30_pdfas          33
  -6.8849084693147562       -6.8511559077024557       -6.8558765132858426       -6.8831914004431241       -6.9316159066523380       -6.9546723622159634       -6.8921693567954865       -6.8798119468585792       -6.8976332385200898       -6.8723277979988584       -6.8938495747626556       -6.8888021729487594       -6.9363124515326522       -6.8861546248029519       -6.8844928991803549       -6.8988457517745969       -6.8842344372975868       -6.8460859243592731       -6.8828988920340217       -6.8997993473602612       -6.9067047041349836       -6.8690747253813154       -6.8691946396110914       -6.8867140257206181       -6.8646165639828984       -6.8896651964110243       -6.8651278506228355       -6.8839139598883747       -6.8773639500752362       -6.8892748880867902       -6.8923544927395488       -6.9333651744452673       -6.8245023334791686     
 PDF4LHC15_nnlo_30_pdfas          33
  -6.8701345001138536       -6.8950741520625414       -6.8703392693026037       -6.8606338357287191       -6.8635320477307022       -6.7869918185668707       -6.8697123843374444       -6.8608826373067409       -6.8488801475367671       -6.8349900351385537       -6.8867618208792694       -6.8688122877684776       -6.8763937730217757       -6.8832326228165046       -6.8643511877638668       -6.8488286115667805       -6.8583904142730967       -6.8459873008030980       -6.8712321379668211       -6.8772465293762250       -6.8617603170756665       -6.8673129557255947       -6.9191820335225280       -6.8644148987389295       -6.8792487843045178       -6.8598803759314633       -6.8765647186816787       -6.8766252140755348       -6.8853235403060449       -6.8763121547375645       -6.8855933759322374       -6.9277924593397415       -6.7899309153395242     
 HERAPDF20_NLO_EIG          29
  -7.5450666814681320       -7.5408440658901554       -7.5492741531631182       -7.5475798385126547       -7.5425353314991641       -7.5318502225876323       -7.5582325515793753       -7.5571219271588115       -7.5331761262297423       -7.5916601431887720       -7.4985876422707465       -7.5472269322454499       -7.5426655461735770       -7.5202983405201866       -7.5697143481076692       -7.5302103467064905       -7.5567916665328534       -7.5345685023739719       -7.5512589653511997       -7.5214935026024854       -7.5694481560981419       -7.5623223343563533       -7.5265472917842295       -7.4866222320918476       -7.5829319559946979       -7.5609535812814199       -7.5222668618476538       -7.5042074654986468       -7.5769530017723872     
 HERAPDF20_NLO_VAR          14
  -7.5450666814681320       -7.5193373626589670       -7.5709452808754021       -7.5139097737849498       -7.5637152991863870       -7.5823470425698467       -7.5026502481349491       -7.5307436467928373       -7.5597192112277130       -7.5256103553064557       -7.5670182512851589       -7.5364066696232888       -7.5688847670956276       -7.6718872407520911     
 HERAPDF20_NNLO_EIG          29
  -7.3589585945077785       -7.3573343523928791       -7.3626062613972989       -7.3645118560967271       -7.3554359601070241       -7.3481467623439327       -7.3717195451915130       -7.3601984816555035       -7.3599160747258958       -7.3915487133092155       -7.3285087445917432       -7.3909535519596439       -7.3290136651482216       -7.3359778548086254       -7.3839369965452564       -7.3475134816515180       -7.3728266343107522       -7.3757714214206676       -7.3433170269879406       -7.3497453779497270       -7.3700739082424640       -7.3092155849365898       -7.4083343582497436       -7.3645674091336399       -7.3466217888433665       -7.3515063473860502       -7.3473478674563077       -7.3351103580667463       -7.3707014368373995     
 HERAPDF20_NNLO_VAR          14
  -7.3589585945077785       -7.3530721204081546       -7.3485453196723274       -7.3524891979818339       -7.3610810510925688       -7.3767367736620564       -7.3147996641498381       -7.3458666507741075       -7.3848229804969838       -7.2922980532772437       -7.3931643067367716       -7.2875975276423901       -7.4293172050740184       -7.3250729958130005     
 CT14qed_inc_proton          31
  -6.8908065576517226       -6.8900512642700020       -6.8893171906689101       -6.8885678331068192       -6.8878148047229999       -6.8870952480168546       -6.8863425614770666       -6.8856161697117244       -6.8848592707092635       -6.8841383348875604       -6.8833993058327358       -6.8826594997813491       -6.8819211101751288       -6.8812008581834485       -6.8804449188399852       -6.8797088035194101       -6.8789675360135556       -6.8782093449799175       -6.8774892962141374       -6.8767358643239911       -6.8760129038677631       -6.8752613374904836       -6.8745203933353540       -6.8737786360440625       -6.8730412188384635       -6.8723069705365587       -6.8715865736647528       -6.8708233676723927       -6.8700898807531985       -6.8693508585825027       -6.8685919395693658     
 LUXqed17_plus_PDF4LHC15_nnlo_100         108
  -6.8072979284495263       -6.8117298249784088       -6.8173501383439987       -6.7766885306422378       -6.8036581906601246       -6.8173411724950181       -6.8089896189050352       -6.8326854911716186       -6.8266262963826545       -6.8103436496968746       -6.8089014542171036       -6.8461613574436884       -6.7567631603521185       -6.7768341539355896       -6.7662157804963856       -6.7953124265484277       -6.8146810813082412       -6.8116889014281714       -6.8057487506050327       -6.7828200581794809       -6.8238328599771938       -6.8270914486672947       -6.7847761773088422       -6.8378841079993737       -6.8364614297010871       -6.7945986035614307       -6.8004159065137797       -6.8164508544807889       -6.7993426869964120       -6.7916698793330017       -6.8039217340350309       -6.8257058723229722       -6.8201202985448290       -6.8262098379211080       -6.8221731130320977       -6.7858339856327037       -6.8168243423820476       -6.8076861783355129       -6.8187977697227922       -6.7934115493222329       -6.7992697970345750       -6.8063337212935959       -6.8095427345996944       -6.7919512275208076       -6.8130203188107883       -6.8092333474389042       -6.8053190460823556       -6.7925562128937642       -6.8151305189361491       -6.7978295879874597       -6.8171139091195592       -6.8176701588339688       -6.8146724889279175       -6.8008369284212078       -6.8020884207722094       -6.8063151578784904       -6.8085804913416288       -6.8056707739210980       -6.7944401834800683       -6.8063290389049573       -6.8082149596440900       -6.8029020816223200       -6.8093214275193681       -6.8050317405734875       -6.8089317059907000       -6.8072270144573102       -6.8073677929927960       -6.8098970133794881       -6.8058698796755577       -6.8093037606666336       -6.8052598913746918       -6.8091629173736639       -6.8145325107812527       -6.8027158589648282       -6.8084841996743553       -6.8066262486252445       -6.8097044467646501       -6.8097753009684023       -6.8087946912449508       -6.8068604321278467       -6.8112441837458642       -6.8101891660965341       -6.8080786400339957       -6.8040824488005089       -6.8059263931570193       -6.8066130474664090       -6.8077607295331148       -6.8062732769997991       -6.8038040866048473       -6.8071648933452034       -6.8053476298555982       -6.8076899224433909       -6.8086353692647723       -6.8060041759025793       -6.8057236851390925       -6.8085418763304677       -6.8068468010235286       -6.8075630940466398       -6.8069042622686791       -6.8053111192892324       -6.8070704180569059       -6.8072562062890984       -6.8070215809719885       -6.8073418960066077       -6.8073487601050644       -6.8074254461629815       -6.8073161720363942       -6.8071130339131392     
 NNPDF30_nlo_nf_5_pdfas         103
  -6.8638798203349616       -6.5673857287736954       -6.8488611729944138       -6.9734539332889911       -6.9586307370222586       -6.6382772909078289       -6.8579570193379027       -6.9171293722374045       -6.7487891895793668       -6.8382621825107099       -6.7999534000656787       -7.0330839453656244       -6.9443014123496329       -6.9508813500091602       -6.8415410105604879       -6.8939684903988967       -6.7959240468870350       -6.7144464607891967       -6.6366195297476187       -6.8478243390539335       -6.8061786283294401       -6.9639029825650960       -6.8370370210053135       -7.2409109796099793       -6.8684590233562499       -6.9188483488373462       -6.8321235451420028       -6.6745437886019747       -6.9093630554723475       -6.7841396063365114       -6.9040991987368789       -6.8519029130972147       -6.9567331556413876       -6.9831135473192143       -6.9515723777298177       -7.0225562303676989       -6.8785022251953993       -6.7346453790990131       -6.8198645148836965       -6.7306221080636019       -6.9522953082449073       -6.9378817527197834       -6.9346769636488430       -6.9568646608182600       -6.8487606728860717       -6.9063410892596195       -6.8784392362012436       -6.7298567682796557       -6.7054831092388127       -6.9329953491953349       -6.9186230451228417       -6.9394926633638736       -6.8791005586677629       -7.0262316157769682       -6.8286668759874889       -6.8574634807861070       -6.6407621843128100       -6.9868758648970442       -6.9173596666752308       -6.7939829026244336       -6.8326226476534968       -6.8987064221492940       -6.8385085693608101       -7.0843511566509783       -6.5883202181221980       -6.9988116982328501       -6.8336624677878115       -7.1134838799735975       -6.8124268349098198       -6.7831866286975897       -6.7600313211747487       -7.0014721629404297       -6.9188685787457702       -6.7497660393175849       -7.0362387664409738       -6.8532360739882652       -6.9696735561589520       -6.8752070896791677       -7.0122835574511093       -6.9224522216024553       -6.8288365282163692       -6.9628502203129781       -6.9227006320954265       -6.6586960901142849       -6.8411544836375073       -6.7260292470544298       -6.7704687153334318       -6.8877512667074248       -6.9444171823126100       -6.7354893661035238       -6.8429381324118088       -6.7069348192282172       -6.9611330941305640       -6.7284763465681863       -6.9591590271130661       -6.6184684190293934       -6.8986676455248492       -6.8115200345398534       -7.1098625174196295       -6.9281402666942382       -6.6085950311933992       -6.8818053386912927       -6.8083883658917586     
 NNPDF30_nnlo_nf_5_pdfas                                                                                        1
  -6.8892268148589535     
 NNPDF31_lo_as_0118                                                                                             1
  -7.3125404105879372     
 NNPDF31_lo_as_0130                                                                                             1
  -7.1715699129917034     
 NNPDF30_lo_as_0118                                                                                             1
  -7.3731866747859112     
 NNPDF30_lo_as_0130                                                                                             1
  -7.3626156381230023     
