   0.0000000000000000        0.0000000000000000        0.0000000000000000        0.0000000000000000        0.0000000000000000        0.0000000000000000        0.0000000000000000     
   2.4056720205726058E-002   3.0702728768041299E-002   3.0104370798635573E-002  0.22847591336005615       0.12634810450169223       0.13694413263373251        3.2449981325906069E-002
   3.4742673961159807        3.1500028004417726        5.4855730079892533        4.8590131345445213        3.5340354309215294        4.6874894555855766        3.8921780441369664     
   4.9415274552605096E-002   6.1506853003551798E-002   6.0850981078245513E-002  0.29206955164021298       0.21071626233369817       0.23098719040248500        6.4636462262919886E-002
   3.7398560963747838        3.1152435912060925        4.3342497390815895        3.2159532118366232        4.2595653780456857        4.9905158073323026        3.0238002719723709     
   7.7369541108766524E-002   9.3112989983169206E-002   9.0580656170062682E-002  0.34362701456025507       0.27391600223799967       0.29305593427008231        9.5357317811314193E-002
   3.2756446607794820        3.1627129246485417        3.3582963638481678        3.3734891550658612        3.7856978549944635        3.5639026776859200        3.4464822659348671     
  0.10719871217427575       0.12486124729341830       0.12186969002462641       0.37979569432541055       0.32308552995156870       0.34834635377848772       0.12560748720076831     
   3.1376972449594658        3.3493728871691508        3.1853106336844217        3.0695526896390026        3.9702332002372267        3.9572940428755912        3.3644549013582550     
  0.13997228691567468       0.15630029200585505       0.15216822067266089       0.40874778154159652       0.36089319058593289       0.38764986680724550       0.15582007896397670     
   3.4417616803588267        2.9702828338225293        2.9277968481342520        3.0646440200580849        3.0770604210848029        3.7488140967621719        2.9690158090471410     
  0.17305127166252746       0.18673428447441007       0.18290146039025715       0.43871094746439798       0.39978522186164545       0.42873004670220827       0.18687165153001151     
   3.5686810766379438        3.1249667595246655        2.9003637767903983        2.9775384996755538        3.3750268668254075        3.1576338709250629        3.1399415779917907     
  0.20753801746095260       0.21769872804363782       0.21337660282571749       0.46740231140326266       0.43748433066287384       0.46337775669923648       0.21884691248543398     
   3.0891097657243898        2.7664693281822870        2.7109078156566380        3.0288432587507934        3.4639053705537974        3.1386251338610456        3.4465263735082088     
  0.24247963437561820       0.24851698983357232       0.24358322717451233       0.49527580886036249       0.47194753620992325       0.49968034008875023       0.25008221041229034     
   2.9670910416639531        3.3406821383893242        3.4145099044229270        2.9416150709361419        3.3344162765515324        3.4387122598378523        3.1183948310104976     
  0.28126643617078023       0.27992250254552553       0.27433066225371383       0.51932328363564839       0.50005768643016102       0.52749085332788437       0.28119308440002944     
   2.9031266533860931        3.0691581018306677        2.9640187974366490        2.8889621079526320        2.8816484455259155        3.0938531601062285        3.0135701415553151     
  0.32047309428525483       0.31168925934169822       0.30556766567685772       0.54361731511792444       0.52807313629771280       0.55607970181720012       0.31219656234342225     
   3.3774364045690457        3.8865094074328539        2.8378339480204802        2.9985667197231831        3.0562062398346295        3.2123832704291910        3.0800566570592069     
  0.36043323492234730       0.34500667905286792       0.33723269027991692       0.56741623213831305       0.55540761671886818       0.58310416015622757       0.34372238895406654     
   3.1969505072263318        3.2385568998319560        2.7819174182338342        2.7355365763582236        3.1814316124137902        3.0521099017842990        2.9716701086181474     
  0.40099105528286993       0.37650392626568957       0.36864279373794340       0.58952870214673880       0.58190506069859360       0.61056324100703330       0.37600404404160409     
   3.1421575871897951        3.4317693558600881        3.2693556826555774        2.8718184346054758        3.0343935401917932        3.2027449118003708        3.2362953085724153     
  0.44325072093336815       0.40763940491150463       0.40024488640936157       0.60969862416175868       0.60529094491407032       0.63507931253516170       0.40807410715249581     
   3.2537086397011787        3.3150419118750425        3.1660666558103703        2.7393223890226714        3.2100628459388769        3.1397104829140985        3.3857906761818057     
  0.48415737928024966       0.43798373557818610       0.43165126704848189       0.63018103222537136       0.62922372706155882       0.65912308920782825       0.43995623117994970     
   3.0404634750593957        2.8618215459876972        2.7865677250939322        2.7031339844600080        2.9449851602148396        3.5266475949367964        3.0743123008015147     
  0.52435205933901052       0.46944963555484531       0.46330353611718333       0.65078163820845036       0.65347249493696036       0.68206226454055940       0.47097015853894647     
   3.2059814673836420        3.2913658615163968        3.0470433117933724        3.1958912522472671        2.9912818018441669        3.1575451360477467        3.3002575940396879     
  0.56585257915719334       0.50091271494647849       0.49421100272537244       0.67084713700008092       0.67733712717128391       0.70483949730522111       0.50136563543122381     
   3.0381851957830537        3.5175602393200207        3.0470106662726377        3.3098989617089405        3.2074230835213822        3.1272164983806023        2.9558843828399293     
  0.60195987204571599       0.53227714091722889       0.52525619532232393       0.68847282295543932       0.69894900999071752       0.72684226664661489       0.53221606257746024     
   2.7578278130213869        3.1229910055241334        2.9353670559087286        2.9154461141876151        2.9793152059789625        2.8190790141138291        3.4146150576558503     
  0.63842361078652199       0.56367981918595711       0.55599882523724353       0.70594465091524550       0.72142389736674217       0.74951283743711794       0.56271514665495104     
   2.8243179383996062        3.0899758483161714        3.1509623222177341        2.8266039645930872        4.7426624368262793        2.6968270804129979        3.1466173800802673     
  0.67373460844944089       0.59407708824895211       0.58728614410002455       0.72251784974986499       0.74407920513797887       0.77128679787680643       0.59335049181308697     
   2.9872581866095600        3.3245308148228121        3.2666593993047517        2.7070700761792192        3.5893061527530419        2.9367218032676790        3.0443741942526423     
  0.70907403547370451       0.62456547476371793       0.61903254296564503       0.73872504551643059       0.76733483858330720       0.79266373217434882       0.62480999388171155     
   3.2033001338115850        3.0629656229605993        3.1044269821406165        3.4551974751953001        3.1588466018776433        3.0489536825611432        3.0503030156735051     
  0.73909914969868717       0.65557379379840020       0.65018905551138573       0.75409848390572531       0.78857929903281754       0.81235476554737063       0.65575251776225141     
   2.8221000579276270        3.2744846528132534        2.8591129439344667        3.2553183108786503        2.7885213152810571        2.7217656979584071        3.2187970339189733     
  0.76937566833171700       0.68803046892902975       0.68142117828974724       0.76942591643873326       0.80970247470585299       0.83241628685270430       0.68788311698570814     
   3.2358843051815480        3.2796001286816874        3.0123571257399200        2.9997387996653773        2.7171790033117511        2.7881888062914109        3.1818383982555072     
  0.79723511094159327       0.72037757009367409       0.71261558092445410       0.78375817172417084       0.83025038538456697       0.85117147382221281       0.71919669532356389     
   2.8968794833084548        3.0320620311004740        3.1644268071211328        3.2846611879435006        2.9365895443225174        2.7845563343850812        3.4870311806175645     
  0.82600394976008251       0.75220087583307105       0.74385732606722066       0.79793222186233737       0.85079248586991663       0.87069939976504962       0.75109222128636388     
   3.2375507885900503        3.1815014260282499        2.9913448480025679        3.5564124988085006        2.8596047412297119        2.6968270804129979        3.7284477851276341     
  0.85013415204905474       0.78377781926004642       0.77569938691206064       0.81279469649549452       0.86981262743115551       0.88835346777218271       0.78300547807059973     
   3.2403670311631192        3.1389413483845563        3.3425235227216241        3.0474817049612368        2.8584606632614808        2.8261698821017256        3.0335711460814920     
  0.87535278506297254       0.81458815589846412       0.80728996052953761       0.82677534719395485       0.88880716609899335       0.90608725808382062       0.81488363341960501     
   3.4386852253679838        2.9340172179359496        3.0230277359764219        3.1286259274866435        2.8188457899333117        2.8857629477774482        3.0835715726429322     
  0.89944682966555800       0.84509632550968727       0.83835575374615556       0.84176554087550293       0.90746553535009444       0.92276038570613528       0.84651286294966843     
   3.5648098898614604        3.0802823689389927        3.4042513127458034        3.3394934822082787        2.9918916169005532        3.2897070354044637        3.1878867324483249     
  0.92311513184647964       0.87538805671016495       0.86847788715307972       0.85632878373651233       0.92583085074881455       0.93909134851249787       0.87784585710643759     
   3.4752444355802177        3.2575454839569096        3.3272430783976321        3.2148080510041375        3.0515050607382004        3.3854066960082387        3.2256274553354656     
  0.94419304892596001       0.90688162657754967       0.89945290030152047       0.87489957642986393       0.94385224511854571       0.95456541544518747       0.90925412750339218     
   3.0539169021356662        3.1921099294671875        3.3270361825819470        3.7577895038995628        2.9246098797428690        2.8673914812680561        2.8854550936577663     
  0.96421015062682458       0.93808583411926505       0.93043029390977128       0.89478683501669354       0.96210531208820782       0.97016858339242684       0.94036234175331279     
   2.9755541376242887        3.0369548433490152        3.3876090391783404        3.9103613289925874        3.2782525582745929        2.8594333177835725        3.5142500941053347     
  0.98232597640148467       0.96935934364259402       0.96479291603465034       0.93284207618983472       0.98086284500807241       0.98524091350342646       0.97027318355207437     
   3.1081752222937142        3.4110029982500980        3.3149424252347446        4.8259226155194561        2.9754066301552333        3.5569912833705559        3.0952297990573783     
   1.0000000000000000        1.0000000000000000        1.0000000000000000        1.0000000000000000        1.0000000000000000        1.0000000000000000        1.0000000000000000     
   4.1149346827155977        3.6180036272627953        3.5674277393296974        3.2650362643618829        3.2642985180898436        3.1762338396393215        2.9396246302884230     
  -2.7707931380212676        4.0701543986713622        4.4297714620922468        5.4050623848220249        3.1733994936167171        3.6072997197945518        3.0434990577703518     
   4.6549676438342535        3.0692242507711520        3.6131584342527638        3.8487543647054632        4.0441280324724378        3.4711366233432526        3.0870922006405159     
   6.4487778859548666        3.9937372321644506        4.2434699475232893        3.5225140555079077        3.1867815886785489        4.0428671001114944        3.3564067383081442     
   7.9684799476198140        2.9892017814639851        3.9454730339309227        4.6008189895457292        3.5008559096766674        5.1396199286028867        3.9568716228786860     
   7.9785036052880329        2.9253909504507263        4.4614433405173965        2.9506816039689263        3.7930875979953389        4.3099559880674541        4.2550069125239753     
   8.0008052642167904        3.0506974220765657        2.3303629044282355        3.1746177989842770        4.4761734548457257        4.1145017228022462        3.8602912100007125     
   6.2154352308189091        4.0681382283471388        3.5779640192516022        4.0675899956335222        3.6355624269188556        2.9076309450799234        3.4436868502528504     
  -2.8189662605566896        4.6278650189123294        2.1318041293165040        4.1141766410493350        3.3484880163717667        2.9466166392788309        4.0711603661745990     
   813.36478497329927     
           1           1           1           1           1           1           1
   1030.6107853534652        888.62059493172319       0.65340213445622064        3.6201544709589015        30.819913494135978       0.88120598981779596     
   2.8310894667133906        3.6678469942957941        1.4131154169235061       0.10223999152159653        1.4033145626751917        1.9954326324600088E-002
   6.0197598958931481E-002   4.2669200429091285     
