     
 Soft #          23
 ME*wgt:
   1.0054655644305175        6.9362168806736357E-019   6.8985126154988893E-019
   1.0000405638021033        6.8987924453994316E-019   6.8985126154988893E-019
  0.99999963895170507        6.8985101248026719E-019   6.8985126154988893E-019
   1.0000004668380720        6.8985158359872185E-019   6.8985126154988893E-019
   1.0000077128373011        6.8985658226043124E-019   6.8985126154988893E-019
  0.99978401019415497        6.8970226070984483E-019   6.8985126154988893E-019
   1.0009051149402071        6.9047565623323844E-019   6.8985126154988893E-019
   1.0160596022840704        7.0092999844554434E-019   6.8985126154988893E-019
   1.0000000005000005        6.8985126189481489E-019   6.8985126154988893E-019
   1.0000000000500000        6.8985126158438156E-019   6.8985126154988893E-019
 wgt:
   1.1111111111111112        3.4305446255633260E-005   3.0874901630069931E-005
   1.0101010101010099        3.1186769323302955E-005   3.0874901630069931E-005
   1.0010010010010009        3.0905807437507436E-005   3.0874901630069931E-005
   1.0001000100010002        3.0877989429012838E-005   3.0874901630069931E-005
   1.0000100001000012        3.0875210382173757E-005   3.0874901630069931E-005
   1.0000010000010000        3.0874932505002438E-005   3.0874901630069931E-005
   1.0000001000000098        3.0874904717560399E-005   3.0874901630069931E-005
   1.0000000100000004        3.0874901938818956E-005   3.0874901630069931E-005
   1.0000000009999999        3.0874901660944831E-005   3.0874901630069931E-005
   1.0000000001000000        3.0874901633157420E-005   3.0874901630069931E-005
     
 Soft #          44
 ME*wgt:
   1.0046520133920112        3.8956225858438093E-014   3.8775840130862840E-014
  0.99997991982027679        3.8775061505024093E-014   3.8775840130862840E-014
  0.99999389913742565        3.8775603564790995E-014   3.8775840130862840E-014
  0.99999935017853725        3.8775814933489688E-014   3.8775840130862840E-014
  0.99999990693490415        3.8775836522185560E-014   3.8775840130862840E-014
  0.99999980379977582        3.8775832523034312E-014   3.8775840130862840E-014
  0.99999942825515675        3.8775817960976201E-014   3.8775840130862840E-014
   1.0000071046940806        3.8776115621344688E-014   3.8775840130862840E-014
   1.0000000004956056        3.8775840150080362E-014   3.8775840130862840E-014
   1.0000000000495599        3.8775840132784568E-014   3.8775840130862840E-014
 wgt:
   1.1111111111111109       0.24345770438637956       0.21911193394774164     
   1.0101010101010102       0.22132518580579966       0.21911193394774164     
   1.0010010010010011       0.21933126521295462       0.21911193394774164     
   1.0001000100010002       0.21913384733247493       0.21911193394774164     
   1.0000100001000010       0.21911412508899253       0.21911193394774164     
   1.0000010000010002       0.21911215305989476       0.21911193394774164     
   1.0000001000000098       0.21911195585893720       0.21911193394774164     
   1.0000000100000002       0.21911193613886101       0.21911193394774164     
   1.0000000009999999       0.21911193416685357       0.21911193394774164     
   1.0000000001000002       0.21911193396965287       0.21911193394774164     
     
 Collinear #          87
 ME*wgt:
  0.87561674500878905        1.8043944288649220E-013   2.0607125653436542E-013
  0.98662532699550043        2.0331512086259194E-013   2.0607125653436542E-013
  0.99894476815658539        2.0585380358245789E-013   2.0607125653436542E-013
  0.99998037629556835        2.0606721265293532E-013   2.0607125653436542E-013
   1.0000248521408459        2.0607637784625712E-013   2.0607125653436542E-013
   1.0000109393326606        2.0607351081639244E-013   2.0607125653436542E-013
   1.0000039010878490        2.0607206043644032E-013   2.0607125653436542E-013
   1.0000029205414647        2.0607185837401481E-013   2.0607125653436542E-013
   1.0000000000000751        2.0607125653438087E-013   2.0607125653436542E-013
   1.0000000000000075        2.0607125653436696E-013   2.0607125653436542E-013
 wgt:
   1.0006198871030147        34.940751120490852        34.919105217517696     
   1.0000593828714859        34.921178814255228        34.919105217517696     
   1.0000059134193915        34.919311708831621        34.919105217517696     
   1.0000005910943979        34.919125858005167        34.919105217517696     
   1.0000000591069653        34.919107281480038        34.919105217517696     
   1.0000000059106717        34.919105423913066        34.919105217517696     
   1.0000000005910668        34.919105238157215        34.919105217517696     
   1.0000000000591065        34.919105219581645        34.919105217517696     
   1.0000000000059104        34.919105217724081        34.919105217517696     
   1.0000000000005909        34.919105217538331        34.919105217517696     
     
 Collinear #          99
 ME*wgt:
   1.1198159886225021        1.6913581658979618E-011   1.5103893702915602E-011
   1.0114762872868748        1.5277230326200679E-011   1.5103893702915602E-011
   1.0008368945925048        1.5116534069881340E-011   1.5103893702915602E-011
  0.99997930519120437        1.5103581130723350E-011   1.5103893702915602E-011
  0.99996475109342764        1.5103361307177588E-011   1.5103893702915602E-011
  0.99998635701422656        1.5103687640708690E-011   1.5103893702915602E-011
   1.0000056548268392        1.5103979112819090E-011   1.5103893702915602E-011
  0.99999495468220712        1.5103817498971961E-011   1.5103893702915602E-011
   1.0000000000002034        1.5103893702918675E-011   1.5103893702915602E-011
   1.0000000000000202        1.5103893702915906E-011   1.5103893702915602E-011
 wgt:
   1.0000203772538838        9.3231459900389062        9.3229560137972651     
   1.0000020376973604        9.3229750111601266        9.3229560137972651     
   1.0000002037694558        9.3229579135309386        9.3229560137972651     
   1.0000000203769426        9.3229562037706035        9.3229560137972651     
   1.0000000020376942        9.3229560327945986        9.3229560137972651     
   1.0000000002037690        9.3229560156969953        9.3229560137972651     
   1.0000000000203768        9.3229560139872376        9.3229560137972651     
   1.0000000000020373        9.3229560138162579        9.3229560137972651     
   1.0000000000002034        9.3229560137991623        9.3229560137972651     
   1.0000000000000202        9.3229560137974534        9.3229560137972651     
     
 Collinear #          72
 ME*wgt:
   1.1292232355307974        1.1040770472703564E-019   9.7773142858805868E-020
   1.0113614369300217        9.8883986254846188E-020   9.7773142858805868E-020
   1.0009203479402156        9.7863128169444380E-020   9.7773142858805868E-020
   1.0000263214383864        9.7775716388561473E-020   9.7773142858805868E-020
  0.99998159604582293        9.7771343446364950E-020   9.7773142858805868E-020
  0.99999370960492995        9.7772527827110044E-020   9.7773142858805868E-020
  0.99997261557865502        9.7770465397865601E-020   9.7773142858805868E-020
   1.0001328330425718        9.7786130362853613E-020   9.7773142858805868E-020
   1.0000000004620198        9.7773142903978988E-020   9.7773142858805868E-020
   1.0000000000460867        9.7773142863311906E-020   9.7773142858805868E-020
 wgt:
   1.0000046710500174        6.2932906307928114E-004   6.2932612346548115E-004
   1.0000004477180651        6.2932640522615540E-004   6.2932612346548115E-004
   1.0000000445866815        6.2932615152504450E-004   6.2932612346548115E-004
   1.0000000044568251        6.2932612627027758E-004   6.2932612346548115E-004
   1.0000000004456640        6.2932612374594907E-004   6.2932612346548115E-004
   1.0000000000445661        6.2932612349352773E-004   6.2932612346548115E-004
   1.0000000000044564        6.2932612346828566E-004   6.2932612346548115E-004
   1.0000000000004456        6.2932612346576163E-004   6.2932612346548115E-004
   1.0000000000000444        6.2932612346550912E-004   6.2932612346548115E-004
   1.0000000000000042        6.2932612346548375E-004   6.2932612346548115E-004
