 scale variations:
          -1           3           3
   8.5324643672625058        6.8227802041844301        11.008029692780692        8.9635252269901997        7.1694556059130976        11.560141319340556        7.9766464761087050        6.3766615693209312        10.294325108410259     
 pdf variations:
 NNPDF31_nnlo_hessian_pdfas         103
   8.5324643672625058        8.5233399880250396        8.5298114771984395        8.5244414109624422        8.5180836861628855        8.5244455932848222        8.5181911401498525        8.5388501264637000        8.4998827491065541        8.4731106614400691        8.5439029681545371        8.5079016340320397        8.5182492891388613        8.5484359969849315        8.4355658808912679        8.5454730602319238        8.4768506391962575        8.5378431004639062        8.5698510413897626        8.4832434065582305        8.5237483866201718        8.4696317837302999        8.5080851502913344        8.5710206055862503        8.5878938854506259        8.5127567873682253        8.5795560117961021        8.5482767489409230        8.5391090262349607        8.5128175751927007        8.5433334294019474        8.4527244870301086        8.4620788944496219        8.5517832570580907        8.5088030468606899        8.3834492125449778        8.5144429535940738        8.4378734208762403        8.4862485084773152        8.5592644103501492        8.5361918987080028        8.5274218754320472        8.6837116549027975        8.6028073291628608        8.5003702802913992        8.6141412709209071        8.5387751259272910        8.5939801014718675        8.5331820413442010        8.5590592262480705        8.5653603858274039        8.5366978093468369        8.5497623683741857        8.5377456029691299        8.5121091436572449        8.5164469264214606        8.5496850086155902        8.5520735090962887        8.5551024919561289        8.4843557208481464        8.5717799268057107        8.5573398565221375        8.5490913194825975        8.5668193916567219        8.4866116306002297        8.5710780053716267        8.5251628033104776        8.4865258946758768        8.4933384875587361        8.5116425551697521        8.5402937395385798        8.4838956627004141        8.5483899812914874        8.5542586150897986        8.5008127504709279        8.5379855674959497        8.5644745546847165        8.5292920512204358        8.5047702762687276        8.5518574605193489        8.5141502993016633        8.5264371074757310        8.5261211353963162        8.5365882196341545        8.5006799199862240        8.5385250951181231        8.5203671103825354        8.5356405059886598        8.5399184478548360        8.5204302405684746        8.5472727093404881        8.5355066057576323        8.4904478554762495        8.5314508394586515        8.5360587232294627        8.5365317582162650        8.5294151710695481        8.5371862824371814        8.5242440218960702        8.5243846989263883        8.5247359283628494        8.0195242823858450        9.0353982912666027     
 NNPDF31_nnlo_as_0108                                                                                           1
   8.4394294817476272     
 NNPDF31_nnlo_as_0110                                                                                           1
   8.5593474300147481     
 NNPDF31_nnlo_as_0112                                                                                           1
   8.6968448681109560     
 NNPDF31_nnlo_as_0114                                                                                           1
   8.7277691713123762     
 NNPDF31_nnlo_as_0117                                                                                           1
   9.0542264623410826     
 NNPDF31_nnlo_as_0119                                                                                           1
   9.0375289763501669     
 NNPDF31_nnlo_as_0122                                                                                           1
   9.1429947468638613     
 NNPDF31_nnlo_as_0124                                                                                           1
   9.2708135777571243     
 NNPDF31_nlo_hessian_pdfas         103
   8.5253497938870488        8.5387903903174198        8.5482411035590964        8.5275663919455145        8.5475006359572827        8.5224049746169932        8.5277808949786618        8.5469310850057347        8.5815996738851190        8.5475205389355402        8.5612339865843943        8.5329380208058954        8.4937532284064741        8.5589128929516587        8.4756373702517251        8.5739485209197248        8.5380491820852367        8.5194527274306502        8.5009502022786343        8.5461587462060837        8.5680893043243831        8.4861747886292029        8.4977016189377093        8.4762137826453330        8.5380561690590042        8.5940156844948650        8.5513918670162781        8.4893884341722288        8.5684951161973490        8.5087384198568810        8.4938284729241822        8.4847493771708233        8.5635392086391402        8.4812078926991958        8.5531511746676419        8.4998688234905337        8.5745777970768735        8.5854118826557357        8.5799380678171708        8.4772361884185443        8.5244486586428447        8.5593627884290306        8.6013642260013690        8.6198601770857479        8.5841882553751070        8.6313074126295461        8.4635790550847059        8.4361823471514192        8.5253328708433767        8.5125616075992880        8.4315528569026892        8.4868232085925577        8.5418401217422932        8.5000270571021694        8.4479251960761541        8.5193373973314834        8.5230635611498915        8.5083664402506471        8.5047719027570619        8.5432018353213284        8.5389051196659782        8.5275605993700321        8.5595511175300913        8.5678206206704708        8.5442999430171405        8.5982252347518600        8.5646615314768901        8.4905007211078907        8.5047646894524007        8.5357638567197949        8.5211608733951358        8.4955557425010060        8.5900836293604765        8.5340362571945541        8.5571864086277003        8.4913914557375989        8.4830648766660204        8.5452488469564987        8.4939468866759427        8.5408471226328508        8.5187249432764336        8.4864137209287644        8.5202302712833031        8.5173633809972085        8.5308643341619099        8.5229835696948086        8.5171233239040269        8.5019192313728809        8.5302987683926315        8.5540965907234394        8.5281465507340393        8.5116671806064073        8.5268938612007972        8.5407580083612302        8.5428197936310024        8.5175038513388355        8.5253648209492692        8.5168188364244379        8.5333522067333636        8.5218499351037433        8.5531216603783395        8.4888829727238395        8.5662920346230091     
 CT14nnlo          57
   8.7822516387848673        8.5890767212948642        8.6694530101211917        8.9012419896680441        8.5763059380204982        8.5588598085185357        8.7803083687645653        8.7486487024282038        8.4642411116143244        8.8503216000460565        8.7275440828429929        8.3607972753986974        9.0618134262165970        8.7592826961502350        8.7841065502221500        8.7979067015143322        8.6897947553550647        8.7849919891729229        8.7688030027548596        8.8931805999079518        8.6691672461412583        8.7821670837539401        8.7816367741373575        8.8170251531777808        8.7397037969226137        8.8590036316676191        8.7176486143567029        8.8072014952420687        8.7394740488733742        8.8723686811077211        8.7213201098517903        8.7788916785399707        8.7778841417815698        8.9149788684613753        8.6489000861818575        8.8679481536638693        8.7004650548725007        8.8406141068310280        8.7122560482106124        7.5923161847278138        9.7291434941525008        8.6081304090594308        8.8822333198574821        8.8824678407774567        8.6348063164669355        8.9144824840025212        8.6639143299046086        8.9197752960694547        8.6789737678983432        8.7259498862187961        8.9272256434713988        8.8424335553856022        8.8535412592707434        8.9803350573846075        9.1292067413326183        8.9901745904655197        7.7623632672985927     
 CT14nnlo_as_0116                                                                                               1
   8.6197778278398207     
 CT14nnlo_as_0120                                                                                               1
   8.9132506624026764     
 CT14nlo          57
   8.4266534760217020        8.5329273256554110        8.4333385230475244        8.6434132988316570        8.2171955428918544        8.6394857864878176        8.3235647814029825        8.4389397064962370        8.4953662265539194        8.3882411313364802        8.3630527332381686        8.1882623784413830        8.6307620377564991        8.5508273654627001        8.2327944730315021        7.4197299850803375        9.4204714880817022        8.4496452068373795        8.3947818516702597        8.3512314157482646        8.5037851229703616        8.2907312743566042        8.6795501125831098        8.5195737514283945        8.3181995281899557        8.5294024419268446        8.3328451070264844        8.3631257088635245        8.4998871973306489        8.5054635809292964        8.3992482921205003        8.4645175633733629        8.3751150088732320        8.4179715440154776        8.4385999740823152        8.3988286944660135        8.4668556499727927        8.4982714220189148        8.2480239033782095        8.6338100017260757        8.1016714934334821        8.3845670963449930        8.5112622088187528        8.3324687742783006        8.5166608442145737        8.0198905888995426        8.6076963325161238        8.3468594078574583        8.2449878634972631        8.4216919571737918        8.0677951882783319        8.2824913867371830        8.3075897021344023        8.2669349300154629        8.4809615257813817        8.4416299223412317        7.7652176619001816     
 CT14nlo_as_0116                                                                                                1
   8.2681628453950875     
 CT14nlo_as_0120                                                                                                1
   8.5673946094525348     
 CT14lo                                                                                                         1
   6.6643992799216969     
 MMHT2014nlo68clas118          51
   8.8298212225697430        8.7972484017540857        8.8647063165034439        8.7729706019128102        8.8679529086818327        8.8091473844142687        8.8495729607030835        8.8203866289246857        8.8396931864055244        8.8222537174171780        8.8371733068109624        8.8155385222358724        8.8604294635509238        8.8319961054195577        8.8260421478483266        8.7977248659256517        8.8475028787554049        9.0429868315805404        8.5834208552119193        9.2206844461014086        8.4910627517403192        8.8250253521892663        8.8354666841117169        8.7826900089535318        8.8614699078048087        8.7761387354791616        8.8804680262142224        8.8367142279910773        8.8441038949223536        8.8372673675022444        8.8213135640640914        8.8363931906742756        8.8235903542205492        8.8298252112286768        8.8306748755041582        8.8286971813394466        8.8429501598564624        8.8984190667864755        8.7853709528209443        8.9222748747435237        8.7299099936541342        9.2226244235929435        8.2532665923060282        8.4790665084435908        8.8557238081207359        8.9302057423692069        8.5116229927287801        8.7961066175203921        8.8319770696235587        8.8451792897997858        8.8239923474658539     
 MMHT2014nnlo68cl          51
   8.7981161802835341        8.7606182929557708        8.8464751654156650        8.8034016553544951        8.7927079786765550        8.7075645273883744        8.8348278583941564        8.7830671143410424        8.8127517284888466        8.7999070808868964        8.7966515252894233        8.8251964287568150        8.7861761613338452        8.8075240941135764        8.7867353223402951        8.7922220694099469        8.8047315048275721        9.2606710155935534        8.5399310290435952        8.5479402150730426        9.1322623343129212        9.1794109706287070        8.5313515376620312        8.7478844986117501        8.8480574457657308        8.8112720974714378        8.7644741908841919        8.8195592373733351        8.7969725880001839        8.7893614863458787        8.8229211496361799        8.8000500638504633        8.7987818961641313        8.7978744750783768        8.8030673947104781        8.8145997026669320        8.7941758148274278        8.8269016828269518        8.7661976200118907        8.9162736472961743        8.7154440126259320        8.3786035094561537        9.3909264928282390        8.7684321029600927        8.9697020585592053        8.8999333135159411        8.6439305254015029        8.5781286857912491        8.8826083638335174        8.7034451603828646        8.8063073907989899     
 MMHT2014lo68cl                                                                                                 1
   7.3134238743113062     
 ABMP16als118_5_nnlo          30
   8.8121850108892676        8.8115945512822389        8.8116573377184295        8.7956187109809996        8.8132532721404573        8.8829706572769211        8.8434536898142362        8.7641985843001091        8.8290986434308696        8.7817640648995638        8.7835168200444880        8.8164262208827058        8.7894849964422246        8.8360144888316583        8.8085443270092192        8.8308252555308666        8.7967176694349085        8.8102798502324635        8.8201659252076041        8.8325964657844835        8.8019711315129836        8.8272459297434764        8.8041486181413298        8.8542291474323651        8.8426245656850764        8.8324426436586414        8.8142730345369635        8.8313843914370995        8.7566773108975831        8.7231763191017713     
 PDF4LHC15_nlo_100_pdfas         103
   8.2820401510601922        8.3345252476632599        8.2986281130291140        8.1855652518782431        8.3268810226590695        8.1753775810498546        8.3166647086951073        8.2956609308732396        8.5222496217575721        8.1738851185080748        8.1303505593869900        8.4283391196205812        8.2904079265680668        8.1308040609747021        8.5794298031903189        8.1282865616477959        8.6709989000012584        8.1650022717304829        8.1263467350005918        8.5028929739050323        8.5501509420044659        8.2000078667630962        8.1778653844198832        8.1150446476591753        8.2716694010074630        8.2869271311055783        8.2984880528274285        8.1704316398777816        8.1700635582668415        8.3274551235317382        8.2922804775043630        8.2704081265311000        8.2816327403437953        8.2312647888787698        8.3213673593631139        8.3205941841025073        8.2976705982820071        8.3010253194582599        8.2255608848092852        8.2558563854334430        8.2828334565164088        8.3178976608833519        8.2936035579210241        8.2672932993419508        8.3212274020700612        8.2853153115926386        8.3022045304245964        8.2427256642562501        8.2179384279933085        8.2721220111328186        8.2731588235900357        8.2354881656026535        8.2305245162643015        8.3044812566761372        8.2623693795929150        8.2405445089564786        8.2481078971542523        8.2602229919033334        8.2887196045180236        8.2925794223200100        8.2955772886515025        8.2621142612417486        8.2919974785530961        8.2635854331773952        8.2946073996760497        8.3025383001083561        8.2548597267255293        8.2893807335349514        8.3041276562489799        8.3051633525664101        8.2792292821054829        8.2545754119186956        8.3003924055166465        8.2778877597190270        8.3012353036863740        8.2834811965988688        8.2784829963623956        8.2728240188273912        8.2703769941576368        8.2892727661860093        8.2762110861050324        8.2757959376876258        8.2690905857393755        8.2792056864729808        8.2890986998219702        8.2805235550472762        8.2833413161880909        8.2818562696308984        8.2825436252628268        8.2784892547121309        8.2874765480460262        8.2857720208221153        8.2880500097402461        8.2790130081030462        8.2791226621009635        8.2871419019669617        8.2804869352244772        8.2812984302834067        8.2864180631049464        8.2896339669947245        8.2843378056457837        8.1624188530923156        8.4358636172300514     
 PDF4LHC15_nnlo_100_pdfas         103
   8.4733387747905802        8.6287709728489101        8.3996582360263226        8.5750090626301407        8.4379601903817569        8.4024465543630757        8.3674157066522987        8.2679371354754707        8.4504950336194113        8.5370818329582203        8.6461064830074328        8.2014630407883420        8.4508954472993523        8.5432203608254067        8.3546328491993567        8.5074814572469606        8.3026845843985342        8.7624494012685101        8.2156288295311697        8.5331118151944647        8.4410469882264003        8.5359986734097504        8.6942834681533192        8.7304071655813864        8.3819787127429386        8.4485009589888769        8.6545649246831271        8.3550581366591565        8.5202521763847869        8.5873073867530607        8.4751557703267490        8.5242377311124944        8.4006904948250494        8.5401833976332426        8.3867156027741760        8.5235153106687385        8.4431102087557210        8.5373023775894357        8.4571624974788850        8.4417145811120289        8.4406711811820507        8.4692358739703391        8.4712658514529213        8.4089495475872571        8.4886566769511980        8.4694854140143132        8.4118231064164313        8.4909047004066966        8.5142628550442279        8.4232487975483892        8.5197045415064068        8.5208347697698326        8.4526180390827435        8.4707751903132262        8.4639962361181098        8.4515825334356531        8.5304512070872551        8.4856312674109553        8.4871633004993559        8.4818682811676975        8.4979006680421438        8.4779935868042635        8.4645213397273160        8.4996720408428743        8.4485419026309376        8.4639272184901291        8.4582397352163294        8.4939883546779118        8.4600899922909800        8.4905280999968227        8.4708470864004664        8.4595535115805074        8.4729118792920879        8.4915005247086892        8.4664573026937795        8.4586247396541552        8.4569337293150397        8.4713590564210968        8.4952387042179875        8.4573877771430812        8.4760815449727680        8.4713825853661966        8.4807675398959006        8.4677063140662856        8.4750684562811323        8.4641711768805390        8.4770789325302314        8.4630936408764459        8.4701159209329315        8.4721521065651881        8.4646538739031367        8.4826834383829333        8.4710494963260903        8.4785078585174709        8.4686685964101240        8.4737394211397987        8.4730110485019825        8.4708702472746022        8.4746726136737536        8.4651792030374722        8.4709124172319967        8.3594543699363548        8.5628658835688753     
 PDF4LHC15_nlo_30_pdfas          33
   8.2819812306749689        8.2480340013568245        9.0630650211308943        8.2937662482568424        8.4858001945369530        8.3239879436786399        8.3181134566423474        8.2840991603899532        8.2688613964470701        8.2924704408478220        8.2547380723485375        8.2918117731401058        8.2513734427880010        8.2864162649073556        8.2659138260101575        8.3006026613505099        8.3232570545498863        8.2422734300657812        8.2511839348516691        8.2568224719878138        8.2792155064886401        8.3038493022805344        8.2916302515725953        8.2773559669064234        8.3055065500143215        8.2960443740564660        8.2294196583226231        8.3016049454250069        8.2678957557672792        8.2514200266440891        8.2831858833472456        8.1624188530923156        8.4358636172300514     
 PDF4LHC15_nnlo_30_pdfas          33
   8.4732731462687472        8.8138954070034128        8.3930271987827858        8.5135965629839756        8.3797732792804016        8.4812883839658237        8.5108130340943617        8.5039484825749092        8.5563527520680953        8.7681741973136376        8.3198208144374153        8.1924356641542158        8.4207896031096272        8.4892781995580204        8.5333797384828358        8.5274322399300910        8.5008786333651134        8.5272368297463270        8.5113174601786810        8.5014693660207215        8.4838208694498363        8.5612353465503688        8.2908447947727968        8.4649259513605450        8.3312882031800406        8.5380737292466069        8.5890332773205351        8.2929967096157178        8.3604246905153996        8.6013274109126048        8.4404688397019498        8.3594543699363548        8.5628658835688753     
 HERAPDF20_NLO_EIG          29
   8.8213981589452946        8.8404558702403051        8.8024444156809505        8.8017421983524819        8.8410366851667899        8.8419460800394436        8.8008858754826313        8.7937295459761025        8.8481155399405349        8.8905449309615499        8.7516571332174689        8.8272592270972776        8.8183606777911834        8.8200752365155566        8.8227021608478982        8.8007443321200594        8.8288514363503943        8.8047675838356625        8.8431908747644261        8.8190152571531950        8.8161130582073000        8.7441249955225295        8.8934837533037570        8.9539715510746944        8.6650296190604212        8.8281575549533748        8.8206499816105204        8.8860746353434319        8.7609808696995035     
 HERAPDF20_NLO_VAR          14
   8.8213981589452946        8.0258899953843077        9.6771582529029310        7.2959642308236194        8.4422412688472939        8.8191606558464066        8.8686577470248693        8.8262530250919262        8.8119590020610232        8.7514011778265690        8.8783253209211885        8.7936524895099275        8.8884326864399572        8.3339339625029734     
 HERAPDF20_NNLO_EIG          29
   8.8013728647538620        8.8186689130578788        8.7821209854777393        8.7734581051762017        8.8273169387125847        8.8084575795089624        8.7922568675682253        8.7526346155105372        8.8468286274892662        8.8365870033346141        8.7642018447026722        8.8479520394328386        8.7529659688641512        8.7795507270580231        8.8206929041404685        8.7870365102076953        8.7993090152391407        8.8241304897356887        8.7755628736955966        8.7962009253087565        8.8033947302141442        8.8458324013171321        8.7483001263013858        8.9474837488798773        8.6597134101285800        9.0626421847274123        8.5491106574313136        9.0215751449498196        8.5989892363733809     
 HERAPDF20_NNLO_VAR          14
   8.8013728647538620        8.0479493528679757        9.6313576385812993        7.3510377651431824        8.4596562968009383        9.1708714683658421        8.7697496119451976        8.7914502319957073        8.7337915483642590        8.9271148324542171        9.2350259403325037        9.0430456078158770        8.5592807276071046        8.7168844881493808     
 CT14qed_inc_proton          31
   8.3460426193193449        8.3423221301296628        8.3385977207478597        8.3348778087638706        8.3311564021741749        8.3274513443312390        8.3237338791150730        8.3200154361201761        8.3163012484357619        8.3126001013879733        8.3088677944011184        8.3051690818364001        8.3014401861697031        8.2977430456334513        8.2940319817178434        8.2903177027619464        8.2866101151481129        8.2829171156725643        8.2792046433515960        8.2755001824801422        8.2717905011523776        8.2680851247538563        8.2643968337207330        8.2606754998099667        8.2569874286444485        8.2532860493682847        8.2495806852656735        8.2458828102707908        8.2421978754228498        8.2384956499523998        8.2347997129922739     
 LUXqed17_plus_PDF4LHC15_nnlo_100         108
   8.4398276244987578        8.5926363659677634        8.3663101284080739        8.5408265835271191        8.4037137236750112        8.3685664279492986        8.3354104548454977        8.2367270943423669        8.4172164230751090        8.5030764891462844        8.6116111073311146        8.1709584927411321        8.4183481468921055        8.5099122783920720        8.3214453724633604        8.4717784829652345        8.2715958527730979        8.7274432997524549        8.1821692890513145        8.5009582461121891        8.4087431650008710        8.5018050169095805        8.6599912479856780        8.6973237925270297        8.3480632328360311        8.4136573231340677        8.6195362891252874        8.3233090978573205        8.4872673476421614        8.5530208028782244        8.4408050140574158        8.4920985400061344        8.3663289831622549        8.5057058346957106        8.3532751155137746        8.4892229218369852        8.4100414742725071        8.5037518873016342        8.4234282088305754        8.4074582042846568        8.4072944415856412        8.4356310737137754        8.4376374542733590        8.3762538269479858        8.4550793887486719        8.4361585312693101        8.3786970455022178        8.4573013182973735        8.4812170767935608        8.3893107668230957        8.4860540352307474        8.4870879360608615        8.4191250768490118        8.4370983041685896        8.4304948162787454        8.4186767872866000        8.4964195192324379        8.4523273824789591        8.4541036485686050        8.4486538989119726        8.4648658159625239        8.4446656266359490        8.4305315312915123        8.4658959078872282        8.4150392139874342        8.4298743255896582        8.4244618938852245        8.4603062878888515        8.4266735872082510        8.4569561712621990        8.4373948491929092        8.4260515303973769        8.4391039275429538        8.4579875898390089        8.4329010140800875        8.4251588771145354        8.4234737287831027        8.4376624677481615        8.4621647280816674        8.4238578789623748        8.4424601349192248        8.4382422894435063        8.4474856895927033        8.4342329943637377        8.4415466380483988        8.4307585940192524        8.4440673685507939        8.4294018903746011        8.4364687105419041        8.4385383195289556        8.4308993398154985        8.4490955592017514        8.4373745547596748        8.4451505517833692        8.4348862283776871        8.4403237241509963        8.4397605619856542        8.4373068960186401        8.4411003381852510        8.4316980243089983        8.4374442476071945        8.4398027846675223        8.4396736296398558        8.4398514888985456        8.4398560152884716        8.4398983617794769        8.4398377904438213        8.4397250704890983     
 NNPDF30_nlo_nf_5_pdfas         103
   7.6403916393700575        7.6774123302213377        8.2375624513353412        7.9993629134354816        7.7588415403393771        6.5372904798817482        7.5290299926428617        6.6567150965795490        7.5753894445309156        7.8415880342157598        7.3597936741885563        7.3280120962563267        7.4451370999680613        8.1619287651231875        7.0817593951075546        7.9296961521117906        7.9719582070357164        7.3647732242449742        8.1781264216345839        7.4496478032940114        7.3561844863318511        7.2755425325189291        7.6565811695898134        7.9918677296335687        7.1915859090066023        7.5490173449914462        8.0365972718935890        7.7193205837396341        7.2862076630950074        7.6638480294514402        7.8546277174063244        8.2955019611790259        7.1583090866692114        7.4873974373974708        8.0811311508187949        8.0255715976231929        8.4353336470768614        7.4254327989855451        7.7051507144145832        6.7462592422958076        7.5469062820042998        8.0801014393763957        8.0326599684343059        7.3010061777523667        8.1632193470563816        7.4547618606611321        8.0732933281300774        7.6316900925906319        7.5534540528846676        7.4291260756366775        7.9866107576807703        7.6218755163960719        7.6959132771024121        6.9107732339162995        7.8588967797088873        7.7322815225416086        7.7202818513808520        8.2142205170896094        7.6657405950999316        7.9849271666291823        7.6367025868993972        7.8481279389268659        7.6567048901400172        7.6743684480837571        8.6574963243197427        7.9680782158124330        7.8456085551920518        7.5490204999618689        7.6110639900614308        7.3105513126517474        7.7087064021149869        7.8035486202478106        7.4236148757260203        6.3056444895026829        7.7703718730693305        7.7661585451593567        7.2019298088194112        7.5426503897914197        7.9453243691279267        7.4172275097069367        7.6661401723326534        7.7675910253575378        7.0974740869796014        7.7934415579761120        7.6083986503362784        7.5868955729490759        7.2041301336245418        7.9135732600769311        7.3023333135055974        7.4399501532280050        7.2852436951383570        7.5412427638513613        7.6196979600012336        7.9421149389522947        7.6829823727286675        7.2387117351578745        7.2459520618535125        7.2527062638388369        7.8409938845077214        8.4012477852890814        8.1425576478178439        7.5908504759110942        7.7630835484218226     
 NNPDF30_nnlo_nf_5_pdfas                                                                                        1
   7.8259602641916626     
 NNPDF31_lo_as_0118                                                                                             1
   3.8222741059408691     
 NNPDF31_lo_as_0130                                                                                             1
   5.0919582499586138     
 NNPDF30_lo_as_0118                                                                                             1
   5.8266137198821202     
 NNPDF30_lo_as_0130                                                                                             1
   6.3796004623858966     
