   0.0000000000000000        0.0000000000000000        0.0000000000000000        0.0000000000000000        0.0000000000000000        0.0000000000000000        0.0000000000000000        0.0000000000000000        0.0000000000000000        0.0000000000000000        0.0000000000000000        0.0000000000000000        0.0000000000000000     
  0.11235156668968907       0.34099902605012689        5.3158670935632757E-002   2.8297422589939614E-002   1.4436543726657095E-002   2.5129035683381158E-002   7.7296264449346924E-002   2.9332676429776831E-002  0.49324445236103698        6.0780867599505850E-002  0.10529590636669076        6.4936114784446899E-002   2.8353967359223322E-002
  0.91677436142444002       0.73613853577966626       0.86504951871320823       0.65134321484294821       0.73099240592211312       0.70381665182765418       0.70880590782029951       0.71304903354057492       0.64069141367226867       0.63856930007879098       0.96362636477978358       0.90261829149561024       0.70211031729587881     
  0.13697861859679419       0.43033094691592721       0.10908547950571823        5.7675717709629967E-002   3.0179554127218788E-002   5.2210095063226804E-002  0.13758923499164266        5.9306630815973968E-002  0.60133290246558546       0.10843473296670796       0.19518881212476319       0.12463235161125484        5.7657116522625090E-002
  0.89166900276427430       0.92663776699682343       0.77296974838099453       0.75875981655994540       0.79085186282405184       0.71691580522305876       0.85577007029494911       0.64684191404662894       0.90655860828198176       0.88259300677052277       0.79937489922663851        1.1001162261790614       0.74127436630262078     
  0.15725356403839774       0.50883839996556424       0.15422344625305701        8.6863322182055322E-002   4.6777947837994903E-002   7.9899769143011584E-002  0.18326826505692867        8.8861716278111597E-002  0.70127589861385697       0.12661444570944624       0.23834498331430318       0.16720539020133049        8.7005501366952856E-002
  0.82860663412494795       0.97601174150439185       0.84322508810435004       0.73998935919767750       0.88866232461070505       0.84434021249438118       0.75920555923555888       0.66059823827080211       0.85785833085239871       0.60507099888072380       0.68382140347830345       0.76949941334732930       0.72873409403862699     
  0.17441710841764649       0.56476236901444188       0.19890387958990585       0.11599979335194900        6.3943764974879219E-002  0.10923329235160766       0.23085618623991402       0.11953373132647314       0.73498805661358113       0.14832241474409016       0.28183451069982890       0.21484290064128139       0.11826257439436567     
  0.64881064076055539        1.0171444540937522       0.92282735284156370       0.76039499801653132       0.70655736079100562       0.78937527339944336       0.71325629850802652       0.83076235885926542       0.75682667846065887       0.75849363865435515       0.80716279911673416       0.78441572411177862       0.72001521826787895     
  0.19118614624662061       0.58161938149875458       0.23429758535481074       0.14501022769547942        8.1329666365238709E-002  0.14310183891103967       0.27155815776934222       0.15225843082891313       0.74999659640790117       0.16349416823014037       0.30842657942225016       0.25869906430995138       0.14936994498927947     
  0.74741526586364193       0.63575593846803713       0.70613130379838029       0.76058111071178636       0.62730851067068660       0.82833903058444436       0.73748892615170425       0.67021064429475818       0.66622208166863550       0.74933744390353940       0.79040777931929540       0.76963993257288921       0.67400112684955338     
  0.20925330295459363       0.60890050233705872       0.27115604618450684       0.17559292200806009        9.8812426300710104E-002  0.17563114461990287       0.31377653836149366       0.18653638289911534       0.77259836859532893       0.17930172368787001       0.33739389865845809       0.30426919513754219       0.17752382142797027     
  0.74055585438048188       0.62527329489955707       0.80104502973879532       0.69206972218844021       0.74549333476764523       0.66427348227317884       0.75011431756190416       0.90891750588130937       0.69812096994289252       0.80198010239541695       0.78908529258436899       0.88786643290621992       0.61079046580746754     
  0.22795558837359808       0.63719819812228473       0.30353464794097479       0.20861452152861143       0.11711111412476104       0.20771802392730876       0.35341340692738771       0.22070380462873346       0.79379982453259035       0.19374010883015771       0.36421045763147675       0.34513309632753997       0.20714869127565688     
  0.66582655956786929       0.81247251926291186       0.76760146437379084       0.61802635602007938       0.74724502617957056       0.71944095111242790       0.77815942950663974       0.69409875925276532       0.79528772893061095       0.71956870716655341       0.74921403342459136       0.80201426404141796       0.71256401102485301     
  0.24732193986484499       0.66328418176929127       0.33839046323659699       0.24070427997952848       0.13598730906132406       0.24051278297962889       0.39131414784016977       0.25207851766234218       0.81290977542468390       0.20812927996186131       0.38856768878072578       0.38202211215901805       0.23630083644448049     
  0.85189191474285297       0.71634477000342611       0.76932400923806310       0.93907067908835451       0.73011848324488759       0.82392773461169810       0.60790160036284291       0.75492941630113175       0.78319555684077780       0.75412829527015734       0.77407546346515776       0.69436567132526228       0.78812912137501967     
  0.26634170793802003       0.68491591997311996       0.37489425793039333       0.27362800485998995       0.15608174419580548       0.27558406523473072       0.43121066041995926       0.28486910811394733       0.82695216546184591       0.22164358695123368       0.41372568504221652       0.41366696038996703       0.26922530454620808     
  0.78793447986806042       0.70017474180324790       0.85265226171500164       0.74909335964900525       0.78629412794067333       0.88465458665384678       0.74589273399502254       0.74813500477387629       0.68674983667080902       0.78445786809053486       0.75850858942095256       0.80820198055224834       0.74471787654537402     
  0.28594240901809520       0.70651263862771763       0.40971924121639447       0.30625987926998549       0.17927827253175108       0.31019183306591308       0.47140869854199929       0.31822505624762298       0.84202234357218764       0.23534597612140171       0.43908319955649466       0.44814409435966812       0.30198333527416621     
  0.80261341903110905       0.75804462639069892       0.67537528218771936       0.94917116067611640       0.71119827774656752       0.82606729178798166       0.77382954641637458       0.71469177140150197       0.75606870151574745       0.88042366133820227       0.82031669917279848       0.79269166908484234       0.90553083421411551     
  0.30623947524409217       0.72493263475853509       0.43945951705968289       0.33620404653313929       0.20533430090133301       0.34139122741968181       0.51042205459622925       0.34979457922937296       0.85599935011300121       0.24957868023474450       0.46916972616195834       0.47986277803578509       0.33695062827035277     
  0.72914756969759609       0.70026926974833925       0.73143013614443442       0.83563830950611562       0.76663020166595131       0.68027197159713615       0.82941456799604396       0.71199836838034314       0.72470426707184166       0.88812001022850207       0.81003445805727492       0.78561176331327531       0.81450650410112946     
  0.32628309062301214       0.74320869050151706       0.46769702339947716       0.36583052445131958       0.23304246967995160       0.37049195100886267       0.54548069592760584       0.38166276755493206       0.86857028258841895       0.26430763533637641       0.50038161710574158       0.51050372299116464       0.37380708684645164     
  0.69042821038823055       0.60694236874427221       0.73250979681040096       0.67741907881312080       0.89377656327070909       0.73615678184282463       0.75758546802445303       0.80487865915784118       0.76809264025104673       0.78248201911145143       0.75322501366913897       0.79734717670143729       0.75185195532036719     
  0.34668495975262825       0.75912684167515676       0.49559726496698842       0.39368519394075158       0.26211319112318449       0.39933727317686352       0.57853885971858510       0.41119229416866243       0.87877640455695105       0.27901951940035974       0.52891341765586197       0.54007767102639304       0.41033434846580391     
  0.78064715764971138       0.67584056605744769       0.66971611308551660       0.82574998145905543       0.70060347724908667       0.75031511474631885       0.74775900641619131       0.78437294153338921       0.76921446497698009       0.75106967879139375       0.77495023838188382       0.67996397233222294       0.79666765231000058     
  0.36870700325921452       0.77384388923065894       0.52499444926517058       0.42296119528166687       0.28986161157117635       0.42839135341717133       0.61081270523080300       0.44329596851533992       0.88853848022328552       0.29471750128816354       0.55692099804213224       0.57085779424962990       0.44489755517979063     
  0.73877535048280585       0.67123384995764379       0.78244664451259638       0.72003259090518434       0.74249423916106272       0.78506627167455267       0.79576984394724426       0.77623422534173014       0.81584473298299154       0.75047100457692140       0.66536430560024729       0.73166018253992315       0.70288198702510052     
  0.39007016021195928       0.78829666035840729       0.55312586156495758       0.44972729035014641       0.31680680541395045       0.45740243685243576       0.64284264448009287       0.47572736374226049       0.89690308502832827       0.30943741587582341       0.58576372071506710       0.60155720113287425       0.47765938172139633     
  0.82110692859451329       0.78923800322805693       0.67850848148622500       0.73174585353319632       0.75824309496130982       0.63804364459089080       0.72512954724972001       0.78051302268171796       0.62992456133400632       0.63535051169706924       0.70553923232919735       0.84231797144590248       0.83745522165171815     
  0.41221761597167678       0.80188930859498231       0.58221646199749688       0.47556160993337138       0.34353256310776242       0.48994085830949297       0.67431418369235385       0.50854775546948283       0.90597368496932240       0.32380334290421486       0.61354821319768493       0.62487781787841479       0.50713946933943943     
  0.77576528352045127       0.77270173576732470       0.80116541569929278       0.61467730485463101       0.74255238783519628       0.75012128326264049       0.69644647402273874       0.83337058310060219       0.71994262443192836       0.64650129087842301       0.78522887789780893       0.71880152429597932       0.73522471818407520     
  0.43454186095905906       0.81590261455740187       0.61041424267142608       0.50291332521430698       0.37446594569445113       0.52341407824945774       0.70664105510715791       0.53908146010688984       0.91364255107500014       0.33964433432447633       0.63830548547559840       0.65001989076207012       0.53645675179506558     
  0.77253055691496619       0.75304222564088974       0.66823130996899338       0.65131414310578462       0.72024255791109315       0.73551003987193719       0.71017106435993993       0.69490030375598000       0.70182098136449056       0.85513553544066301       0.74480375443581426       0.70223881022881718       0.73837195114500020     
  0.45801334168577651       0.82851688643440813       0.63931411621179257       0.53251803602564263       0.40630025692188748       0.55801539256045607       0.73620706085320131       0.57043946292591041       0.92160665635812988       0.35546644955956236       0.66264527326804978       0.66792577172088219       0.56552726627902039     
  0.63568058712892406       0.64020173312708673       0.66060227868500299       0.79830951495440061       0.77408394686089987       0.77211989143033233       0.81567071242029721       0.76710820031677085       0.77226477148696882       0.71187608839165717       0.70644003195891547       0.71094581147077907       0.71837022129867778     
  0.48069113222910820       0.84177609638256901       0.66480016091303862       0.56916998415328723       0.43918752457660204       0.59045847330946377       0.76598275419064954       0.59692649595597591       0.92755083817917494       0.37359333351309171       0.68687401474610155       0.68629630687202448       0.59211288283665087     
  0.74010107818777671       0.76353648744380831       0.65906268563606341       0.77016303646520012       0.72752798639425986       0.67314010047334971       0.79331671631695111       0.79051398757023106       0.66458620866588192       0.93051889438404822       0.67062141693745281       0.61447691615965772       0.72524348032349306     
  0.50413594897699743       0.85376605447918774       0.69195635007846090       0.60252814341335992       0.47073576501265230       0.62233624542236432       0.78845722757713443       0.62478304367197279       0.93406208553956893       0.39077492172924072       0.71561447749871288       0.70557591466195557       0.61888023750307319     
  0.66481702255812625       0.73058781916076809       0.84270550122823540       0.82529702943471295       0.77494136045952466       0.72981750946365331       0.68991587688703437       0.72707789023852376       0.79326558831190574       0.69162039910247253       0.78194911645275744       0.67808657259216332       0.68812935337415349     
  0.52194152844222663       0.86599198502426999       0.72053785398109305       0.63461269824589095       0.50517322410039600       0.65390158882278737       0.81023271838381605       0.65451190577225893       0.93951867162071823       0.41098610998850049       0.74174142657977615       0.72869017006456782       0.64724957495656688     
  0.68153272177184843       0.70306478740302947       0.74490803260129512       0.68116096027303241       0.72274305268290662       0.71506026025765579       0.84307138177129159       0.83475137250010123       0.68430775392824406       0.80867858229378642       0.76215470290179332       0.68484092992803258       0.64761170186029771     
  0.54427450099589259       0.87728632695104314       0.74927509861561159       0.66461526474992383       0.54195228458245059       0.68496029685827808       0.83131956604599611       0.68385478555326118       0.94502836261915757       0.43035259850527369       0.76452520201511387       0.75634598406839038       0.67556940283933664     
  0.62368442089876996       0.63929736902832057       0.73804557571818430       0.63207907276087905       0.71104689960795420       0.75096296334009482       0.75889227563186312       0.79225449373445689       0.68956760172637332       0.78962042251665943       0.62672552324843334       0.72693760098951365       0.82288256376449653     
  0.56642127077873283       0.88875757172172531       0.77768734972360887       0.69525881163043224       0.58018419178231884       0.71495947661589965       0.85458931463245646       0.71694551129331741       0.95023253736397773       0.45373398428362954       0.78691493693047487       0.78378483356038442       0.71115573120824049     
  0.68471297578061241       0.68083817132442137       0.73520513466082227       0.76981549655869308       0.76550735559881655       0.80625472774232343       0.90568073792891135       0.98138851169477359       0.68800358121461480       0.79466543674796486       0.67397098355928564       0.80667790406795348       0.91082126321725287     
  0.59396441481795237       0.89986155936653278       0.80478758379513893       0.72587089937643401       0.61759639737007943       0.74514909189434253       0.87611666081028905       0.75060604684946863       0.95602469397515955       0.47450127136588816       0.80994716098592734       0.80945651566378374       0.74498371820445608     
  0.69283033767661351       0.81070193434184334       0.82554998160844895       0.84122776884173156       0.68754718979325413       0.70090449305830871       0.74350290100718797       0.79269903680283305       0.78095330527425399       0.63336840874564604       0.74558824472318452       0.64629150520705414       0.66567815592197133     
  0.62631427719260913       0.91078924157556451       0.82960863411140384       0.75781496000114468       0.65238320219147838       0.77615314171887562       0.89829106885814070       0.78168954760554110       0.96154915262288099       0.49705816428825039       0.83450063472344693       0.83514250849388427       0.77694936297776074     
  0.75528750608047479       0.76502303570721919       0.71201670146687746       0.70128697922613337       0.73015792700402260       0.68653597512245756       0.78053034922144904       0.78328482958591861       0.72556593155890359       0.76404744427757676       0.79418577886353459       0.68394579768121011       0.65380739055657833     
  0.66558803727810589       0.92113792246712733       0.85452935472448766       0.79025234374258257       0.69023957537433267       0.80817961422979789       0.91766130421514525       0.81568856856132144       0.96640574379228572       0.51999018709633638       0.86017589219074431       0.85965738665648850       0.80993382567160510     
  0.76632446016249700       0.74822699291168682       0.64060095217439028       0.67406110679079045       0.69529286505953358       0.71553321891192223       0.68388892748888774       0.66780601730486178       0.64533044071382561       0.69540045996153721       0.68985394582388082       0.68514639488584073       0.70582190754130614     
  0.70820191226432561       0.93256644421455170       0.87894516975669179       0.82540430440211177       0.72884950274718274       0.84194779848329182       0.93342988616613409       0.84710574407561534       0.97123279802537466       0.54506952047607782       0.88537134400902140       0.88309996194107543       0.84379981136790438     
  0.80477155236847953       0.70313081488984397       0.67973683837665400       0.75388174145491649       0.78809826894137291       0.88863524858057630       0.70601706609053871       0.75567665813816565       0.76936739538770915       0.66282742595200472       0.85573790557550722       0.78199982699933324       0.73942904068100290     
  0.75262856799834066       0.94420490381093991       0.90127802405736390       0.86287884232012302       0.77121430247072431       0.87382856642977813       0.94760989883220548       0.88002517957214099       0.97602307578873970       0.57366950560211871       0.91046990344394096       0.90551006599175154       0.87625396721218529     
  0.73674761753859408       0.73003525496335264       0.78231894870997665       0.76001926012446253       0.64102244582818568       0.78311635956408610       0.62880466481254715       0.74431217015920093       0.77540073608307980       0.77178436358977964       0.73105532233937665       0.66499595738114392       0.73740725265814333     
  0.79770028121836889       0.95606174976432678       0.92157945071123615       0.89874439157791408       0.81799575945796754       0.90627331002965594       0.96193020337868829       0.91138550683083219       0.98088091602510130       0.60682542665067252       0.93324935673568798       0.92794515863262028       0.91138901806353700     
  0.84691615275430043       0.87891891884861717       0.76259600304476116       0.81732884289673036       0.85050510086151287       0.84100481969735741       0.69756500729864379       0.76666462992283879       0.81423731773792496       0.77082194200392917       0.77601310215604535       0.76734551796682071       0.82064272026752472     
  0.84262371822229631       0.96777581184347150       0.94704899897540851       0.93300857637797752       0.87188502010750468       0.93818669025142531       0.97535357501402697       0.94398430770535813       0.98598020567570821       0.67390628064087332       0.95702521185788103       0.95137330103372464       0.94445014108757464     
  0.71546483355631785       0.80429912084447208       0.76772147454036366       0.79278540504849737       0.75113775625064483       0.71513721909564387       0.78911450192195609       0.70796313205397876       0.83741519330947900       0.88439057522355857       0.71183725859027647       0.68304404361724691       0.94183568772402448     
  0.91566354133590988       0.98290205386257701       0.97343918036739141       0.96603627754956822       0.93291069789403969       0.97011547945359300       0.98815885958812477       0.97313734877875657       0.99203316178277967       0.74447953507740894       0.97885248919362255       0.97529544289974424       0.97318566753282187     
  0.81718105230531868       0.85616839328064054       0.81790180297102144       0.82046631296058881       0.86189623553809713       0.67504753886952173       0.85338191123912821       0.66098048961169120       0.89175492696587777       0.68656624467262284       0.61690655123266114       0.67923282292860243       0.89770344072845754     
   1.0000000000000000        1.0000000000000000        1.0000000000000000        1.0000000000000000        1.0000000000000000        1.0000000000000000        1.0000000000000000        1.0000000000000000        1.0000000000000000        1.0000000000000000        1.0000000000000000        1.0000000000000000        1.0000000000000000     
  0.75388507392678383       0.86820783750200226       0.69396679852887511       0.83018072705114798       0.80715091569434172       0.75741948439394791       0.70709849546511949       0.61742645079489000       0.91093911122734483       0.67087187226964617       0.78074153714525174       0.77991903594904799       0.75033990612586665     
   17.438180589914328        9.7312252949903026        16.568421216673730        16.844252997001060        15.005116612621917        16.687958745459564        42.118134834462957        14.469538257284905        13.518284282585153        15.097206482261541        18.278148267307159        14.003700487145331        17.072647256676923     
   18.165818034206044       0.69142775075752105        25.672152814390461        21.394582258030947        20.654633671951146        21.418260020595042        35.367751302928951        20.858480822437805        12.193855303885382        17.085815748451648        15.166450500122767        21.560313310201554        18.417831564040529     
   16.239444069807682        6.8595382495255439        14.604093627554342        20.845889604013625        11.235841890818554        17.150186015367254        28.966159865042517        11.324830747183855        8.2872145593614768        15.275223153274240        23.341656383779867        21.992303646357666        18.943278595209588     
   20.018213671810656        12.736326074914672        18.599066223074502        20.994016415824390        16.095427597401930        18.627351574481622        24.917267389500477        21.598089179038375        14.526223036515548        22.946712835922686        15.305948517972478        15.618181727681533        23.693845332506815     
   22.947848970834091        15.385700688642089        19.947957585076349        19.007318650645246        17.564018085708458        19.313120497166690        22.183038040197498        20.878074202057441        15.825222252110967        19.353130930406110        19.096368774361551        20.085062547714919        20.867934276806640     
   22.480305757982624        20.568963779141498        17.313064546625622        17.560320764517172        22.955132589030942        19.441002981448978        15.823315261895427        22.090979806344649        18.588728650521755        20.865070631317721        17.672644148831246        22.144136283367352        22.314868465853014     
   17.806968361925261        20.976517403401036        22.754404568903290        17.506996435316594        27.739049783943827        23.159329248138313        15.956620144062995        19.666458938667681        19.840600560853520        16.721338900834500        21.575919320816542        19.071431978060208        18.819195615317973     
   15.387626505280789        19.959068909138061        20.492064955173628        18.725750120613746        33.571841876164854        18.631215258236754        4.2290032417208643        22.370781500916419        19.355508574031855        32.269964093880546        20.953271876808941        18.932324376077840        16.798118827821231     
   2.2753575951883422E-003
           1           1           1           1           1           1           1           1           1           1           1           1           1
   6.7415240464447647E-004   4.1436365889590794E-004  -5.6719857068221959E-006   15.947068901331377        4.6822984332466603E-005   9.5016687101591834E-008
   9.4388910169849341E-006   8.2424221843650975E-006   3.9659075300817874E-006  0.43418733620356553        3.9616442900753934E-006   7.2857088037354373E-009
   1.7306847598354328E-002   18.093406505971085     
