   0.0000000000000000        0.0000000000000000        0.0000000000000000        0.0000000000000000        0.0000000000000000        0.0000000000000000        0.0000000000000000        0.0000000000000000        0.0000000000000000        0.0000000000000000        0.0000000000000000        0.0000000000000000        0.0000000000000000     
   2.6423242593877114E-002  0.23075179986778155       0.38898153141245495        2.0949627382968638E-002   3.5838174925822627E-002   6.8923866307640760E-002   2.9915525294708544E-002   3.5321776886218563E-002  0.46386057454182961        9.9839593652257891E-002  0.10886733711835579        2.1347912796181191E-002   3.0868637201033913E-002
   1.2787854821524114        1.3586430832710985        1.1846062053281803        1.1663169201801291        1.7607816468202100        1.9380432882039313        1.5781827126595052        1.4090399782611254        1.3743648401094823        1.0672294145320860        1.3500056474347315        1.4822869279428295        1.8208591083427628     
   5.5407687028978664E-002  0.32716207916009571       0.73109797540986698        3.9470495409270223E-002   6.6726025789810045E-002  0.13821224148148228        5.8797660960708945E-002   6.9360815754005295E-002  0.64260602726727845       0.16391070739252145       0.19678230320403969        4.4726724049209333E-002   6.4184892986211967E-002
   1.3478920340591705        2.1422047672131339        1.6653279099979605        1.3955787551438135        1.4746251249752174        1.2765108489470012        1.4652544971620070        1.6593251361381476        2.0350261704102177        1.6927250462951287        1.7772456556068661        1.5803567155870539        1.3315975127328645     
   8.4716771460708870E-002  0.36011475373745250       0.83721469944495697        5.7394326248340601E-002   9.7286991734040013E-002  0.21150061260519576        8.9168436447902608E-002  0.10127542686305038       0.68819382052651190       0.19335856560718701       0.22766524555066681        7.1438781178967292E-002   9.6440733917361937E-002
   1.5780512208169060        1.4730591217254871        1.6887127554503216        1.3323554422454584        1.4710188417403389        1.3990277071517858        1.3447744636270866        1.6373792095589632        1.5854405532386240        1.6962194056254787        1.7691777049844384        1.4232942313559998        1.3934343875257895     
  0.11336821503333182       0.39758434438488410       0.89460266968584079        7.8265015663943283E-002  0.13068761029033302       0.27218911922709660       0.12114018137954115       0.13227726651600966       0.73291237920141183       0.21200281561137629       0.25501532926349879        9.9843924181613433E-002  0.13012676067851178     
   1.5355963162188859        1.4779464834847142        1.5218705961722538        1.4067736047529333        1.3060121956877411        1.2308535691430234        1.4303064921810171        1.3880927341002915        1.6392906229560236        1.4284829602292575        1.2783808049777312        1.5845238604056013        1.4481984561701344     
  0.14249187679654637       0.43070037516407073       0.92235156271756902       0.10433335058963518       0.16437537291754123       0.33969097723489938       0.15408879734898792       0.16450027567806827       0.76554208446202698       0.23286227966415265       0.28447245096756957       0.13192618482280336       0.16601449030306786     
   1.2945781126407134        1.5439689251857491        1.2984838754612122        1.5592367440078361        1.3068018942682147        1.2566394592483687        1.6288685984168623        1.5660843097850832        1.4921686032916766        1.7740148348018654        1.4359652742393250        1.4997457960368645        1.4697267376865519     
  0.17332296887022605       0.46077458948986344       0.94481277278487874       0.13059022571713796       0.19651945713012531       0.39791659513464983       0.18650513041316458       0.19504942117669757       0.78799714762187434       0.24949417541286151       0.31272534015240733       0.16521056362880743       0.19966878237110111     
   1.4103354950837472        1.4507129100212228        1.6114765576216479        1.4421290975860608        1.6784411948746387        1.3191960399939107        1.4324239669363301        1.3398054646868154        1.1724422292698093        1.3933866402575292        1.4735548538540533        1.8593157167703755        1.2303543250803251     
  0.20507220696519290       0.48848553476147716       0.95580958609381872       0.15484845678257367       0.22775624107405240       0.45226371249366054       0.21869562450392094       0.22696429421668218       0.81112497442581755       0.26640890639212106       0.34328585291450753       0.20003324230377631       0.22977668598444340     
   1.2676200034910019        1.4023207972172167        1.3791019984258217        1.3620644232867940        1.3848644377585664        1.4986936476806529        1.6464453048581724        1.4236437878749950        1.4183943620085133        1.4113346355301701        1.7706765942805809        1.4697518805143293        1.5019924455098839     
  0.23363774962842546       0.51484907705825467       0.96585142259238965       0.17904601401424788       0.25954403461240200       0.50510080109502031       0.25040392933776767       0.26422995479631894       0.82793184607483772       0.28219855667122634       0.37313476290608472       0.23371847586274133       0.26228191595322914     
   1.3811360281234331        1.4514006396357479        1.6085338397377249        1.4878513376225631        1.5056700637837546        1.6414116867979751        1.5585550304315008        1.2594811396977663        1.3905069857197208        1.3845120187477780        1.3978069551776664        1.3788504559961279        1.5053683092920767     
  0.26068701310629111       0.54002933617193261       0.97276361340046424       0.20424645535216873       0.28855690925651900       0.55582470079262858       0.27924289330989749       0.29974242131728379       0.84410515177949774       0.29505878427511323       0.39910169936965700       0.26781582256124864       0.29663185121692731     
   1.2818054920436022        1.3041737921510355        1.2106920647357469        1.3431599499783988        1.2796034453356555        1.2835336554348653        1.3799148396003158        1.6544946768068391        1.3478100832989264        1.5545612979204297        1.5200843624333620        1.5262125165075160        1.4386949818083625     
  0.28931331160827067       0.56352302150466960       0.97793578038424156       0.22996415951799762       0.31814769228912559       0.60516544996662924       0.30927617551204972       0.33402620514915615       0.85877879381161470       0.31162583241377179       0.43246370430101677       0.30712613849726905       0.33270914248084577     
   1.3017123145562728        1.6872740878538748        1.3396576772890596        1.3809345170915881        1.6283151541324481        1.4613524231460295        1.4586978162103021        1.5322910230496074        1.4356308870321428        1.6549019437549086        1.7081590735573344        1.7319761992232949        1.5102650797008728     
  0.32204402857117642       0.58622631648547285       0.98216422984691287       0.25908141791003908       0.34606559130794690       0.64263609654964093       0.34017016453745341       0.36565540539895608       0.87223459907075573       0.32433513689728816       0.46546449958663527       0.34149290082316369       0.36868314000213614     
   1.6356444782268260        1.6618616264849273        1.3426258561070876        1.5968462387521352        1.3815570879515509        1.3595650305423845        1.2971840731748263        1.4549606232647943        1.3746995805322497        1.3496283889040004        1.6444128772019728        1.3335166890909151        1.6977116458098738     
  0.35510488194269429       0.60796336340996893       0.98542806761254098       0.29403133037735524       0.37543782138900217       0.68291750993576605       0.36982711919965644       0.39654096910130182       0.88493874916631066       0.33905776533512610       0.49610631038539221       0.38469586732190808       0.40067895512475682     
   1.2211855384677344        1.3981320068622742        1.2693055308122621        1.6717694347785328        1.5099638154171988        1.8867874978536237        1.5140666586905243        1.4559412594179617        1.6904452151515090        1.4456361998658975        1.6108801996565310        1.7572720302566394        1.3599788821676937     
  0.38609814597151165       0.62749611049153042       0.98784575978224154       0.32667582523773331       0.40540929230204509       0.71575807678531322       0.39833281129980469       0.43046643800376050       0.89541841818342682       0.35460243930057278       0.52645673333093845       0.42908898831669223       0.43106680276404929     
   1.2709160152781704        1.2387681321825241        1.3948081930894991        1.3839843632643987        1.2477906039214093        1.3190422535549209        1.5636088030256345        1.6941066837821468        1.3315826005008049        1.3037448602158455        1.2877060960449658        1.3761874649878740        1.3866889558932844     
  0.41780165814074288       0.64673021118682350       0.98992617053312404       0.36359654440971306       0.43506238340603748       0.75066850065559154       0.42753552487575103       0.46208063977115765       0.90476536688771292       0.36989633848628500       0.55653746373803903       0.46840971245028773       0.46045263696339306     
   1.3638193249086443        1.4480812058623111        1.2351756299753716        1.5166373370594575        1.3855533100708888        1.5363893627104039        1.3841777778430777        1.4276350117226151        1.2858237537267483        1.2745527280168374        1.3352752430124559        1.5700146519508196        1.2299413721485082     
  0.44985131183904864       0.66699543375450498       0.99167585987732698       0.39901743526022737       0.46658008248009453       0.78145938881815957       0.45755419775894779       0.49433163160875859       0.91322959430628192       0.38587665018690492       0.58628318350856801       0.50206919717779519       0.48274192264267868     
   1.3573946343891559        1.6937480780886269        1.3591425834607371        1.4912471477776277        1.3635637322358025        1.3278824086709948        1.2536244357088806        1.4003023910769217        1.2816884129064499        1.3744682539349733        1.4455921438353296        1.2227758467881154        1.3214513380062449     
  0.48496530759765860       0.68824683196129255       0.99307309139245337       0.43204039916459158       0.49774741719125448       0.80860033961487843       0.49131774324987326       0.52702466727885622       0.92147833010385471       0.40198290323823765       0.61384289461026420       0.53087695472643825       0.50721791166496755     
   1.6624140112825194        1.4368008134610559        1.2213444615535294        1.3029820702661088        1.3669241918233566        1.5453913167730446        1.4394603676978921        1.6024455076233597        1.3553540362550520        1.5301256850798186        1.5608525980933401        1.4496009775200027        1.6605560363303322     
  0.51456149009436825       0.70849943999986242       0.99416488180498441       0.46424856624080713       0.52839482706889163       0.83330454848424051       0.52550082573506318       0.55616510662137386       0.92981308433107257       0.41678635243758422       0.63935798078714767       0.56210580882802763       0.53346844606837285     
   1.3380499847704981        1.5218773139577266        1.5135644809510485        1.4287015172144550        1.6106200384016802        1.2336662084895684        1.4008306929734520        1.4016704565808209        1.4928918958276574        1.2442895897932711        1.3479207562397792        1.3785261630877272        1.5139435088071074     
  0.54179116588175169       0.72832600784728896       0.99506516029382097       0.49785033550273045       0.55793295873030735       0.85530278789865566       0.55796538548388142       0.58969694834561392       0.93672054907919611       0.43428222510671877       0.66244718438808137       0.59240481057113992       0.56085552410021711     
   1.4220682571278147        1.4037422272411060        1.3404234287758929        1.4983344285570110        1.6304104820920606        1.5166955740428265        1.2652452316360230        1.4545616278389424        1.5875279952327694        1.5004629403259546        1.4938275999613855        1.4477519501801914        1.4515065128688562     
  0.56928057440502600       0.74833036518176654       0.99591294392549368       0.53310365124216708       0.58746559866137393       0.87271713267190865       0.58954178924360012       0.62243057945763736       0.94370363237379273       0.45392733068808983       0.68552095757138809       0.62187191385454588       0.58935222060546033     
   1.5189507360631926        1.4084787106558416        1.4298681015661601        1.3923872087400511        1.5416940259616667        1.4515604723133180        1.3757237523730759        1.3089182018999044        1.4823823380023167        1.4638381110364844        1.3873981378251856        1.4468620712089582        1.5924040420620036     
  0.60231721145582295       0.76828394196584526       0.99667522123759433       0.57232838016121912       0.61683223126462317       0.88991700972868304       0.61880990453877527       0.64950670640845387       0.95038353269365106       0.47171639108920876       0.70901960517949469       0.65536970857279098       0.62101067795220000     
   1.5537606059760425        1.3958042850309360        1.3364681148443591        1.7838420745097725        1.4347351923588205        1.3596480890459184        1.5574708115760658        1.1549293705614077        1.5248144372876518        1.5395246672514002        1.6192168524462482        1.5067430612462478        1.3969023897957906     
  0.63565528228406387       0.78924705136908713       0.99731206782138337       0.61592462596734177       0.64738615047836634       0.90456553322481736       0.65027082860966579       0.67777572029416433       0.95620555472884483       0.48962188409471469       0.73411076966989364       0.68753491112722220       0.65567339104710698     
   1.4882318669983454        1.3979239576255598        1.4417745854740855        1.4881421396292080        1.4518309947679462        1.2036958990596283        1.4773183701993498        1.2348043151715740        1.3559269827192684        1.3516812816018380        1.4538225042347470        1.3459542090864873        1.4848187861870550     
  0.66678472288046675       0.80783228053342038       0.99778738573708314       0.65219453107392844       0.67709862156256384       0.91892471394615016       0.68255942858912422       0.71093951727462346       0.96140356784082637       0.50618031404666586       0.76149514122929518       0.71679421401810184       0.68846605829741658     
   1.4511737790316166        1.1525257598932097        1.3307492539109087        1.2940714379495919        1.5844471935823772        1.3237762693909443        1.5091358041369074        1.5098477497872063        1.3102906799060483        1.4666819946530667        1.1780995568038306        1.5260291287628860        1.5434207797962725     
  0.69912594076411072       0.82600650918332341       0.99822517422354695       0.69006022194288119       0.70923411409178327       0.93171170504798384       0.70779016626830937       0.74103981039806199       0.96636060758339648       0.52196646211848907       0.78740926513904297       0.74513397690716610       0.71914919340275019     
   1.5747483826900210        1.2991216386642068        1.5643739334420659        1.5066445160237885        1.4235180064945814        1.8117178464901198        1.1732595607924934        1.4698951326029346        1.3209378988174856        1.2818312514059862        1.3404309053881549        1.3601801763408057        1.2132960205955241     
  0.73017391703692980       0.84243535530721736       0.99857197419855248       0.73013178140020829       0.74310380809469501       0.94355984268502635       0.73780527410769237       0.77303751736234916       0.97123878711404832       0.53931943192434284       0.81431299043244620       0.77415262120840422       0.75130242690951132     
   1.5326659461288878        1.3170920215164719        1.3271516883150076        1.2842138038109250        1.3798379985523346        1.2768569974070962        1.2821610945447022        1.5126728261990683        1.5124912391072747        1.3496840808785922        1.4253514576304520        1.3437728555742572        1.2667387767396554     
  0.76094095929945005       0.85816890443651572       0.99886551426082248       0.76624827784030669       0.78042397443604039       0.95431637873239583       0.77028079046404541       0.80540167656463768       0.97479805825655641       0.55876502496216707       0.84257508209833831       0.80213317637889225       0.78589225851860645     
   1.4982088264467774        1.2597330170470857        1.3724943409243513        1.3220914137967767        1.4641759600155921        1.3593347246108871        1.3964704909336874        1.4154876492185144        1.1970370027685147        1.5074466244023732        1.2869829179572962        1.4880636442112054        1.5102876140130517     
  0.79153813157890851       0.87391265337000101       0.99913182013978086       0.80178450825434888       0.81565163882588965       0.96336799224290159       0.80461456267021425       0.83534428814246564       0.97822178854242414       0.58224145784959791       0.86609421200928027       0.83012690040867143       0.82027044776984992     
   1.5761029252677983        1.4341248210605175        1.5804106083707057        1.5203863475349457        1.3349852504184898        1.3644318270188465        1.5064109430134118        1.4561687273479818        1.5640918178165082        1.5986291893953952        1.1702584300892951        1.1735620268079301        1.4399202537461213     
  0.82507803088918152       0.89136645410497561       0.99935870577118258       0.83783600638992228       0.84688434225021703       0.97165224228760305       0.83762573896187908       0.86322822336398819       0.98189431607092359       0.60754763622990871       0.88927052753447033       0.85813495556338037       0.85211275606430514     
   1.5967312468522019        1.4214026169574592        1.9788122103644579        1.4370905021235796        1.3774564054478811        1.6878122292008237        1.7267272499474786        1.3119389782439634        1.4414680866211536        1.5315127170880154        1.3403563421431175        1.3969434043251721        1.5145540073379415     
  0.85758008153054699       0.91003168077134533       0.99951952972879676       0.87462367702740929       0.87746543955770717       0.97864935119189023       0.87242220523976877       0.89335196037036679       0.98561470176957000       0.63657888209977842       0.91643673164836781       0.88667218410830806       0.88203975146161651     
   1.3039294389695082        1.2364653877482339        1.5081259663764999        1.6832715680353105        1.3623779732220715        1.3662106674026426        1.4780749529188641        1.3568752814191400        1.5842977123400235        1.4981736906009615        1.4180046656506586        1.1370257653824780        1.3375446337097940     
  0.89530764812779307       0.93018936170044486       0.99963864400270597       0.90993920677788120       0.90956003567216692       0.98429654475800632       0.90600230678608584       0.92586986038741226       0.98947775310637220       0.66406614125328955       0.93674408610583626       0.91547449750308252       0.91171890350165619     
   1.4605500721775833        1.2506522385150463        1.2689810748493475        1.5022579004085992        1.3997634023634928        1.2563166920672770        1.3374377673735702        1.6376568249830679        1.4476081373414493        1.2834569306488510        1.2525557830595493        1.4577435759012731        1.2618932968199770     
  0.92760111941773959       0.95003963990641749       0.99974794404923384       0.94262313111827012       0.94160537518557819       0.98970092019101208       0.93947372730711842       0.95499566765792343       0.99234178833765463       0.70199784305267565       0.95808450278384283       0.94233706404565687       0.94186636021682468     
   1.5332687651850014        1.6589229257831146        1.5084189298631676        1.2934014729288232        1.3648620231667696        1.6731446839653479        1.4540013607403039        1.4426181687457091        1.3511332314582938        1.5075264465287779        1.3977720625125138        1.1196151636841900        1.4058208595217190     
  0.96325392725812153       0.97179083587707049       0.99985988026153738       0.97191492361310672       0.97001819310587889       0.99500830767152315       0.97168521273903774       0.97842833051599665       0.99572179891367874       0.80049901742756802       0.98017285416764866       0.97264573971586155       0.97242361014672796     
   1.6086796575564617        1.4499955202025270        1.6756306705096795        1.5157407487250887        1.3809145729555816        1.4154513237999500        1.4019028819259820        1.3116848733370436        1.5322784709801864        1.5477826957493872        1.4966726096671106        1.5285854798437906        1.5888697213840761     
   1.0000000000000000        1.0000000000000000        1.0000000000000000        1.0000000000000000        1.0000000000000000        1.0000000000000000        1.0000000000000000        1.0000000000000000        1.0000000000000000        1.0000000000000000        1.0000000000000000        1.0000000000000000        1.0000000000000000     
   1.5472509900953593        1.5656791105854184        1.8715921770890038        1.4016099605158283        1.3755968467661754        1.8541597997677353        1.4564694573307155        1.3188946285574383        1.3658522748963582        1.2597380658494157        1.3259002798231616        1.3945690023274551        1.3903111746022738     
   60.806894350479283       -88.014464425917737       -12.829796608126948        22.961642388349532        33.940064423578136        22.883200487054800        26.288343222422075        52.169891059704440        23.890012194290914        49.800150703070571        89.119837282118880        64.885602729881981        34.651326222911926     
   66.731129878058752        20.462063659526905       -16.868507494799523        46.714632862815265        37.275652050409974        19.693105817544879        32.259041077979944        36.308041255131862        10.173117764228911        39.331136122002349        71.727262871924495        83.471818697539931        27.815649676266894     
   48.814325220966531        65.150314914005065       -7.3090491798809865        59.121926973158594        48.597934974642897        76.458876190764812        39.918463878324751        33.604194594654068       -6.1595809988872503        68.308010648417365        58.071941881531650        48.908499171885651        27.902080452932996     
   44.213160835815117        47.609317955608830       -11.765227114618410        79.142569510705144        32.424399634096218        84.112137895219831        26.654384176209074        33.305782296009930        3.5621022417773860        64.617009931551721        47.270840501685733        34.301234965272428        9.8526031343926253     
   30.632247426635431        63.449357957274003       -12.306211740279132        74.875723037789911        52.269260501538604        57.192900507738464        77.569307707425381        61.007177971454595        9.5519607255843404        54.760127407835405        23.691760450080984        48.663499738528238        42.603991681699775     
   54.071832173312842        77.547064717536614       -9.7522942808326363        44.070212100383699        73.200907952169572        26.160893083178888        71.142716504309647        73.331312269476598        16.054473385258845        26.453349282172105        26.536402399831260        47.023809374196745        38.394160495363082     
   25.246094821829470        54.489260192040852        25.309256647709478        34.464161239288792        58.102824752816176        40.338648389178815        42.648265932525348        56.916054222073718        39.114474420018354        27.143503873713577        43.367334218028049        41.091761577795268        50.736605355909553     
   27.945753153635213        25.134231473978229        82.979158945120531        26.096949407128630        48.768089758856036        51.228490719647326        36.232175707327485        50.678995882449868        94.914141207562096        57.835369973791131        42.273319748431717        18.390578771314129        80.739432591025107     
   8.3515310409721888     
           1           1           1           1           1           1           1           1           1           1           1           1           1
   2.1677750840917929       0.42163755677456749       -2.1538149070252286E-002   40.929559312535844       0.18923550602406131        4.2338169651874569E-004
   3.6000273147164183E-002   3.4451826549607510E-002   1.1231533066591587E-002  0.65651872045932924        1.1205940542925390E-002   2.5766029851965718E-005
   3.2900407046237340E-002   54.575934615324137     
