 scale variations:
          -1           3           3
   43.378315315350292        31.549499916730191        62.410004646986586        43.258051253706867        31.461798911809378        62.237460829867821        42.853010982851437        31.167698489639289        61.653685944633970     
 pdf variations:
 NNPDF31_nnlo_hessian_pdfas         103
   43.378315315350292        43.322596696582629        43.448635328755671        43.383809895176192        43.552947110528201        43.386167290370842        43.234564620995819        43.277439923331983        43.283992186841488        43.668649203509034        43.195104523798193        43.238022975437957        43.637517919650143        43.358765197278075        43.785173140753699        43.582267838769923        43.661672760281874        43.204734158784319        43.342176709798544        43.407965625873153        43.534059844817243        43.496930705465999        43.601156333545518        43.268964425403986        43.365210570584196        43.587875987021185        43.222524477517204        43.338828535249647        43.429191182857245        43.320559635510591        42.949497305506263        43.646513695296385        43.624624850399712        43.496088325206230        43.257470599462209        43.769169209781701        43.536602471794858        43.245078108247355        43.567371274946289        43.280623210210898        43.389227765241252        43.345282545575792        43.399118634274174        43.408247551590684        43.448940305472178        43.378470177087529        43.404178220086294        43.280387153887339        43.533496811956169        43.368349636906053        43.460074587307645        43.453635305888028        43.329737335531931        43.396314318746171        43.453340268441416        43.380857489690946        43.317408009444833        43.406767085347141        43.487843179756446        43.371705206405927        43.382718072585810        43.406217875875157        43.396742299755736        43.259564606612528        43.180948664090593        43.460543638783378        43.451055752782665        43.335222111340272        43.411316547342480        43.444246684371265        43.331612248442148        43.286022031811477        43.406386146350897        43.410783372615988        43.363763645236062        43.430257448907810        43.289437438117581        43.348626436599417        43.421803641940514        43.329929132116028        43.457372073129271        43.397392648140034        43.370770490943599        43.374754206732746        43.371387406479116        43.343303818674748        43.448636591304833        43.311176331228914        43.350583439100085        43.338865987774057        43.279129781440489        43.328116868963889        43.351586992683444        43.384381704735667        43.399736855759969        43.340711011467910        43.405500451613328        43.413559747162090        43.373657166402779        43.419626035301214        43.385664271348546        41.356316184924502        45.425445918187037     
 NNPDF31_nnlo_as_0108                                                                                           1
   49.128019454940457     
 NNPDF31_nnlo_as_0110                                                                                           1
   48.335274132795142     
 NNPDF31_nnlo_as_0112                                                                                           1
   47.857419530689185     
 NNPDF31_nnlo_as_0114                                                                                           1
   47.325400564924962     
 NNPDF31_nnlo_as_0117                                                                                           1
   46.071809840016542     
 NNPDF31_nnlo_as_0119                                                                                           1
   45.696202562731692     
 NNPDF31_nnlo_as_0122                                                                                           1
   44.659437937932658     
 NNPDF31_nnlo_as_0124                                                                                           1
   44.096606331195105     
 NNPDF31_nlo_hessian_pdfas         103
   46.713405131782771        46.742649583930174        46.714098732477240        46.708249302165541        46.894321429119202        46.803994664035550        46.654583302002777        46.829404313747354        46.668397807176099        46.862104676132944        46.403101653130697        46.674564023524255        46.884498978220044        46.741206326446893        47.034704504825818        46.471323423525462        46.897121198568399        46.705186737231166        46.896662130452036        46.516847988305408        46.442346665864903        46.753285355587124        46.719100696745166        46.614342105794655        46.667278629922500        46.545720650037033        46.719891136019953        46.869247000355990        46.670135120067258        46.718148692106773        46.495429438413574        47.033941095951270        46.420733410478640        46.960199875088207        46.680664367175865        46.545810242128425        46.427893517395205        46.499280749956149        46.471274070415888        46.659399513318874        46.653693303378454        46.466133430702115        46.582240430618619        46.775530330396194        46.553596455843156        46.659434096464643        46.630973761797343        46.727445000007215        46.781002024699397        46.720142806324844        46.820937666771336        46.914214704667017        46.704214800473849        46.674283807539453        46.748318337299700        46.709392894449607        46.809283827236548        46.609232280714259        46.665182090100934        46.825445771624430        46.784614774305105        46.728020039950330        46.716299453209700        46.781717639757169        46.662750405674998        46.721036554502902        46.796762827941514        46.661069890933625        46.657458135857318        46.726458838457347        46.495592480412547        46.676756172705815        46.711504754121513        46.651123683247455        46.805694071630285        46.672051713788157        46.726869678444793        46.705943864110822        46.716981545606501        46.737773968238038        46.763339799387325        46.689665669286676        46.645951742456660        46.764732888506501        46.676233297651464        46.680892289646351        46.742146345801693        46.697764824629573        46.698805127175802        46.542892380895395        46.767535858263670        46.711952752615375        46.681908639668329        46.793881535737960        46.691666993840592        46.768213091335902        46.755683593286513        46.728367985609189        46.666182388778040        46.736088293415733        46.671678562536279        47.322438008038674        46.248068323607654     
 CT14nnlo          57
   43.703281482126179        43.010826034730883        43.252859980097625        43.016758109285242        43.538753571543850        42.972412826576132        43.103626632319617        43.014387930132955        43.435827848804117        44.127667472138938        43.298404692209061        43.924180329575847        43.047827877502222        43.246738073173468        44.228120636768480        43.940151124616243        42.790986890988343        43.982391905319616        43.375589007703546        44.293938044799361        43.108043194900389        43.603653833713665        43.758282689057850        43.557568292148581        43.850800651610150        44.288487769455536        43.225856844819489        43.272216528274335        44.416755549344188        43.347630645663465        43.915658279618761        44.013178679204209        43.178853214207855        43.679380341590239        43.710655394367919        44.160689677351051        43.262962151010029        44.315451419169136        43.007706910561318        45.388188137440856        42.163290404176863        43.919223773299073        43.688743504281241        44.428829427817817        42.658284366035538        43.837646575476406        43.449621450340807        44.430300428369208        43.209600955720042        43.873421145839934        43.702252139823500        43.635635031439264        44.125725064880754        43.401488232895936        43.367982972635410        42.951749848197068        45.059197484959455     
 CT14nnlo_as_0116                                                                                               1
   43.956904348815392     
 CT14nnlo_as_0120                                                                                               1
   43.428174328572162     
 CT14nlo          57
   43.628485021913121        43.906000657481364        43.644056178874870        43.409938611126847        43.217810996289025        43.841030866244488        43.642285108991793        44.393146176980252        43.090078276558600        42.984409755952043        43.937684415590724        43.311675180743066        43.947361867797774        42.877622861230243        43.763792787129390        45.115594215068718        41.992238213302088        44.388427311111776        42.758422442410911        43.994170863607138        43.210623302804258        43.701709011706171        43.398230560949600        43.506582442414427        43.687115769778771        43.260661729982189        43.877045747682722        43.611593929204751        43.627570036680893        43.174372441139965        43.786582438642938        43.224847771793655        44.134223128447083        43.437862901630616        44.040820383875129        43.326389086875210        43.998589082491321        43.766248053003061        43.202038551890105        42.968862901592011        43.861585492623163        43.421001781115990        43.994579447010970        44.020763042178821        43.344367371055135        42.983812282118720        42.975388629200921        42.641203387209821        43.233516980109272        42.541073239374974        43.323967745145374        43.283865171009467        42.893279826396231        43.151705832879813        43.726581222266233        43.134656856926547        44.659791061995733     
 CT14nlo_as_0116                                                                                                1
   43.880639454711520     
 CT14nlo_as_0120                                                                                                1
   43.327693678432354     
 CT14lo                                                                                                         1
   38.780897373833632     
 MMHT2014nlo68clas118          51
   44.186019726296784        43.957681029398458        44.431098547878094        44.078227207965597        44.260495083619958        44.073828524569457        44.291600193395162        44.085019216903042        44.298432840918252        43.974421001167237        44.394514238004319        44.135015232618827        44.300872459650172        44.084109648521903        44.368417682225491        44.182291630288987        44.188822842633947        43.976467079104843        44.435207769024288        43.930967007311999        44.408903591369025        44.323154000493936        44.011198762948183        43.990909905176814        44.321684404852896        44.018650034734740        44.348849259542789        44.275837806354858        44.164807666166794        44.344032834814428        44.005534826054564        44.438994535789405        43.919046250906334        43.953991596355749        44.422003247248455        44.274984332937407        44.006027744513972        44.137188698118493        44.257274506062274        44.101466746099177        44.275312644470176        43.526901367001123        45.105324417585578        44.688815604333946        43.778894975279734        43.954238056543034        44.807628533010345        44.549107028647121        43.300220540241355        44.159020371510621        44.099631613803076     
 MMHT2014nnlo68cl          51
   44.385784185212216        44.153976568190629        44.684583421681296        44.314173935799062        44.458466224982935        44.244408808290636        44.443565550662989        44.209914485032087        44.561285648073095        44.272543457415239        44.496947667940844        44.649918959471570        44.273333277617269        44.367203356209806        44.408625395696340        44.267324737966355        44.515334095088569        44.091613475328778        44.550329419323404        44.534846678669432        44.187091425381574        44.018586375440989        44.642784939021205        44.326620794923755        44.448734734012184        44.494242382279879        44.117428740866288        44.458415964940976        44.338281533031711        44.216716256119682        44.864382343991601        44.589731918005363        43.985416162024194        44.499186070687060        44.170798178296103        44.334898002338583        44.412614841358604        44.375270221984550        44.398557956017868        44.291234965044588        44.447981160633262        44.866224841623279        43.556487183049114        44.479127913681218        43.675327643949572        43.802589077194597        44.733456013450748        44.970263862606146        44.108647186639956        44.189295323401012        44.331691400073062     
 MMHT2014lo68cl                                                                                                 1
   38.574267919644647     
 ABMP16als118_5_nnlo          30
   43.972679514814359        43.972450669150675        43.925086847680348        44.096504023620625        43.973376374137231        44.010380730377825        43.886273700003848        44.096255240575260        43.821058742396168        44.008779619089978        44.017964338236737        43.904943187345467        43.989210613741783        44.032872685117589        43.883171862079202        44.042456440947888        43.913129641035049        43.985551778635340        43.892400016925485        44.048986510126710        43.898229330239893        43.869480708449672        43.883512549482440        43.855854322532593        44.005780801801208        43.979178122223026        44.074062353654966        43.856179358029515        44.257703747262902        43.670014614177575     
 PDF4LHC15_nlo_100_pdfas         103
   44.276763516354215        44.207303854288732        44.388332444907590        44.721382569077932        44.163526460757573        44.216753904802886        44.189363152073746        44.218542426192045        44.183122037812133        44.355185867144449        44.804264671203413        43.964837897902576        44.038138410866978        44.282839872896680        43.811149905509843        44.373939450060746        43.957247858676887        44.397661203483395        44.643776677907567        44.018858886431659        44.291173684302073        44.196660288582272        44.285044284878396        44.527928029945656        44.172746349230927        44.074654812341791        44.218093671300203        44.502464395614709        44.039140764827295        44.296994741479004        44.569325898845662        44.210182735511424        44.347482504554925        44.485165723269127        44.503266619929285        44.468728293831923        44.168888294403104        44.332014734954882        44.281633117397647        44.415447480708593        44.384960976110406        44.393732454986576        44.344533175268168        44.180902336133258        44.341844763904597        44.421297289321998        44.385272692393229        44.149563762560533        44.142658685325891        44.282213404984944        44.307862808600511        44.194933082312353        44.511429028989532        44.206446471371912        44.237458468418964        44.386412840734877        44.236393888531225        44.173375213369020        44.318918432076842        44.206936327144412        44.223283898430253        44.424234375722925        44.148025851972776        44.190127105410276        44.332637724908459        44.259575486691375        44.173178452047232        44.307688175389323        44.329836875535364        44.316368813099587        44.233966885931565        44.280843261524296        44.286634935703077        44.260778581378027        44.290135799274296        44.221320934855044        44.313012777442310        44.189500385469714        44.289902735366255        44.303270875885516        44.271325276069767        44.223540577357312        44.249125912583537        44.256343481505816        44.274772419470104        44.341960427631051        44.283048025833146        44.270063533033394        44.289824270713083        44.296810989889785        44.270245082413794        44.289346659282486        44.263049021036430        44.271684855489845        44.278078938216105        44.267568221528158        44.291991644797584        44.280698608309798        44.306930354533840        44.286860117855106        44.260357226749257        44.473064665173801        43.934207915469457     
 PDF4LHC15_nnlo_100_pdfas         103
   44.165647843728216        44.215186206915241        44.224868049887874        44.096465772096650        44.347815933075012        44.489562191194345        44.128139190834162        43.984613591071053        44.131564151716454        44.166554904591464        43.911037546978093        44.702650216210017        44.200462853586352        43.867599009976111        44.005549508563860        44.465253817933281        44.363467918884169        44.055724759151971        44.454718867971003        43.660977252950744        44.169550672921247        44.163821536817586        43.774430316835222        44.103696073373129        44.353679380668339        44.186353250072273        44.041865757734499        44.087693122784692        44.128900290922452        44.128189231707736        44.072250051133338        43.949739817621328        44.122589630667093        43.939304986546169        44.017405627595174        44.261754556090025        44.392888201012838        44.147604223851161        44.140468574386368        44.291993517187009        43.973917524077535        44.141229052031989        44.120654753202864        44.152970566373163        44.094654173734156        44.137807156332485        43.905158207064851        43.736112879163414        44.071980017677831        44.092086193786642        44.134444927895700        44.077102485041046        44.171592009996971        44.197890946291295        44.034458447686866        44.189065897988407        44.395273276908206        44.145977039362258        44.083343672758595        44.108899243787761        44.192950011409778        44.191950800406275        44.158682195205962        44.123582011539412        44.100179433925341        44.320064743881382        44.108072705217445        44.200403203686378        44.195947265524666        44.236189321553177        44.154431747624486        44.148913386433755        44.213801058286727        44.159833682283647        44.199490641963131        44.133096503522971        44.136948579856657        44.236997157265094        44.139255780146051        44.106302078339617        44.170856447053851        44.183417829662616        44.161674654916190        44.211150023374501        44.164173893089092        44.150178473356924        44.174787433376189        44.127671961693352        44.173613637159441        44.136046937544869        44.176028953114795        44.153845133567209        44.174797585051579        44.148898029726965        44.177033555966950        44.187969962563756        44.141738835099211        44.166643157969908        44.166265139385430        44.150702511695755        44.166204615518062        44.573690456147411        43.794347755255046     
 PDF4LHC15_nlo_30_pdfas          33
   44.276288128692336        44.824395508055218        43.525874848066778        44.210514841274822        44.286265559078302        44.766672183011700        44.430364030243922        44.298999519358844        44.312190761260133        44.288996598017739        44.332963023549453        44.080200522161832        44.234668660554561        44.240777352645686        43.962988383690288        44.255199679091930        44.270448596630565        44.299786681688410        44.200059181049994        44.274437004271427        44.751623645677505        44.192897925842203        44.270538986640851        44.297891538317138        44.292230028062910        44.196623526557453        44.325563525474863        43.815035048550747        44.594394897889927        44.276368222729765        44.294369349713797        44.473064665173801        43.934207915469457     
 PDF4LHC15_nnlo_30_pdfas          33
   44.165250217897963        44.049533747710029        44.739844190061419        44.154518734519272        43.995284183950368        43.875408632543071        44.210386603480558        44.084868584277849        44.230648171410500        43.674200942284777        43.949638325574014        44.587948037751843        44.241881742398476        44.260561934591401        44.023867084581923        44.366782609524286        44.175975409087940        44.328095492185035        44.161869957324953        44.303588528849268        44.101060838480478        44.027761249392249        44.671617325792447        44.191145441153310        44.069347303857214        44.240513324979517        43.502675719980957        44.180506686663044        44.272938293874958        44.123775326521674        44.431027290533812        44.573690456147411        43.794347755255046     
 HERAPDF20_NLO_EIG          29
   49.355811869788525        49.421578245928963        49.290170487228835        49.269377571624211        49.441943894363192        49.476731491544967        49.235238078270498        49.278629185233079        49.428922454878482        49.548518831236628        49.163122950950779        49.372706848607329        49.362455967300690        49.310267024005370        49.401848517917585        49.246749811933405        49.373313931427866        49.497372018751598        49.267162600357693        49.148407186698819        49.529997873381703        49.796896176842189        48.893180460491337        48.968037635615254        49.570781456065014        49.164317742682861        49.593071529507938        48.880825892314377        49.713988794617471     
 HERAPDF20_NLO_VAR          14
   49.355811869788525        49.885271081945248        48.709837428977522        49.957361481706840        48.911971669980581        49.434850145735282        48.994958255565500        49.198482232378616        49.520233421834760        48.986974777502020        49.733818434119556        49.504794912724293        49.588387940153829        52.686979652345570     
 HERAPDF20_NNLO_EIG          29
   46.400595899396315        46.462908086080681        46.355989315571605        46.295167372077835        46.523768855772872        46.469437357783484        46.349420243716196        46.288229205969316        46.526013264489613        46.488505235358879        46.331944444047870        46.509138354008854        46.310561500204123        46.323186747884733        46.492041538405843        46.304799844209221        46.407871013265094        46.332712761211624        46.483681898494936        46.430337781759469        46.391914397830512        45.835326351954095        46.954851680645383        46.016908954263634        46.810133253578726        46.095172698117416        46.612932589308336        46.040471770106770        46.680978428943376     
 HERAPDF20_NNLO_VAR          14
   46.400595899396315        46.957060381927178        45.720673652595373        47.080716623337707        45.972006830263481        45.619817114746830        46.429947542824948        46.282702537635053        46.675944967763535        45.766550768393643        46.102725347216150        45.951710834632742        47.387287932941746        47.394019861735224     
 CT14qed_inc_proton          31
   43.213356456637477        43.196251542521118        43.179436821961808        43.162740195254365        43.145545796192067        43.128826877511713        43.112150467620779        43.094962829880870        43.078240040051000        43.061092362309296        43.044384719193324        43.027668274339099        43.010519051902200        42.993820940992975        42.976650588036172        42.959955949516882        42.943253766717000        42.926121607576789        42.909427098627773        42.892625559872080        42.875598789190818        42.858891539944665        42.841772070616358        42.825046466660417        42.808252898456530        42.791213688518880        42.774537740210519        42.757381095483552        42.740731065356755        42.724068302155445        42.706917430587808     
 LUXqed17_plus_PDF4LHC15_nnlo_100         108
   43.777344443797901        43.819555946599642        43.834369753715656        43.709143236833576        43.956582077499171        44.098107548129377        43.745314639252783        43.603292052974552        43.744094794149717        43.778822740887627        43.523271484493577        44.317011514253224        43.814657480490709        43.484384236017583        43.617996844718405        44.065063190533394        43.980055602770157        43.665154660796254        44.062994527420294        43.282200089132907        43.786018067297356        43.772094445511797        43.388433288118136        43.716503550769097        43.960120291481253        43.793474014861744        43.649569734554213        43.705537887366383        43.743278792131505        43.737377161179786        43.682506716171993        43.567993678967099        43.732416363162258        43.550502289001535        43.629612284465161        43.871992435379454        44.003080987652112        43.759543104567250        43.751619792034020        43.900503325902903        43.587070381161524        43.751776016610030        43.731777275743326        43.767590374174738        43.706474074164035        43.749498177418957        43.520892133939732        43.350503838363430        43.685554412385557        43.704224877037689        43.747234688688330        43.689161513928326        43.782957576359323        43.809480828493918        43.648205746712797        43.801418585571888        44.002962283642404        43.757770637915044        43.697505302327116        43.721835440706357        43.805372637982835        43.803409071154910        43.769795456751822        43.734987359884585        43.712846042064534        43.930924500891201        43.719811544478830        43.811149192789770        43.808003621421491        43.846421929449654        43.765760133230408        43.761461462452097        43.824861793892303        43.770967170650728        43.811026628402310        43.745219012526896        43.750067949577300        43.848183187535675        43.751775993893183        43.717953153484686        43.781716885908189        43.796141358747889        43.773791910755264        43.822480363917393        43.775244164358419        43.762297569065218        43.787799906354195        43.739066696346690        43.784714104009034        43.747473279137196        43.787219150473405        43.764725606036507        43.785684519662773        43.761004686631196        43.787525782675651        43.799432884255175        43.754312101160650        43.778450768393178        43.777535754179389        43.762754817203458        43.778186562981425        43.777012409172308        43.775222409228405        43.777678876056257        43.777737257533609        43.778326047345395        43.777486724727275        43.775931072541717     
 NNPDF30_nlo_nf_5_pdfas         103
   44.918524690705823        40.483897343533961        43.753822528562281        44.868461187581374        45.353170488493184        40.830167337567680        44.315699213619055        46.648951536487964        45.644684818550665        45.439405813769213        44.391364031182107        41.892473471016451        45.489160124376419        46.843311460538509        44.121917489795365        44.902800660368641        45.196274839392139        44.483132452471878        44.033459385635894        45.324800744865499        47.260207981278455        45.561958736097488        45.007258178330872        47.424684158674481        46.716950587377937        45.387702528205764        45.942299748082526        44.856652217129863        44.754566611315205        45.030378691556599        46.626730573034088        46.124910645890147        44.579758784425614        45.611567785211221        44.713402278504169        46.949357135895390        45.782162815259206        45.995249370300890        45.774284597586792        42.932627069242969        45.627557258903643        43.554038803325312        44.046230794805304        45.816726372205160        44.205838404413910        44.912888140140673        43.636518014755453        43.569441872769602        44.766974634657423        45.954451412500987        45.039546826696800        45.042567685120297        44.747354526472101        45.964945680278987        45.414860064877338        45.235533249909999        43.548925349419413        45.120542189256248        44.140296079496274        45.461636231921297        45.901712975386104        44.932052652108403        44.487703315770858        44.164637888468953        41.922915935011126        45.405293533309369        45.818142470636104        47.773176174291144        44.780256673047326        45.326171156253338        45.398904353900271        45.160602437292006        44.728441404623133        41.558662969105882        45.257389211328586        43.723712133167297        44.548969877227918        45.159071299729213        45.133162245945037        44.539576124909104        46.393018447483634        44.975746265425123        45.541445568078160        44.786830939684904        44.817913884660996        44.070047889799916        43.381822720943198        44.101481494962869        44.481610986004718        45.370511264599919        45.169268904106268        45.393845620279521        47.009311052232022        44.897841323901602        43.178350506774450        42.445007115285399        45.722544654452626        45.709620681675148        46.605174978211146        45.637271706830326        43.861933485300909        45.097003926954159        44.603552644810897     
 NNPDF30_nnlo_nf_5_pdfas                                                                                        1
   44.234275726203272     
 NNPDF31_lo_as_0118                                                                                             1
   52.257403365112992     
 NNPDF31_lo_as_0130                                                                                             1
   48.673510272426057     
 NNPDF30_lo_as_0118                                                                                             1
   46.034114205083426     
 NNPDF30_lo_as_0130                                                                                             1
   43.575617019431292     
