 scale variations:
          -1           3           3
   16.293935165391900        12.004215769260236        23.481541071340356        17.110062022809142        12.606832005888961        24.655229247574034        15.273411555831730        11.251398116003015        22.012445171521300     
 pdf variations:
 NNPDF31_nnlo_hessian_pdfas         103
   16.293935165391900        16.302242792781882        16.309008425219147        16.297350539283961        16.355735834400132        16.306227998256055        16.283859027460043        16.279657166143373        16.268636811628387        16.383612089044096        16.233196509782079        16.243313337512177        16.350906804110508        16.273525982590304        16.459681534818113        16.321450442780577        16.406222589019155        16.251856671529197        16.247521448200377        16.328605487541292        16.311941234195977        16.401086728497077        16.336090820439242        16.168050956985081        16.265083863048986        16.336920818688217        16.133671345804267        16.309577966747032        16.334173232149997        16.138576688799674        16.225779977338771        16.320757317083938        16.286006973370327        16.312518339263985        16.303042959972426        16.239812079337220        16.276906163134079        16.281634649699761        16.285331012737270        16.287067195774583        16.254489472479026        16.329226949298562        16.274777017750459        16.304445938282935        16.285856188286509        16.335973085851411        16.361618590309845        16.330989125456263        16.306553295358963        16.242779039475220        16.228357120774575        16.302145628567278        16.258925011091673        16.294354973174801        16.285617135957359        16.276774121477818        16.307356337222938        16.307823183326981        16.316261690572084        16.252892975569967        16.329154475078372        16.285289263478546        16.301206322056181        16.295563877357203        16.318384703911171        16.298868659080696        16.273230041172852        16.297045644931284        16.308996512681450        16.318132386460601        16.275693221110799        16.288942011787409        16.296164520119202        16.323038320059933        16.286657917488331        16.295776844153252        16.306760759077413        16.284467475080639        16.289061863082321        16.290318268786567        16.291357831319175        16.292190652708467        16.294436155452608        16.276600547243433        16.304276376430948        16.299442753421911        16.311749118395191        16.289275104286400        16.316029805017767        16.291145024359011        16.281346705824319        16.301357612675989        16.295263366781043        16.299297503489573        16.289858989906957        16.303862091447350        16.289446510198875        16.299661105920912        16.289063646961875        16.295280201637144        16.296772807181355        15.202760159991753        17.458021135428400     
 NNPDF31_nnlo_as_0108                                                                                           1
   17.069377713173608     
 NNPDF31_nnlo_as_0110                                                                                           1
   17.080608675246044     
 NNPDF31_nnlo_as_0112                                                                                           1
   17.172798665930316     
 NNPDF31_nnlo_as_0114                                                                                           1
   17.244159810192112     
 NNPDF31_nnlo_as_0117                                                                                           1
   17.371440497489765     
 NNPDF31_nnlo_as_0119                                                                                           1
   17.395628702642362     
 NNPDF31_nnlo_as_0122                                                                                           1
   17.506506119795944     
 NNPDF31_nnlo_as_0124                                                                                           1
   17.575552315649283     
 NNPDF31_nlo_hessian_pdfas         103
   17.114340016160369        17.103957512881877        17.148891974479717        17.115578246119306        17.173554223493621        17.122629263954185        17.081693661697809        17.147139627704373        17.069093883342866        17.171475335353083        16.988493115566143        17.091829512458052        17.127427872417453        17.130620850205098        17.222600436146273        16.981369101515071        17.166034278619186        17.084068829628450        17.152326432654078        17.083743405795019        16.983160615935539        17.257809404311349        17.151077138715426        17.193143390566537        17.135157384250437        16.973769097851608        17.075540232728880        17.157722052050726        17.142326504208651        17.236958816026448        16.951758379536457        17.077140530791411        17.067424599896064        17.203800540017440        17.150315266298207        17.134012847240868        17.148539092475140        17.066127901356062        17.133837590727765        17.098486043481472        17.123711927525889        17.062906278025906        17.142912002786687        17.065157284631457        17.116337100746840        17.152259213823982        17.138493527157227        17.061145796291036        17.103515360376893        17.183972491928408        17.103276708769108        17.101921250942397        17.098520418382662        17.068063053442913        17.077090645804198        17.120987586708161        17.112897751594691        17.121194620780688        17.054728671375127        17.098733221884306        17.132206713019826        17.143918566792532        17.098962742813249        17.124504868962312        17.114451732839289        17.142736897744474        17.108207833853104        17.083176928173302        17.139922306313032        17.087435831781605        17.144935996250315        17.126064886047523        17.120550461069566        17.138278414000588        17.115490114880302        17.097600901988315        17.119086761888806        17.130554715342207        17.113390647198180        17.097468293052636        17.121866166297085        17.132382529303978        17.104018480650506        17.120066905019687        17.110733382607606        17.113912813405413        17.114084717475450        17.118124712442704        17.103369355636769        17.106015034399906        17.093375368320206        17.123624773933109        17.103713512557992        17.120537047725062        17.128501278907187        17.117737834906286        17.120598961873988        17.122460624761253        17.109443438969386        17.116163847964000        17.110098942595130        17.068852700709087        17.195243661322149     
 CT14nnlo          57
   16.930116224109366        16.885549184634808        16.715256201103237        16.925860621429642        16.890486549405242        16.916819830279156        16.935791950232399        16.959320407324952        16.607380638056419        16.906284332613048        16.958291018605905        16.986816357663344        16.698056309889630        16.729221641425315        16.974549209363172        16.936120141876572        16.804101249509198        16.861832841355600        17.017179431619727        16.887812052532016        16.961487651323338        16.839150262407330        16.983793493589463        16.839767750190305        17.029403288755752        16.792822868317799        17.045948136564924        16.903385697916050        16.974097685320174        16.703075288400772        17.070741236807539        17.048878018401183        16.740354983662446        17.228769658797159        16.651665692985624        17.159846263799885        16.754076804984567        17.300803619651788        16.515883771572284        17.368773594798878        16.459079373135591        16.841375231806090        17.040724464142805        16.868991084628110        16.857257293184908        16.996664965482655        16.950096642547496        16.452323247219855        17.456201937222232        17.193684850617704        16.863891688141962        17.102709518523447        16.903342135715953        16.761697504308945        16.618675996961507        16.497547034695927        17.510271745943310     
 CT14nnlo_as_0116                                                                                               1
   16.822090799980877     
 CT14nnlo_as_0120                                                                                               1
   17.047264145361012     
 CT14nlo          57
   16.456456457894774        16.479233974065981        16.640718261019394        16.476941309856105        16.494518770941994        16.387015719868778        16.686974040949881        16.287353466200621        16.876842838342434        16.194290986715195        16.858478970346109        16.693950625300001        16.349311912596846        16.218892774493000        16.491601299309234        16.685106727247778        16.077495664583033        16.871989622376589        15.983872152154705        16.693893085095485        16.192955582529390        16.545014052002362        16.263483056722443        16.530027941449685        16.373441668083096        16.537893942203976        16.395754788133399        16.482045528390110        16.415574873737185        16.276028308958498        16.518474958088834        16.399294018179230        16.528701414845109        16.567417276397428        16.212532474568075        16.298622502070174        16.639241204939985        16.444989236898738        16.388068966364973        16.222959284146260        16.527678798965901        16.667904912232988        16.253156804137664        16.536267351204305        16.328920615532560        16.405439649859620        16.316123732999440        16.381877602179479        16.364435863860031        16.400760894245124        16.344707162008667        16.289360313204760        16.412784103203290        16.406302881676787        16.355100005128769        16.156711539777870        16.858761329732307     
 CT14nlo_as_0116                                                                                                1
   16.364990538500429     
 CT14nlo_as_0120                                                                                                1
   16.528553125475081     
 CT14lo                                                                                                         1
   14.247394500783333     
 MMHT2014nlo68clas118          51
   15.668395461811871        15.633787889954007        15.705908720472655        15.593980411754670        15.718667785346973        15.627529766641999        15.707218160042650        15.657477639474513        15.679818984074373        15.610581696847417        15.724457101103283        15.660349308044097        15.686375613622943        15.625091585616760        15.745718906457597        15.689872638020148        15.656228549031500        15.762953105202945        15.557595166295076        15.645419438242296        15.687951335664035        15.689536979904075        15.641672271921060        15.927243233533188        15.497136175999469        15.664884512235840        15.652724584456639        15.740355346115569        15.634814056416319        15.763587277896253        15.555625695721607        15.773370906616254        15.551033003700400        15.603796907235138        15.735693015413457        15.624570880616256        15.773414005494905        15.605200753143551        15.728354288220400        15.673565549257480        15.658372761061415        15.449223024899922        15.851292117264915        15.776379656364854        15.532264838103774        15.585503700316623        15.873857071805077        15.663086801601114        15.576195776035000        15.613959838769821        15.677982977678214     
 MMHT2014nnlo68cl          51
   16.730531288933861        16.689925647051197        16.782609587625117        16.738763881531820        16.721998691128992        16.623613150830121        16.773488643809504        16.681711689673737        16.778504521923676        16.692167054962020        16.767314615477602        16.800999475037901        16.700148620386120        16.712142510569478        16.752672085820556        16.693192067178231        16.770589430750828        16.823137168799636        16.677527349648347        16.781623838987546        16.659170219280853        16.710100680237371        16.744419057604389        16.668553586288361        16.788999702862355        16.626202065707464        16.984568127915857        16.777801627697151        16.707163370911488        16.659217511095466        16.918230907728358        16.761960529964679        16.667066561262303        16.695206971855526        16.802154810278523        16.921185588870845        16.644259610511273        16.732294369202062        16.735254217881391        16.744920145042791        16.715093544885661        16.878698475054737        16.394401614967791        16.761085480302850        16.504197373419171        16.595578377021052        16.798925168298908        16.896337247767065        16.652498377882928        16.725481972254389        16.681926439796985     
 MMHT2014lo68cl                                                                                                 1
   12.857244120193460     
 ABMP16als118_5_nnlo          30
   17.544292913764270        17.543101333480450        17.516854103537419        17.588788056217595        17.544675251723621        17.567507957577117        17.499239376752094        17.579549032911746        17.454257989004720        17.516729206286929        17.557837853099919        17.496239361589147        17.567110582023233        17.573420578870500        17.502561436628081        17.567748727448027        17.559906873098591        17.529781300041847        17.487952009026856        17.520337473361593        17.451689617494363        17.515481858721135        17.526294456781656        17.531077859910727        17.586505393732736        17.565045158528420        17.446090927834387        17.492230191410489        17.536225320442721        17.452069833815880     
 PDF4LHC15_nlo_100_pdfas         103
   15.968689604384309        15.905693129030693        15.840723847576887        16.166094694263602        15.920874544802491        15.995148695435335        15.789002603952840        16.079436065389718        16.048576721546087        15.885997994383198        15.835651966303750        15.814098428503613        15.913835658811450        16.149311841184229        15.933379164832390        15.929697495494199        15.878189559565687        15.960333837058094        16.170387383617175        15.886829846706942        15.984492725387284        15.948496920527205        15.817912282067843        16.082634723163807        15.967109854575654        16.039596323578902        15.969647705786432        15.929355805640455        16.011603074422613        15.961076679181936        15.943931507934209        15.978017686557163        15.868773207734998        15.887671508310868        16.041597728920802        16.028308335578117        15.912545076991012        15.926563163252133        15.977123635135442        16.029023917243236        15.958981223450191        16.004060559507497        15.924559422828228        15.964724843486568        16.000859532746947        15.993404389246558        15.982723271818051        15.944054263543940        15.980488042321138        15.983041558947972        15.974559207231266        15.968161265742589        15.972897517496008        15.985655711618667        15.960817364759663        15.988555420876557        15.991563804510596        15.958211099856140        16.005415740912703        15.971490894913158        15.949805707834487        15.978496099245485        15.965935268415313        15.959122273819116        15.973914654412519        15.959236181366341        15.950070283724640        15.952916772653991        15.974938324655236        15.970614103113629        15.966251502710040        15.959633743080051        15.959700841702865        15.961881078952187        15.972708450764275        15.952639977185550        15.962952862541979        15.969697469291088        15.968086840839087        15.980063400471826        15.975232213435051        15.974400519204075        15.962039840355073        15.961255398109213        15.977587870063347        15.953903204480801        15.970773708196196        15.959576393598637        15.965882116019047        15.963815025266715        15.968290421689899        15.965576504309574        15.975661717243559        15.971500219521751        15.967882375606434        15.962236906055452        15.969646447845077        15.965538312714132        15.969695924212829        15.964954916676694        15.967099875139477        15.858604786690226        16.061585727180649     
 PDF4LHC15_nnlo_100_pdfas         103
   16.671118754653030        16.744924441679938        16.573898844144281        16.768079881308388        16.816568686776161        16.825491544113685        16.745248118858495        16.671923997037695        16.665586794828322        16.694623106696962        16.699998936158874        16.775541170886473        16.623328654525011        16.737876695259256        16.571321056229326        16.659300059270148        16.606378114321398        16.664215594334028        16.777165540262565        16.422146865645562        16.694091533900369        16.739476245968298        16.585497010053253        16.725796576467122        16.790652660322603        16.692401619928084        16.660986986735182        16.673873193369847        16.692581990869389        16.724735833086225        16.701114966618199        16.774461463059119        16.726456075210908        16.795630990263060        16.740033061774000        16.650425154272263        16.775201208577386        16.645039953762005        16.631964836917099        16.708453492643834        16.616709860368580        16.666758057301145        16.710635224649295        16.634827486909774        16.679018192335452        16.614074276849678        16.630440393106770        16.671597305077999        16.694620611773125        16.676598971219036        16.651059719807659        16.647920634595760        16.655174329828629        16.681131926457670        16.670169205277787        16.667761798464984        16.687626081155880        16.666095229653028        16.671885061296049        16.656241903544696        16.638499735600558        16.690944043528461        16.684665316555886        16.674501870710607        16.662588685010149        16.690922820346895        16.678811577536823        16.682212273826227        16.670160480978115        16.680857060986682        16.688352008159988        16.685094246082212        16.670985066168424        16.677733475495778        16.685013506711847        16.672526194356916        16.659743231046139        16.664850368718156        16.674881185357826        16.663212729559522        16.679021534147072        16.658632938865647        16.675758640627279        16.657711735141110        16.663168025592920        16.669737890653177        16.667695276945516        16.665789335648547        16.675915898385988        16.673426558444881        16.674106292457633        16.662677407291181        16.666669390183714        16.666420973435951        16.674477241124603        16.667497096716900        16.669420813046397        16.670800088312898        16.670197629912547        16.668256628964041        16.669486224364494        16.535163835191508        16.775319430493600     
 PDF4LHC15_nlo_30_pdfas          33
   15.968555824751434        15.821969008969985        15.728131807573009        15.962271880694775        16.352351099650168        15.988594367533144        15.935106527205374        15.969051404348216        16.005992149769476        16.019020062225191        15.970935320338775        15.872541651572298        16.074328035579267        15.955764985048823        15.905639001668053        15.997306152880602        15.996669183354554        15.920642103252717        15.971978029882244        16.021910348136146        16.103447727824804        15.918885153613376        15.925652873330110        15.988971570031801        15.905528095728844        15.975457306968355        15.963740111332193        16.003841594183640        15.946733509268022        15.945520061490829        15.989380537602553        15.858604786690226        16.061585727180649     
 PDF4LHC15_nnlo_30_pdfas          33
   16.671007689540602        16.710897447269865        16.743511605773229        16.667348381432404        16.321281748202026        16.576635286122006        16.677047751257486        16.652536253389464        16.676985910787053        16.552480503541723        16.638158717994266        16.712197372412646        16.670947155850293        16.662679638704009        16.649617551621350        16.685924149651111        16.658567767821207        16.591721324070438        16.682924922127448        16.700000276772286        16.418091819727785        16.682162634518026        16.731368254208800        16.678285436553718        16.673651459812977        16.682246458303123        16.679154384962473        16.710720637206887        16.699409493967117        16.658966171250121        16.868311629184685        16.535163835191508        16.775319430493600     
 HERAPDF20_NLO_EIG          29
   18.528391778059820        18.568487327715598        18.488530300107104        18.495030719694213        18.561724790822222        18.543817033573383        18.512833072834145        18.464248550905896        18.590261628675549        18.621417472166062        18.434976905791832        18.587790356306641        18.469124660141038        18.481043360331725        18.574981629078561        18.469924067404818        18.575673679201163        18.473314096154215        18.575375369959456        18.494863648460125        18.561819693692186        18.611820270143184        18.434797548433068        18.383271496120649        18.624029747079966        18.651489984969832        18.423761462908676        18.380773728999209        18.635400046697640     
 HERAPDF20_NLO_VAR          14
   18.528391778059820        18.763809653613389        18.242920756641595        18.797764920789056        18.332449161445421        18.638048375783356        18.426690591069523        18.498674253726143        18.561852555941265        18.363844606508362        18.694521612361534        18.530370298461822        18.697693497895923        18.729173282835241     
 HERAPDF20_NNLO_EIG          29
   18.933357487086873        18.975648955369273        18.901941852597417        18.901485368525783        18.976000595740878        18.938719245690631        18.938527280218935        18.841681666026499        19.032794105808129        19.014110240670110        18.862574316793676        18.952388938315412        18.924874633476673        18.867690867212243        19.009401550663956        18.903913259839342        18.967545971201453        18.959531644022452        18.915322460056096        18.960670989128552        18.916557544901330        18.777311799551843        19.089406851388123        18.973834449087580        18.910516943213409        18.807034643561892        19.039508242437176        18.815786060099310        19.019176457907928     
 HERAPDF20_NNLO_VAR          14
   18.933357487086873        19.201104212060393        18.579063986681302        19.235012744690735        18.710287557470046        18.972390853644349        18.663996761813877        18.909552945500202        19.028023723477450        18.517340826606681        19.049653403809589        18.587001451159352        19.365280375145954        18.656623466681491     
 CT14qed_inc_proton          31
   16.305233934519862        16.299791521702680        16.294345745186160        16.288871176286882        16.283415686858103        16.277986698924188        16.272541981369621        16.267064595436810        16.261623138328275        16.256178845783719        16.250698588844276        16.245351660402946        16.239903201343004        16.234485184545896        16.229007579385282        16.223568116013620        16.218140117924460        16.212713992963412        16.207236366737266        16.201798062838240        16.196373474437493        16.190951503983886        16.185557255119559        16.180134193873347        16.174701630171803        16.169249627766241        16.163804539499903        16.158398045112541        16.152964883493826        16.147503911070732        16.142070020329690     
 LUXqed17_plus_PDF4LHC15_nnlo_100         108
   16.616338351218879        16.686792906787250        16.518601956049594        16.713232707435228        16.760618622209641        16.769933224531165        16.692597313596369        16.619521885338855        16.610986625138818        16.640005590737253        16.644622754426567        16.723481364796925        16.570314949585722        16.684452751628449        16.516564105674028        16.600760283743210        16.554867965196021        16.608212304405562        16.721463340360049        16.369878675802116        16.641282457312141        16.683186530550575        16.530342578657326        16.672046627496844        16.734493629651197        16.635437363150245        16.604205988234710        16.621469330140748        16.638525029913026        16.668325865505942        16.644840197024919        16.721845602703130        16.670472652594448        16.739501855070039        16.684814601890604        16.594804440223442        16.720664750169071        16.590608494477713        16.576986548518850        16.652503834654127        16.561864335698694        16.611364781569687        16.655427457761601        16.581345085761122        16.624177457183539        16.559284516691775        16.576390484329913        16.616207075705930        16.640156152311459        16.621247483533619        16.596445955417334        16.593042792255197        16.600391753322075        16.626075982441346        16.615873506623551        16.613309599579086        16.631881779357837        16.611185460233418        16.617780870738713        16.602148296352432        16.584097386698524        16.636192986114747        16.629915912634424        16.619362306619156        16.608012069368751        16.635912700855219        16.623842943321087        16.627096037244744        16.615104579399464        16.625646648776613        16.633509396432416        16.630491414023126        16.616062943684824        16.622756090638291        16.630113624987839        16.617677618704960        16.605457289718071        16.610309254515535        16.620398503358441        16.608657294904742        16.623735718692693        16.604315755906434        16.621199589730182        16.603025350229334        16.608264524515242        16.615039400468021        16.613432851875761        16.610819440440199        16.620862139640487        16.618399760925136        16.619318318556854        16.607421389668232        16.611549420038784        16.611565888455953        16.619303177558052        16.612675549473032        16.614696958769866        16.616058619913904        16.615393641007540        16.613693991451672        16.614715072526536        16.616301868718274        16.616126849595034        16.616369739822449        16.616378177930414        16.616435184860364        16.616352240945542        16.616201271665616     
 NNPDF30_nlo_nf_5_pdfas         103
   15.788082897030403        15.338040867439327        15.850566792515261        16.756584955285085        16.419778980094840        15.475964127066378        15.839832983274805        15.814120324055962        15.362008811333720        15.807744563429312        15.321800754483096        15.418049833337067        15.892137889252078        16.066125382797495        15.934921242499678        15.688974830382424        15.489731062021614        15.567558555026107        15.082852780680680        15.588896008505433        15.420926021076800        16.489073365805734        15.515147086404458        16.372174347461936        16.423020634135970        15.852865224960828        15.982136702916515        15.414917809349584        15.752300680600923        15.712613800291320        15.786275234781618        16.090853736449809        15.671265318296197        15.633737751436982        16.139647585922422        16.032122048132194        15.763592873865408        15.348733779575362        14.758168656052883        15.856212180398900        15.988026111110576        16.085522643984078        15.890722527288956        15.983297465434026        15.587924294790973        16.082881841346595        15.891897070758295        15.242565038912399        15.827735102339181        15.777175713214124        16.319760691264559        15.809747191447535        15.806528927424196        15.860295171651211        16.204363968801324        16.034765474071005        15.744320156024685        16.186726035182804        16.252056125184492        15.818203508143924        15.771693600927811        15.688665084201242        15.745050102390131        15.985676148342156        14.520241087413819        16.024462007595485        15.856376603276342        15.537535356124012        15.923379752376114        15.331855367389494        15.605856115523432        15.953422950040588        15.472224785792072        15.007674267042358        16.674681163002251        15.826297683883169        15.819213187011176        15.900235925094604        15.694916834537814        15.375693529973422        16.011425443846356        16.279320884603738        16.292888100445886        15.405781892489594        16.057638102948719        15.690614954512018        15.577179228693449        15.943259254476352        16.219786322352576        15.583489020180872        16.097078892144825        15.629629981593075        15.582972270183159        15.659253439858000        15.727838357735116        15.323563026076990        15.706674367095832        15.824832053129809        16.191380168065081        15.957749843566072        15.238722689852748        15.753310811145875        15.834560701772400     
 NNPDF30_nnlo_nf_5_pdfas                                                                                        1
   16.351305818842913     
 NNPDF31_lo_as_0118                                                                                             1
   17.509687312549858     
 NNPDF31_lo_as_0130                                                                                             1
   17.109677696737212     
 NNPDF30_lo_as_0118                                                                                             1
   14.797634144565381     
 NNPDF30_lo_as_0130                                                                                             1
   15.730385333899955     
