 scale variations:
          -1           3           3
   6.0401191368607199        4.5660183620501744        8.1308291894835261        6.0557688548883899        4.6183246041832717        8.0331868130163997        6.0055826478325276        4.4922623248115059        8.2240550093589242     
 pdf variations:
 NNPDF31_nnlo_hessian_pdfas         103
   6.0401191368607199        6.0520487057755643        6.0142370344968521        6.0383623726117266        6.0197896408931566        6.0209676514591814        6.0393120935762612        6.0043300770598345        5.9856236771432023        5.9866354811973750        6.0391427334170791        5.9604607288387417        6.0175673023448963        6.0271766904711788        6.0131664465987953        6.1124580295021458        6.0625824483339157        6.0248532674706556        6.0391145648378579        5.9454932754325149        6.0239989271169794        6.0340145003524022        6.0846334276695258        5.9741428256287961        6.1931660144253202        6.0328539967897807        6.0858927269310081        6.1566275600692952        6.0830338095491818        5.8513085805462950        6.0533082019662992        5.9889602091690577        5.9814260591049546        5.9930951944024837        6.0748273945930862        5.9385851225997452        5.9972048320355658        6.1746062593746256        5.9935541569785427        6.0732714719039498        6.0384522312778222        6.0165436963431285        5.9681704704267213        6.0403904686637651        6.0580043096710616        6.0361723488666055        6.0774589987570948        6.0871135677852051        6.0117425588127507        6.0575611657183686        6.0577831821623125        6.0100576138800568        6.0659382674120623        6.0336612903594844        6.0158928204642610        6.0004022797409196        6.0210504745982041        6.0463859933897490        6.0076281511401577        6.0658990397471308        6.0633060999721078        6.0342155004672771        6.0491057634673995        6.0435973955036637        6.0237711591044327        6.0380825113371008        6.0635731657004115        6.0253548742120415        6.0490471966958772        6.0465546706195754        6.0369012835679827        6.0372163328822808        6.0481091544507271        6.0157816859860631        6.0460831110448527        6.0562379335077452        6.0253237148401135        6.0397588240832079        6.0349184349466576        6.0472565593669652        6.0734012458696336        6.0394116961054403        6.0414108599955627        6.0254434547897100        6.0346329760566109        6.0315404469264058        6.0487426241657367        6.0301469890971440        6.0224644953172159        6.0367657298820436        6.0291558759868176        6.0369954638153800        6.0262659715664331        6.0280975019371770        6.0429713384553114        6.0428508501959968        6.0433027469573641        6.0511423169016778        6.0517248133159329        6.0499286293089085        6.0495887500974321        5.6842033063466681        6.4151883671923695     
 NNPDF31_nnlo_as_0108                                                                                           1
   6.0873814762502860     
 NNPDF31_nnlo_as_0110                                                                                           1
   6.1101108753242972     
 NNPDF31_nnlo_as_0112                                                                                           1
   6.2451045537966241     
 NNPDF31_nnlo_as_0114                                                                                           1
   6.3156659954278327     
 NNPDF31_nnlo_as_0117                                                                                           1
   6.4739655396571667     
 NNPDF31_nnlo_as_0119                                                                                           1
   6.3453709816618993     
 NNPDF31_nnlo_as_0122                                                                                           1
   6.4848229357492988     
 NNPDF31_nnlo_as_0124                                                                                           1
   6.3900613254267071     
 NNPDF31_nlo_hessian_pdfas         103
   6.1760981486674904        6.1729090941062008        6.1980839195713440        6.1850552238247936        6.1436901207719039        6.2186299116567936        6.1550441923208865        6.2517528664032973        6.2692489542043512        6.2308420837597867        6.1939107367341704        6.1350547480610285        6.1656189963994503        6.2207238281828179        6.1497030441496676        6.1853581715612087        6.2634491610999907        6.1637806448381314        6.1958370079918526        6.1647736320546933        6.1317012441524321        6.2091806174033373        6.1681664731839625        6.1212427717890465        6.2470499633384859        6.1536496028488612        6.2161691997252735        6.0735893400480059        6.2195588150829337        6.2243467798672230        5.9383880047025546        6.0809662895767911        6.2923708406181218        6.1688781730600857        6.1489204602978580        6.2873100584613297        6.2651540071318834        6.1493319560166766        6.2421907605312210        6.2126534706393874        6.1923056037599382        6.2845183676928471        6.1381338242486310        6.1025158132527677        6.2220072304330714        6.1804063316899551        6.2324920033883879        6.1875626061967619        6.1737094436074651        6.1453755286737373        6.1530941789482680        6.1759138958263380        6.1567624727366654        6.1584214337155947        6.1508680534563798        6.1746395710466864        6.1369099802019758        6.2027590067584626        6.2203075417783715        6.1830461160608223        6.1602894605204552        6.1608699005496286        6.1756872213840390        6.1721715392852943        6.1595738881292501        6.1580654763733698        6.1963603475079498        6.1533551393118806        6.1546189598909935        6.1896820916894750        6.1452076376315405        6.1738486799904724        6.1534686163778609        6.1900230444876962        6.1948147529074076        6.1930547071163167        6.1852137520876678        6.1784846072450890        6.1569762837500761        6.1830054432812638        6.1915963668430738        6.1502337465921775        6.1627192780858540        6.1802250383996400        6.1899060705322215        6.1758763467924362        6.1782639294761834        6.1799578177861969        6.1694946939679589        6.1467965376887364        6.1748202303078532        6.1745317215618201        6.1803498505659569        6.1877546013507825        6.1676204724350301        6.1758834616410310        6.1759602475909912        6.1751137020122187        6.1659857262634237        6.1715495640083278        6.1699181665672382        6.0768841210590985        6.2160085991580001     
 CT14nnlo          57
   6.4209444731304766        6.3988430516865185        6.4427477530577795        6.4845637438522177        6.4508384446477596        6.5483232590220561        6.4369980712435781        6.6742282145103209        6.3989962379638401        6.7584773215273426        6.1984279497773205        6.4060649303053196        6.4171882713072579        6.4008401696283341        6.3137925646015471        6.4542191829647857        6.3230674650198884        6.3141283252549263        6.5265509504710089        6.3060631072176436        6.5113439971449312        6.4997205959730033        6.3740765291101571        6.3161813508119158        6.5358903295093729        6.4906603600347967        6.3604319295765563        6.4739302976672217        6.3252486264449361        6.2910599018522362        6.5021146104152212        6.4270740928397530        6.4085306485811540        6.6181020659254504        6.2338174345412218        6.3856212559998555        6.4545549443363548        6.5986199623160298        6.2190631940530370        6.4264463035649086        6.3943953815706047        6.4595781485401735        6.3997795384027061        6.4649720305817207        6.3271427635663908        6.6447562489383101        6.3596089580218083        6.4258153681444172        6.4700036118900330        6.3195706311071103        6.6860669813241120        6.2464377985489508        6.7595331052361729        6.8027639029815976        6.9106211393431680        6.5199415893172352        6.3940578417185581     
 CT14nnlo_as_0116                                                                                               1
   6.3529099042833987     
 CT14nnlo_as_0120                                                                                               1
   6.4765367788003276     
 CT14nlo          57
   6.2369514576849658        6.5404043628376565        5.9844463324975887        6.3453077391153609        6.2367468281169325        6.3162113426066417        6.2010120561519813        6.3331235953503082        6.2449293789427021        6.3007834447142628        6.0840598705780691        6.3992514592658374        6.1458805567243227        5.8699374716689476        6.5012719066194169        6.1513465029925118        6.2665532088563261        6.3795149374270075        6.0794828208434657        6.3057486400671943        6.1637797007987043        6.2407699472731544        6.2264222657644481        6.4490800958336623        6.0757538372311259        6.2454154819980596        6.2381975846788587        6.0647151098317025        6.4773933490591080        6.2212070073151633        6.2433180955049208        6.1979565098804645        6.2871123056151648        6.2187155809820531        6.2780205232792250        6.3279861471259933        6.1608451674469471        6.2290792448013317        6.2345397818557906        6.2048090495139805        6.2481919753307160        6.3902646381625763        6.1693788261273239        6.0935960549264125        6.3579998967248486        6.2590153277936373        6.2419843128331571        6.2853374897004581        6.3619646661619891        6.2541910607935005        6.3078235825187958        6.2157201988099802        6.2397461392091209        6.1210576112696833        6.1916947948241141        6.2855578200294149        6.2140234191080239     
 CT14nlo_as_0116                                                                                                1
   6.1727990200463037     
 CT14nlo_as_0120                                                                                                1
   6.2804850477554393     
 CT14lo                                                                                                         1
   4.8279278617825838     
 MMHT2014nlo68clas118          51
   5.4585698699227843        5.4625126778970339        5.4549611175645989        5.4353229047578226        5.4747684607377085        5.4710486512585392        5.4469641507610431        5.4455996058749649        5.4733080269643510        5.4834393616861536        5.4350962776657630        5.4577866900403285        5.4599689611852771        5.4693837706751474        5.4401629022906626        5.4991592876670730        5.4359859568074667        5.4775119641080616        5.4373162741247834        5.4856705078275025        5.4361547801248813        5.5683824672850299        5.3128776293737223        5.6418214685675254        5.3391993204177615        5.4503040699152976        5.4646019766994947        5.3910042596091508        5.4851500284478725        5.5477104283951952        5.3536824500976685        5.5195326474369697        5.3897088652151650        5.4808301349196773        5.4416833276809955        5.4580687868458257        5.4566624278172506        5.4711878029379912        5.4391159672182301        5.4488483777893562        5.4693446604844027        5.3312950703292969        5.5478097548937138        5.4821667928187710        5.4103430230937635        5.4308970094109457        5.5233446560393196        5.3973428591067005        5.4745067566990739        5.4534869960413603        5.4366656419827297     
 MMHT2014nnlo68cl          51
   6.1834889737310812        6.1851193560430353        6.1815352691826204        6.2118210847269095        6.1564101099231019        6.1507122137053276        6.1962025939510825        6.1730982130247138        6.1939544340601138        6.2009040198537999        6.1670132460543599        6.1574818007458063        6.1943151962177483        6.1763471034065276        6.1921720334660906        6.1965954881149692        6.1692455520347877        6.3006167717443109        6.1176368034223714        6.1168452302880265        6.2742805402260160        6.0841286549131723        6.2511133850413456        6.1020947356378894        6.2611814684333922        6.1310177918095121        6.3151401798817695        6.1129989565116958        6.2230135533547353        6.1341868791277481        6.3161002646454714        6.1651076668562679        6.2136862077847308        6.1582239622459989        6.2345570805229000        6.2141286079496805        6.1624299871314525        6.2375080229344144        6.0378784788068476        6.1737853324619021        6.1892700819222268        6.2660468721188201        5.9983827513717092        6.1817401346317826        6.1395805876368978        6.1198399216171531        6.2040218818268524        6.1865348994019200        6.1787640969926354        6.1934003719949713        6.1559350785103240     
 MMHT2014lo68cl                                                                                                 1
   4.6009933485045806     
 ABMP16als118_5_nnlo          30
   5.9673424201833303        5.9668886220473993        5.9681087725028590        5.9653195021902512        5.9673599851999759        5.9663229213702405        5.9572722123208104        5.9688419443082035        5.9758007071465782        5.9337816875575191        5.9793723523705529        5.9772351840783298        5.9933452784366965        5.9676613002528427        5.9642296616891963        5.9371847664430106        5.9428798334545387        5.9575401222163080        5.9715610068274962        5.9982132531737014        5.9063557379453426        5.9298986005498939        5.9847792765314933        6.0912762721999503        6.0212000225398574        5.9721690107182033        5.9648122790651854        6.1249613047711220        5.7858794935079843        5.8923065501957828     
 PDF4LHC15_nlo_100_pdfas         103
   5.9075758451763969        5.8356956452578101        5.8445396698183272        5.8829224772908786        5.8961621207214767        5.9619790432901381        5.8155897455078556        5.9450675898388736        5.9131323200789616        5.9169748852002577        5.8447426118056915        5.8027268828366987        5.8452179669518509        5.9725873391437192        5.8588319172069969        5.8628373088074746        5.8383635996754615        5.8323004841471748        6.0549557192787384        5.8503370288794709        5.8956600410493616        6.0032852933340779        5.9293933561288990        5.9457337556516352        5.8840255918352140        6.1268033941821889        5.9477904275486235        5.8137981887574073        5.9546354511392545        5.8812146848750766        5.7648661840206827        5.8935858639147760        5.9739004380472203        5.8560596060369710        5.8557143178705502        5.8955120865610446        5.8969697738679931        5.9329798387538801        5.8397030238799150        5.8357954384312514        5.9003458720752899        5.8853492743134739        5.8740528993093273        5.9132958612760964        5.8882072695285128        5.8668558966081701        5.9249021251210037        5.9538689838349406        5.9042356909454172        5.9129721553415635        5.9028351799068686        5.9029341314988057        5.8990236378179777        5.9160737626933990        5.9000098964982000        5.9357060876445207        5.8938173056234069        5.8976882928556194        5.9059035940284730        5.9459214469390433        5.9092154606981637        5.9428128264819611        5.8765159396288000        5.9078600968349653        5.9097046596587406        5.9171433223854644        5.8855448141567699        5.9330245898889187        5.9173376369720128        5.9287970264147249        5.8832815371647884        5.9233134593818040        5.9124418704564921        5.9046015455597987        5.8890891452157819        5.9045201605497697        5.9223879017913754        5.8852733690828156        5.9040919518767323        5.9066133327275541        5.9029693781324877        5.9213077078813381        5.9029010053663047        5.9118017445275832        5.9178886169347811        5.9125294405820332        5.8994325483963719        5.8987120248782929        5.9147157227599312        5.9005295694016553        5.9097927883545678        5.9045828133920510        5.9107108456954949        5.9170365091816848        5.9020852975440947        5.8980628244096707        5.9077898410597092        5.9159645506677769        5.9053972649382551        5.9125357043462134        5.9075218129955100        5.8843624987669436        5.9374191080522749     
 PDF4LHC15_nnlo_100_pdfas         103
   6.3465835978825123        6.3229061517092697        6.3363695616963431        6.3277974647935373        6.3237506130448304        6.3847244020344771        6.3970186471804062        6.3787870566185223        6.3321250606398936        6.3020542233530126        6.3606291753491346        6.4330163977635397        6.3677026722399628        6.3757180226985763        6.2847945971018957        6.4185376087847983        6.3596526240775457        6.3493420138678225        6.3181612682415977        6.3261146531977053        6.4041564994341442        6.3330454049927631        6.2515226795609973        6.3949988700326221        6.3100064017299857        6.2685129377769133        6.2937351700293673        6.3955033190542698        6.3751460770023067        6.2854461098328773        6.3186201365772288        6.4345552095753833        6.3975242077263941        6.4699357177398635        6.3849917836168046        6.3381776562092504        6.3025542822807017        6.4347798629904887        6.4563441322771560        6.2578819352000812        6.3867908238648248        6.3120462777924704        6.3461056651819474        6.3711224303609377        6.3411495506455990        6.3395983529996380        6.3314795583250669        6.3610508415413154        6.3088999881801460        6.3194445482151300        6.3054086562893090        6.3401892777270188        6.3566325370455994        6.3494312310285217        6.3683823205566803        6.3129288461388784        6.3689391670200015        6.3770482814623968        6.3638575501794001        6.3488603935124566        6.3535863999921389        6.3704866208166360        6.2995215762925847        6.3001522653033755        6.3386690909917291        6.3651721918752528        6.3135330270865957        6.3460200300223173        6.3542960971778184        6.3454946246480590        6.3421048147010657        6.3635383423532206        6.3265287935281709        6.3675777035382657        6.3466354961682319        6.3491086308330171        6.3646109293964352        6.3541065279941709        6.3418275940438678        6.3504178928783039        6.3541853023121968        6.3455571908819879        6.3429105194721034        6.3594773529979269        6.3417346660175618        6.3405911224421088        6.3428914569146633        6.3447368325684250        6.3322713048233847        6.3458341007774219        6.3429728913577428        6.3306556153551803        6.3374603832811447        6.3466749355139687        6.3520118387654794        6.3486969292098721        6.3600409086600598        6.3519578733156754        6.3396423018629626        6.3421037594727423        6.3540269149248942        6.2856957317475963        6.3736575056252409     
 PDF4LHC15_nlo_30_pdfas          33
   5.9075529973816057        5.6730315465808383        5.7467926961482307        5.9162055399138680        5.9216273147839109        5.8850685115162689        5.9396371647055233        5.9116820936313577        5.9475722399907491        5.9318681303283087        5.9182361981670262        5.9062193579756102        6.0233499372772066        5.9220238891511228        5.7723671774734546        6.0077885908853021        5.9319809004256578        5.8623069729735420        5.9330276510588886        5.9526209535902055        5.8892284512012640        5.9077781284653170        5.8628389529989260        5.9244256037145355        5.8130199584103268        5.9400026425544219        5.7447675425284093        5.9957927358418646        5.8895065665862898        5.9201419320045057        5.9216668543258812        5.8843624987669436        5.9374191080522749     
 PDF4LHC15_nnlo_30_pdfas          33
   6.3465194750719123        6.3344620141437415        6.4754980585283697        6.3249794554655603        6.3199611501269617        6.2561019142868721        6.3508670352270684        6.3630248972277839        6.2757180871963021        6.3693074734697417        6.3546510365108473        6.3226089450908081        6.3494920520147993        6.2990704616029758        6.3380634207406539        6.2153487943051413        6.2898229972455040        6.2845891149784512        6.3464316048362059        6.3958561277232127        6.3317328611075494        6.1733387435863536        6.3686115711341484        6.3431849796410562        6.3739349894713051        6.3311771070924943        6.4318048470218878        6.3661113907730904        6.3884405532346173        6.3124915040214882        6.3621167527391291        6.2856957317475963        6.3736575056252409     
 HERAPDF20_NLO_EIG          29
   7.6083093504375432        7.6132323545901590        7.6033948242995368        7.6116782838909653        7.6049443107469994        7.6114307902180220        7.6051774233702698        7.6037978794568248        7.6123834125301411        7.5098715879634304        7.7008644301116060        7.6635475407494837        7.5514202041913245        7.6082979559305937        7.6082120985137580        7.6740820959009568        7.5391467772929976        7.6622678103512563        7.5459060215587881        7.3551163516392704        7.8519535689350048        7.4541468549937209        7.7521433130747530        7.3045006626063129        7.8749899806499712        7.7492609068709655        7.4691014186855629        7.5970645083490034        7.6224133480008112     
 HERAPDF20_NLO_VAR          14
   7.6083093504375432        7.6591868462692840        7.5592273187378671        7.6106162529508579        7.4085670459053414        7.7646634124535332        7.5590956050819536        7.5969903317597254        7.6240019762637141        7.5790762346993219        7.6439158494085682        7.5903588964520257        7.6628289216413448        7.9187292830910057     
 HERAPDF20_NNLO_EIG          29
   8.6981864690685669        8.7070197842381365        8.6886374880741286        8.6969523090088572        8.6986904140117538        8.7013462656966318        8.6942917099437658        8.6907927112955399        8.7039229560750080        8.6970771293312019        8.6979236470434493        8.6100466323130895        8.7800830903619254        8.7064717037707560        8.6889722298391963        8.6888248059732263        8.7104845875779429        8.6235841792146886        8.7694265604795465        8.4650883999211395        8.9181485425855307        8.6822034826283385        8.7062772664210168        8.7141881688069844        8.6810011414651811        8.4923910777246157        8.8890476280866295        8.5243953920834628        8.8686882642362548     
 HERAPDF20_NNLO_VAR          14
   8.6981864690685669        8.7191345877452324        8.4873225560163164        8.5764790792045282        8.3801037857146703        8.9093721988289225        8.3221102737975308        8.6930483319280221        8.7685614365862801        8.3216780022305628        8.7522467641345720        8.2432823428212636        9.0159896427989352        8.2657084053303471     
 CT14qed_inc_proton          31
   6.2050799901042506        6.2042505498794656        6.2034240948567350        6.2026788282522105        6.2018400963510114        6.2010799173342921        6.2002246567414572        6.1994420936421992        6.1987058897346969        6.1978515564855341        6.1970753981685451        6.1962963433255238        6.1954469860394603        6.1946512088000345        6.1938565099126333        6.1930448756747296        6.1922706265130687        6.1914599248371038        6.1906859714226936        6.1898898576347108        6.1890768745559441        6.1882657987402050        6.1874495187057308        6.1866581709176334        6.1858780142603740        6.1850735851421055        6.1842504879544284        6.1834695469736021        6.1826491213624752        6.1818136954606508        6.1810065086475712     
 LUXqed17_plus_PDF4LHC15_nnlo_100         108
   6.3216231571943169        6.2971114401733050        6.3108524528299865        6.3032367454603211        6.2985251997995997        6.3593912679882605        6.3727157369089280        6.3543695362917330        6.3072219282255420        6.2774655273654423        6.3356175885928527        6.4085896852821831        6.3434590353621747        6.3514603108082417        6.2597134272827706        6.3916221406493703        6.3357320009368481        6.3240259033420010        6.2930314798910754        6.3017902629440901        6.3800222426755520        6.3075944957433245        6.2265045237481758        6.3701268289221051        6.2845400293198672        6.2429124133357776        6.2680573918295339        6.3713106898845631        6.3503842883574961        6.2602730460379510        6.2933840882329966        6.4104662577892944        6.3721001705415166        6.4445270416242151        6.3599584679805634        6.3128654179301309        6.2778587304736932        6.4097497137773036        6.4310731145524738        6.2325773974634116        6.3617904217626036        6.2868888791269573        6.3211242306896560        6.3466094591882971        6.3159572248127960        6.3144887223384201        6.3070190297635680        6.3358352949657979        6.2841878111232008        6.2944822943256922        6.2805647996253242        6.3151369935444164        6.3314780104000894        6.3247888447415690        6.3433769048167417        6.2881420629977365        6.3435024165425755        6.3518381136946065        6.3392533956874235        6.3238287062515433        6.3287626544588154        6.3453259157964599        6.2750019244711641        6.2755124761168330        6.3140048595947347        6.3401602460366409        6.2887796689794850        6.3207174888033819        6.3293060403911117        6.3201120928760472        6.3172815408742062        6.3386091056821430        6.3017414406603178        6.3423584262976638        6.3217386473068027        6.3242663544566202        6.3398079365551947        6.3289557168968900        6.3170774054126619        6.3254364147515494        6.3288093819072513        6.3209251302072120        6.3181626439179208        6.3341269105035503        6.3167453734389953        6.3157221608694494        6.3181068521163031        6.3197076149735700        6.3074398024672691        6.3207858975230105        6.3180313599309814        6.3059601888218699        6.3125788709447201        6.3216766439574972        6.3267029710151270        6.3236577604279267        6.3348109073010361        6.3269315963150117        6.3147929741049333        6.3173545918088347        6.3289812466632185        6.3216036775599971        6.3214990745253141        6.3216424680457095        6.3216453859221255        6.3216799246500734        6.3216316171110698        6.3215405208200002     
 NNPDF30_nlo_nf_5_pdfas         103
   6.0403921961641123        6.1379305305593954        6.2911643790266609        6.1135175395535928        6.5218904534982718        5.1762343788044882        6.0758036085200926        6.5793340449283582        6.2012917482394903        5.8163317229477594        6.0555099698892079        6.6728900524770109        6.0113852541515342        6.1035958675641817        5.9294481175513640        6.0876199892653515        5.2589876004641143        5.6696241605447364        5.3287039804582070        6.1228266812649936        5.9005130763864857        6.5542061681274717        6.5609640638331186        5.9450385896004718        5.4866427048744431        5.8699651117883480        6.2646322108135539        5.5914452491770064        5.6377095766563636        6.0711391787186768        5.9616925171593840        5.8469126704268772        6.2224519094909878        6.3011407589044550        5.8081616520365280        6.2119445587610231        5.8106353619030893        5.6144673385709964        5.9666361640466343        6.1368236909131539        6.1472688168398761        6.9127859465554478        6.2319538603202167        6.1838125557354209        5.9814965276998748        6.5097897205356006        6.1019244045012142        6.1705414016263509        5.9786848095137666        5.9825021362558424        6.3688590580062758        6.4817363523999614        6.1554878929979848        5.6486210970795074        6.2837381754031449        5.9439172213477480        5.8671281572442764        6.2056310353791018        6.4747791349357362        5.5498547986782123        6.4900398101894474        5.8828316987918710        6.0384322778002861        5.4217057541189089        5.7709086194849277        6.0595486288013403        5.5979664915305625        6.9789611486112575        6.1443200709018546        5.6846680876668101        5.7208571811164566        6.1314639994713378        5.5183588250653202        6.1493870245016220        5.7657716628658626        6.1210838083266692        5.8054125062191240        5.9814414749310538        6.3105107447648834        6.1926799012876979        6.1431703541758278        6.3069574921238445        6.5572242722348593        6.0727093974922512        5.9230103681813615        5.7596906126058816        5.9558772252500241        6.5666220663054409        6.4358998292404532        5.6886744858478071        5.8781827147021115        6.4194786671621804        6.0971025267377481        5.8062262075403837        6.2106809168582791        5.7459519331769169        6.1147095959955449        5.4977351408058563        6.0450003615156334        6.2566776198796763        5.7985404211178064        6.0885703184510289        6.0739530424844626     
 NNPDF30_nnlo_nf_5_pdfas                                                                                        1
   6.4368894164912573     
 NNPDF31_lo_as_0118                                                                                             1
   5.3109016802929538     
 NNPDF31_lo_as_0130                                                                                             1
   5.4967617456706055     
 NNPDF30_lo_as_0118                                                                                             1
   5.4699429744647610     
 NNPDF30_lo_as_0130                                                                                             1
   6.2747546721383936     
