   0.0000000000000000        0.0000000000000000        0.0000000000000000        0.0000000000000000        0.0000000000000000        0.0000000000000000        0.0000000000000000        0.0000000000000000        0.0000000000000000        0.0000000000000000        0.0000000000000000        0.0000000000000000        0.0000000000000000     
   3.0576412736517823E-002  0.42342298770572895       0.23795526733718234        3.5296332802170656E-002   2.8485085843338379E-002   1.5810610917177954E-002   2.7295540423133601E-002   3.1282985144345583E-002  0.29461426652565825       0.15967345868461508       0.13070323178292695        2.7091402483045417E-002   2.5286048689282886E-002
   1.4020931801374572        1.4441451072492535        1.2443443312341362        1.4999938815519398        1.3321560778486163        1.5541546554565659        1.3842309615216706        1.6261890090727937        1.8487022211234720        1.0988199337434186        1.2813711477671554        1.8443367676882176        1.4926943109408344     
   6.1762917114974752E-002  0.55481614700287674       0.42086220727295742        7.0558039246879894E-002   5.8020366943480478E-002   3.2440719247280994E-002   5.6090142195260075E-002   6.2942036505740886E-002  0.44487761233356959       0.28270504715107908       0.20317821307838252        5.1207775963116355E-002   5.1035494825082746E-002
   1.6553822648056469        1.5544339728457157        1.6787893016208557        1.2777136808651952        1.5062601734493999        1.6477546848181976        1.4195326478591450        1.3683018906198212        2.1489717858955064        2.0594178811398294        1.7466321029511664        1.9973356402083002        1.4750624381882251     
   9.3563942830036856E-002  0.67018427942383696       0.48046998505538824       0.10849645143044595        8.9330685606841681E-002   5.1205482112677690E-002   8.4498422522965799E-002   9.4358318659447132E-002  0.49554268960082354       0.30721265129565445       0.24348515302833645        7.3829264006405895E-002   7.9551954259930224E-002
   1.4232022535555895        2.1860981949187508        1.3235459550607456        1.4963252239178142        1.6051032620370898        1.4193837560730092        1.3225124879126966        1.6061829060000199        1.5607727295740887        1.2171410647674441        1.3197745205864257        1.6721312087275506        1.5195616583895954     
  0.12532744681560454       0.68641444912851846       0.53912734172327414       0.14738287198082234       0.12173629916932632        7.0903186192578682E-002  0.11386267285807071       0.12574726889648172       0.54219259672223930       0.33060043605145217       0.28214100824727006        9.7789358745465099E-002  0.10551021356917248     
   1.5162140852459842        1.1771240918536994        1.7184285341860446        1.4391789435247706        1.7392050633999119        1.5537336758912210        1.6337020000592246        1.4755607055835975        1.6654682565022905        1.6836250577041760        1.6430160366040529        1.5717325039691172        1.3767101361824998     
  0.15659098051740161       0.71008825537079412       0.58215580106605158       0.18519526826628566       0.15092873034684171        9.1714782543919113E-002  0.14684812697888794       0.15376137238150983       0.57381941762423794       0.35050496420631400       0.30306756138619567       0.12145902277586440       0.13881313590909233     
   1.4243991190601089        1.2560892682331097        1.5552610008338492        1.6070616992062712        1.3423839381229470        1.2462724558316893        1.3902905099368812        1.4004474856274169        1.6271292688149939        1.4609395218291559        1.2915594383894520        1.7258182803986051        1.3763127350586215     
  0.18432133672302756       0.73607160283484341       0.62749553268593028       0.22105789585558697       0.17562627599613742       0.11349762781937831       0.18113892780467472       0.18264137432501001       0.60952734975683875       0.36958884936631820       0.32304038211693337       0.14660702524576819       0.17042055038904011     
   1.5193328589877739        1.2866912581277852        1.5355147218623859        1.2828114522216167        1.3040405143319582        1.5210490094917199        1.3733003358017024        1.3448441969926068        1.7469250333256412        1.3018595249906673        1.6129196906804963        1.4203973515197605        1.4830308503143390     
  0.21368961671014217       0.76227205760513217       0.65531925391815216       0.25741414584981548       0.20080044152093074       0.13799826719565253       0.21421159301048248       0.21231624274678074       0.62883475470943129       0.38896154007119044       0.34493748668114194       0.17208458662429255       0.20406413839867671     
   1.5125183030614562        1.5265214365948099        1.2729359743845639        1.7456615266365996        1.3085168662309477        1.6317167815479003        1.5068698673695804        1.4211644878560232        1.4683831710663595        1.5066255702395590        1.2838647059316464        1.2747247951564205        1.5798717683157553     
  0.24401482073151190       0.78217563442421500       0.68609364676986295       0.29332150341213464       0.22848079145149169       0.16481281943142007       0.24551982589354529       0.24505827757921503       0.65234498206373237       0.41168499847528800       0.36741507200909412       0.19894363350723063       0.23696042591839650     
   1.3424849150714839        1.2024959123287113        1.4537569032888209        1.4208005969755182        1.4461713936617784        1.5273562529178519        1.5560252106872918        1.5460169004237472        1.4350773631851996        1.3548604650354115        1.3316882122665283        1.2649623027691510        1.4898325695402255     
  0.27686222175059944       0.79947387740937714       0.71720611036105653       0.32469170483306559       0.26095619434707301       0.19389571305988318       0.27700026825875201       0.28237684536785757       0.67322115023173545       0.42520775071240136       0.39122503819847576       0.22928375521872241       0.26798906052213611     
   1.4069186957807207        1.6454564728974193        1.5426249727489012        1.2897083919029730        1.4132682168340840        1.4725715528371235        1.4605786692900757        1.7095950740027770        1.3829061622561611        1.2852808428728384        1.3604697395209486        1.3397112625626300        1.4428813666528870     
  0.30879725680035486       0.81540945197799231       0.74670466911710709       0.35710401598587455       0.29448248380759301       0.22247226951454191       0.31060220063116550       0.31836435869989643       0.69227564185013379       0.43931580779890439       0.41351582552777560       0.26303437126775797       0.29891465136755008     
   1.7236697242613577        1.1446899313166512        1.6187794290591206        1.4460152134650517        1.5666349384189655        1.3742455496431820        1.3599606319460558        1.4551337234351014        1.5239740463904119        1.3288465649902068        1.4010496241000041        1.4862625099550952        1.4545223612753906     
  0.34199651368723211       0.82981472591200356       0.76800906768628241       0.39035626055547989       0.32567384201892691       0.25058750769931254       0.34539842431728446       0.35165718070206220       0.71027509959642587       0.45290299478656476       0.43713141601692257       0.29646471747198122       0.33442801626697832     
   1.3887759955821533        1.6117492268487454        1.4926196003450094        1.3198325820821861        1.4366915939871880        1.5637577836717729        1.4841724050206371        1.5653967456193549        1.4511818813559028        1.4477987178695191        1.4114719873062216        1.3567035881764622        1.5718974743677265     
  0.37373982896834446       0.84477876750236736       0.78856178977673164       0.42440754623278881       0.36019205572894392       0.27960542168624347       0.37828804443670788       0.38595343733446735       0.72764234058941502       0.46734547399306947       0.46414172080778959       0.32893765491697774       0.36694544326802342     
   1.3985682636502990        1.4321286034020557        1.4024003261615468        1.6381153296522821        1.3225549482994476        1.5164616439144736        1.3228151918462532        1.4910568117863219        1.3842008187220252        1.3041756016158399        1.7366962700833048        1.6887596093690203        1.4069820315416042     
  0.40638913341996480       0.85893534614128375       0.80694098607427889       0.45205263023584458       0.38981320514719697       0.31100801414157547       0.40793361207738948       0.41667750446613572       0.74449932143276942       0.48250407073368462       0.49093029494861812       0.35927664342760457       0.40415660916670049     
   1.6460122495511029        1.3934462173381588        1.2227432610684579        1.4506521126675844        1.3884376363472644        1.4345911151802118        1.2251440697319942        1.3580750978602876        1.3738768909660981        1.4121323771531191        1.4226944856175405        1.4429362897519993        1.7709521188410360     
  0.43601016849315299       0.87147018677421384       0.82699254350096318       0.48153020919146516       0.42442829602657434       0.34444161712592675       0.43642799732436083       0.44534264736699064       0.75954075396438969       0.49657587365879768       0.51753701170838107       0.39138117614924395       0.43700281900805110     
   1.3366380872631622        1.4213467912094737        1.7341297496964001        1.2779128942592859        1.3654162971834465        1.2990626818143973        1.6474394425149057        1.4208045304643284        1.3616104884762423        1.4942364554627567        1.5774431787112941        1.2892952723440323        1.3683109288389206     
  0.46527971602496937       0.88250125134056834       0.84404826520530674       0.50743591740437255       0.45807640130630894       0.37249017245884203       0.46590001247631813       0.47423924258420569       0.77338498892634622       0.51007234994108730       0.54333866436351674       0.42205544682858559       0.46790439180851395     
   1.4494607407523870        1.5457083587909499        1.3292144330577307        1.3886992054226330        1.5840853631208160        1.2218413517329225        1.3858132426252070        1.2919004053955367        1.3245328783293828        1.2582004216066125        1.2897597606536391        1.2131619423229025        1.3675197467322711     
  0.49690078662558657       0.89311633920880928       0.86034753146100784       0.53369876762508017       0.49198907494852889       0.40060446305087893       0.49734155026498361       0.50419060422888673       0.78718709660028297       0.52396436732465912       0.56956306074931895       0.45393986951897830       0.49562490420525668     
   1.4629237774968840        1.3016053843892532        1.3892589262116806        1.3158679661848014        1.2865340215961107        1.2732741496294573        1.6434553461965939        1.3152705423180324        1.3081164619265240        1.3221817031544076        1.2158179816688250        1.4447939200409470        1.2290153237609223     
  0.52804445524925758       0.90309548181595101       0.87514811300143858       0.55864791028559291       0.52586768978246501       0.42546937320931782       0.53166488250574795       0.53992853217384218       0.80054689693997727       0.53680561391338044       0.59570973655138626       0.48633932315228495       0.52271743781062929     
   1.5350206945223739        1.3741444155954572        1.3123796968355805        1.3449120744655634        1.3626798605305139        1.1736027598556624        1.5754260714158648        1.4298390306206838        1.3943850676749283        1.2762269000488355        1.4507816121419774        1.4816739817027040        1.3739671875840598     
  0.55926323015087076       0.91240990638587427       0.89101734444216851       0.58685219277891387       0.55956328596788640       0.45505828790070801       0.56493031261178706       0.57283269227941469       0.81281963869483864       0.55077770381503977       0.61987505142970334       0.51564901080206138       0.55047540507674253     
   1.1947163314811542        1.5445595881669723        1.6293092205350357        1.2884035022198048        1.7029175848578264        1.2455384112631966        1.5155873154566351        1.2861069908122569        1.5250187209351056        1.5325326111321276        1.2569143194636057        1.3060193375563265        1.5172192074003323     
  0.59195852119578074       0.92144247689640635       0.90440722065308032       0.61620380640448702       0.58854287310547870       0.49289204272632731       0.59742384478897159       0.60423713604316831       0.82469915281851636       0.56425033985506445       0.64871116195608924       0.54385013184846265       0.58350195670897476     
   1.2647723010306291        1.6059796338366212        1.4213590746215548        1.4714535300129741        1.2979143686180101        1.4530020461934243        1.4242866367307871        1.2723050072529132        1.3692496585645371        1.4608792002783251        1.3129750547611712        1.4024271850005154        1.6139410132127341     
  0.62185254862964612       0.92995777465091056       0.91701323600972673       0.64536361677697307       0.61935993025818026       0.52519991142014943       0.62907696142864655       0.63229050817530941       0.83653560532235660       0.57980497084542915       0.67980622386752454       0.57871927706994253       0.61699422573379903     
   1.5395463273230436        1.5787585042063326        1.3304741922475365        1.5128259715486756        1.3155714409089665        1.3936669645757831        1.7935213653219408        1.5215498737223565        1.3581974048184124        1.4488225266328201        1.2601429148171615        1.4396246326505311        1.4131913150407405     
  0.65089411747924919       0.93789537429287673       0.92733338346661254       0.67418164735626174       0.64940153283475188       0.55561949606884387       0.65918455596079883       0.66384409348482354       0.84828859320439975       0.59555468422602431       0.71037142971022393       0.61068038394935320       0.64903760951460832     
   1.3465235288112485        1.2317967466766278        1.3170963232705057        1.7310931965744911        1.3524201172274288        1.5588483677692571        1.6746186367926068        1.1579620803777149        1.2723429551879375        1.8106979487766539        1.3119014329823242        1.2853662310734371        1.5186142388470281     
  0.67975557626951211       0.94518651430690270       0.93733247820103804       0.70220801206498284       0.67909161414570052       0.58871342757744161       0.68787663819695499       0.69343099309079703       0.85961839039519339       0.61303459684793493       0.73901037489740751       0.64000676861466654       0.67989740995090175     
   1.2997590194163411        1.4241944092153691        1.4378356016977860        1.2823461173626745        1.3506461890986867        1.3715495748486168        1.5154294485104309        1.5378191192386765        1.2919668983298567        1.6796672831399686        1.3484142469885425        1.3801312584631267        1.3928290166773982     
  0.70762993991560064       0.95189788635830508       0.94556456245333287       0.73414656927132227       0.71010544143807941       0.62485256118884913       0.71545572785407030       0.72569222225177121       0.87038320563408600       0.62970340763827437       0.76891071788237531       0.66856717350111938       0.71125578590803495     
   1.3735073195620442        1.2692348574188284        1.4826264472080191        1.6218953307807458        1.3919423378021427        1.4631590608919591        1.2081423320768312        1.6586836380005028        1.2279456219049716        1.5058419773344045        1.4989071484283572        1.3050677387557779        1.2919518733939768     
  0.73425187619985599       0.95783129377094212       0.95449871764626204       0.76545934230417700       0.74274290552878475       0.66389335630006496       0.74344977493132713       0.75981652907701891       0.88162407683470012       0.64551181862459739       0.79676844040652373       0.69954221115294624       0.74548583063596585     
   1.4050480222110926        1.5734952352744513        1.3636670392012700        1.4616304723279039        1.5296036663237638        1.4723153229748775        1.2808763096383529        1.4393177252759846        1.2495301675152923        1.7132432773250572        1.3610904942370383        1.4727737812463755        1.2380655118080759     
  0.76035891651384668       0.96366993904183706       0.96172234955884206       0.79376239471107268       0.77515002946241218       0.70442542672568698       0.77240615241971766       0.79327305071096543       0.89387172701350315       0.65976557290034421       0.82367549761132908       0.73353397535481712       0.77988802923164835     
   1.3900054802060413        1.2893617160310948        1.3848102217097200        1.6554629844817825        1.5430046596130607        1.3978072474058505        1.5595778998968770        1.6809071248402794        1.5305579024186891        1.2872041539374657        1.2022029081611072        1.3542382168791369        1.4993921760620379     
  0.78743595321030835       0.96929795543977915       0.96941610249349297       0.82199397573005728       0.80854904134470207       0.74426933453472832       0.80016386195336997       0.82660624742696875       0.90703139172296265       0.67626723870149608       0.84779927898359841       0.77087944594671232       0.81958121589649469     
   1.3193255699444615        1.3983241506544775        1.2499770288820058        1.6433846383820874        1.5071634806930636        1.3417526800274424        1.2340360770406691        1.4228376561708982        1.4629201146857660        1.5327005541728662        1.3565431524842155        1.4597874461770433        1.7268193562047989     
  0.82116772751428346       0.97486416571487433       0.97575006836164924       0.84857616144329850       0.84308203370225032       0.78842357962929310       0.83103708147127542       0.85585307873899474       0.91717589366784469       0.69343497507457608       0.87313060625900984       0.81228183411629651       0.85737928863290691     
   1.4073348952644218        1.3561187034866817        1.2727670417594081        1.4729017341590420        1.5720548776406897        1.6005684496344781        1.3287074969424617        1.5503125865456013        1.4198562429947708        1.6205503419908773        1.6309566466766965        1.5410614042156019        1.4586746740847745     
  0.85709356675565673       0.97992514148305698       0.98218576011270620       0.87623397474166698       0.87522772219114464       0.83302989757113399       0.86266758316673342       0.88311432020227076       0.92971699180649803       0.71108803134322429       0.89819630321257715       0.85264632268738227       0.89223375433063068     
   1.8710590768935018        1.5932848099890271        1.5636592318650431        1.5003999756205830        1.5524847961139712        1.5837046027597426        1.4314100871602722        1.5278334496924608        1.3739098340791143        1.3968673425814699        1.7524085311738700        1.3483810920584405        1.5603850063449038     
  0.89147681924023681       0.98488876806526282       0.98709854765077598       0.90548410884415442       0.90736795881863075       0.87539857971801371       0.89964431114178700       0.91005879137243006       0.94252037255388721       0.73732655825419979       0.92380721475467020       0.89138990762116754       0.92269345913363210     
   1.4985183686459702        1.3997121859631829        1.4459282646825666        1.5302744436726281        1.5245552491986771        1.2594864428493562        1.5067731112840264        1.2635315455890432        1.3775713208254523        1.4279813134358543        1.4789986592388853        1.5532396459992097        1.3037846294697713     
  0.92412515771841464       0.98981954052648335       0.99157782409046757       0.93554731030521499       0.93716824536690169       0.91529488574002504       0.93519630199240988       0.93806685610376195       0.95439823482712127       0.76445406442725539       0.94874746705142288       0.92971060569812047       0.95005981981074505     
   1.6766932228933007        1.7311077713074208        1.5170240185234682        1.4097540409237206        1.4119531169281354        1.7062561715749607        1.4883083397307464        1.3390652058057737        1.2828313997102989        1.3775937844713468        1.6181717059520908        1.5570522902172990        1.4540050920692771     
  0.96076698168631380       0.99480532397915578       0.99586273040767759       0.96813214141736270       0.96949487085398856       0.95637989886655139       0.96856040443001878       0.96823263718809405       0.97472482261901383       0.84803348055313810       0.97454303727121683       0.96455674322128249       0.97548554524135223     
   1.5220764232654458        1.6327264925380063        1.3867505280176933        1.3968402341892319        1.5152702229970980        1.6006607270796522        1.3267630029282440        1.5221545623192816        1.6415979612011691        2.0299608815045884        2.1790313369281815        1.4261470777414247        1.3877183013182273     
   1.0000000000000000        1.0000000000000000        1.0000000000000000        1.0000000000000000        1.0000000000000000        1.0000000000000000        1.0000000000000000        1.0000000000000000        1.0000000000000000        1.0000000000000000        1.0000000000000000        1.0000000000000000        1.0000000000000000     
   1.3139848785830108        1.6406809321743050        2.0300270701524137        1.3352375373030219        1.6450371365369740        1.7101428469232132        1.5925149859341730        1.5430078614285159        1.3194587585061164        1.1989331543924111        1.8815967209712248        1.3173329215191751        1.3567535137975673     
   2.7731758263340369        6.5987116999584536        15.261888070089043        7.7047930079818716        3.4878299729521571        4.7430504572250056        12.563720923910495        1.1284728264878687        7.2342314163624595       0.63802421160832434        5.1202605422319571       -9.9097331983213532        8.5176306392647270     
   3.8454850885070329        9.9598667586294400        20.373257645557480        3.3968081121210085        3.4064748343437143       -4.1261796341408852        14.019743146481042        9.2181683174349160        9.5307902913696410       -1.9431666249297248        7.9022818051426995       -7.3942937738024384        8.3351329992619547     
   5.5379562114221335        12.906955653040171        9.7727665382295186        4.7635179831084740        4.4155630880390007        6.4297727487706391        8.1226784647783870        6.6426854501838397        10.399961836934578        5.3770217058582057        2.8234996732322877        4.4782340264929896        6.5587634192623980     
   6.7953654214979373        15.889939381138319        6.9009116358412292        5.6420048991970857        5.3269919276723314        9.3525451504747537        11.105272672699281        6.8874668892513204        6.4247130293538932        7.5638538952675347      -0.65753664460701799        7.6849631156028142        4.0080711406867415     
   10.564454567984866        14.367693925957628        7.2735244709395346        3.6275527143538939        1.7336547786510152        9.6470628197338542        7.2790890400261947        10.794442761514217        4.7287381911880058        5.7460904013084466       -2.3138160494527309        5.7562492773816771        3.0613728001779528E-002
   4.5422320206392373        13.847735044289134        7.3691213744896817        11.126490794852648        9.7388680309623776      -0.50904129836259138       -7.7497441751122178        11.992026902126835        6.3688309475953409        4.5777711550074116        6.0132079019251954        8.4166688518538333        6.2458103156992735     
   7.3620309185178225        9.4610190165337791        6.7831599903970439        1.6705560432358948        4.7195397553511338        5.8572703750706125        2.6210030504198070        5.7698489331902163        3.1421805489838728        7.2503197011581264        10.495076283956461        11.968250100883688        9.5682775122154524     
   5.2604236878328203        1.1528241688546808        2.9902639542873617        6.2143955571714615        7.4911516643725902        2.0726564608999469       0.79803626812927675      -0.92986460672354809        6.3909085584475047        2.0344434653507193        9.5625222290017025       0.75278625300435564        3.8086552196955501     
   4.2857795651061110     
           1           1           1           1           1           1           1           1           1           1           1           1           1
   3.4290877489591098        1.1447049117702841       -2.2379273234584100E-002   6.7905511837859223        8.6238708093898012E-002   1.4205767080701818E-004
   4.8627152102919811E-002   3.9457721307123099E-002   9.6768168844773433E-003  0.42736913363007606        9.6724037860084280E-003   1.4446524054386292E-005
   9.5553996531212021E-003   6.2328293887226787     
