   0.0000000000000000        0.0000000000000000        0.0000000000000000        0.0000000000000000        0.0000000000000000        0.0000000000000000        0.0000000000000000        0.0000000000000000        0.0000000000000000        0.0000000000000000     
   2.5882458322037758E-002   3.3023553503305547E-002   3.2004212953674102E-002   3.7897459514010350E-002   3.0851570939589401E-002  0.14063252262734008       0.18129991722225794       0.10970596503960017        6.0315453360150026E-002   3.1153520308131049E-002
   2.3872703092132146        1.8375484282074217        1.8074067858318796        2.4221177481584877        1.8231116428505709        2.2149188885032469        1.7460177728526800        1.6326527134524844        2.6291206284297508        1.6251739636417946     
   5.2173743815697109E-002   6.5110441760112950E-002   6.2868098575426454E-002   7.4622523052850193E-002   6.1340349867854714E-002  0.24018383880339500       0.22703160365327443       0.19677787463996815       0.10852763012356678        6.2918851593070271E-002
   1.7387810521980280        1.7298038349795926        1.5924717927123724        1.8406157054183936        1.7488376969089232        2.4773471351688254        1.9814288745904423        1.9288550769013568        2.7253372109346903        1.9332589098971180     
   7.9063704177056562E-002   9.7074782990820827E-002   9.5373714318394864E-002  0.11327652284509188        9.1800091870200801E-002  0.29109631459044749       0.26767352686226209       0.23468146381269794       0.14950713687802963        9.4574756007260785E-002
   1.7710954478637198        1.8872598634014963        2.1326395207535960        1.9177172354293048        1.7737315391195878        1.7310818103106584        2.2883188501257234        1.5994731772971738        2.5734655483013813        1.8289466169865409     
  0.10692782466813221       0.12831875033229068       0.12722933986286017       0.15105184864262439       0.12298612676232210       0.33729189461348763       0.28571742340357992       0.27233611617246273       0.18589906972053433       0.12585198873773532     
   1.5782853540588540        1.9498616052974249        1.7388465096216075        1.7422650814372436        1.6319923305558823        2.0366978990391629        1.6707257243562743        2.2542155679413129        1.8957422563422877        1.6019794861837000     
  0.13776023721395719       0.15721598279786400       0.16157177520868254       0.19038124866164072       0.15303691087040783       0.37236987466006061       0.30302376338629045       0.29620001775912308       0.22178979520709083       0.15775513539437178     
   1.3998094287800382        1.6371125235957193        1.6964555915993007        1.7517237313026173        1.7038380718675326        1.8331033312386995        1.6043427278922255        1.8103281534411186        1.8521361532931322        1.5146430218197402     
  0.16880501466697365       0.18582397018488678       0.19471156428399167       0.22931832355670551       0.18377118975597692       0.41093954597286814       0.32133361559834933       0.32224225784712801       0.25647545594559168       0.19058405769298417     
   1.7445443408623811        1.9045824901400434        1.5000792673189525        1.6439441384029405        1.5821898587029537        2.1032139952539262        1.7713571825812722        1.4840813169209155        1.9017272195469190        1.7535532158901266     
  0.19998180168392668       0.21379110604453438       0.22903559144981989       0.26698001029329471       0.21406439177699263       0.43982119003654385       0.33936533841230487       0.34631494290480563       0.29062539427716366       0.22372265542440087     
   1.6450389553269309        1.5564460662855646        1.9493918797624457        1.5744386714812564        1.6593140782769911        1.4802101337297304        1.9666905389320919        1.7133003908246252        1.6622996770092195        1.6313352478798056     
  0.23049176230124391       0.24091104079173667       0.26245005029147822       0.30601375129402203       0.24498188586068692       0.46580395609259873       0.35526322002327393       0.37137998545703332       0.32276213609204113       0.25728594744621608     
   1.7495868269149981        1.4827795126103382        1.7711770072085580        1.7996155734123189        1.5524805060529383        1.9011277381195073        1.5368915226965787        1.9475227867647447        1.4836013654478968        1.7763543288133232     
  0.26041663853060149       0.26861727150457343       0.29623964760219895       0.34100660156793916       0.27599025398053506       0.49080885611683933       0.36977122628322656       0.39529583571564986       0.35568251315870897       0.28939395885503277     
   1.6485146264308037        1.6069988645112074        1.6143538968412658        1.5905877428883024        1.6369811179328688        1.4755434747908864        1.5726623087473752        1.7835342941732755        1.7956599897428014        1.9589128834945342     
  0.29014896535684170       0.29520733217425765       0.32827032254346411       0.37681651678134948       0.30735674004668878       0.51470112508352717       0.38423946924772223       0.41889305777411845       0.38700780722278033       0.32107005866008176     
   1.7160544515011007        1.5338191658369016        1.7055275335572102        1.4966329906848703        1.6002916451294666        1.7804011775184267        1.5189181768413695        1.5159620365081514        1.6240285610396186        1.9560617724988414     
  0.32003815112514417       0.32279590820411719       0.35916502473107692       0.41320712910999108       0.33870712335740416       0.53743046544392536       0.39842120918096452       0.44285599624187522       0.41894600223227135       0.35199152791448080     
   1.7127132452161165        1.3983700009486384        1.6408390776514554        1.6097703930890852        1.7701136856410200        1.6346994372433483        1.5825041591167370        1.6595256537420149        1.9225627967438752        1.6215130267025497     
  0.35159582424095470       0.35039590038490182       0.38983509056654542       0.45242725427921554       0.36998855560757193       0.55874199178049011       0.41215675167432697       0.46598572121005821       0.44887914647824112       0.38275285120414804     
   1.8375715966963764        1.5537555904674947        1.6862877570013042        1.9274450574901574        1.8506664150996734        1.5472912590829508        1.6751139103263730        1.5449490866647437        1.7400921279968773        1.6008091823985422     
  0.38480629526812576       0.37856428857465424       0.42039315710984759       0.49071248585555949       0.40161179642291922       0.57908032055330050       0.42543281109720921       0.49145052322967808       0.47906917214682537       0.41208314204076496     
   1.9274547081392757        1.7984166200268081        1.8138656420139412        1.7238611759167566        2.0797828659545030        1.6117898862263091        1.8845026437718002        1.4974874925947175        1.6695989447794168        1.9268586634446485     
  0.41795855474592347       0.40787806993632081       0.45044401189264327       0.52751117119859225       0.43357398368791256       0.59954792892349462       0.43986766494549623       0.51749624678220907       0.50843753994332996       0.44045309807345429     
   1.7826572747862255        1.8054269575325639        1.7202170890201565        1.6587528311389188        1.4525363730355283        1.7005321994908285        1.6418616406165054        1.5867352498714666        1.7099327738868189        1.8421066046784882     
  0.45057938800873981       0.43559773456958528       0.47993442316178836       0.55962078745832600       0.46536505542450668       0.62009370098836891       0.45430286440783751       0.54372430882333522       0.53636866664873395       0.46776240703217270     
   1.5354715714303711        1.5590009761082742        1.8814834318997655        1.5819463663576740        1.7207559118247235        1.5636967885546038        1.7527786007224180        1.4282012846180860        1.7479954100733057        1.5727644817135535     
  0.48155942145943087       0.46243701545038585       0.50731506103324220       0.59218982053794333       0.49719791318047707       0.64184371995344958       0.46863673708205705       0.56912307328987155       0.56264556772930041       0.49527871334693235     
   1.7824156495827017        1.6728204432014364        1.7269350374090968        1.7927840478298682        1.7505567230944845        1.6184233030131054        1.9246092120470149        1.6518085290810192        1.5850955527255648        1.7885078607561864     
  0.51185854160753019       0.49045194680529608       0.53659435058385696       0.62452521958373508       0.52910248894960488       0.66155506831700550       0.48268849822371701       0.59635363440902611       0.58791812790422515       0.52290679370840698     
   1.7039178586897694        1.6926047385943290        1.7256111562501368        1.6441377835409487        1.9043461812638067        1.7721157571369746        1.8501286795161873        1.5279430579407831        1.5193534523911689        1.9405850847742776     
  0.54186624010158690       0.52016620739827268       0.56549854927765253       0.65799403513532473       0.55950364454524615       0.68002713720078245       0.49682264972108220       0.62425352528479561       0.61284412957055445       0.55084054696587637     
   1.6483266353935824        1.6276011731758699        1.5846384103766999        1.6414953437203341        1.6407359202472180        1.6421473348950715        1.8393733959121346        1.6699392324932989        1.5344787883963105        1.6217110682561127     
  0.57266533098847128       0.55032307100838385       0.59726471485560173       0.68981555315980614       0.58876270341071268       0.69898560782375008       0.51077601514600290       0.65367108148097852       0.63711544013928290       0.57842010297744761     
   1.6404042482529850        1.8979784691163597        1.7073551600337011        1.6062681255470437        1.6520917546697382        1.6659209195915738        1.7993632798072818        1.5834413093633104        1.5997538561687983        1.6682437657638263     
  0.60488705237955753       0.57995955857742143       0.62921045941302600       0.72057338009691418       0.61938601051448483       0.71772434518011807       0.52512931443132926       0.68233806303180844       0.66103391429315672       0.60700708688350846     
   1.7321504430552057        1.5833020727349227        1.6705604784106753        1.6867559853301681        1.7345647021602086        1.6052416218860464        1.5726440977306049        1.6235166837954664        1.4611887847058249        1.5424486287571499     
  0.63724028152912360       0.61081718476227265       0.65983672660032955       0.75023887681945833       0.65061981647595268       0.73631387790151726       0.54025194593950465       0.71255354190113984       0.68566542413683140       0.63713848939046192     
   2.0532365510283084        1.9186439565307472        1.9357374771340277        1.5470881549038014        1.7353990758097713        1.7011975417421605        1.7062065671179809        1.7292567914346069        1.5127398935593721        1.8184456000885427     
  0.66970390410698977       0.64049677089266122       0.68981330860677459       0.77964983955017131       0.68309629698782270       0.75415809639142872       0.55561126995109344       0.74308248504482177       0.71127129624842889       0.66907771401756444     
   1.7326027593676261        1.7234775299462217        1.8302858365506003        1.6940616678896661        1.8786895895219637        1.5775566057215005        1.6586694473234054        1.5936938302322519        1.5867410175462899        1.5699387990232039     
  0.70196453688015037       0.67054635926094186       0.71974988752542080       0.80722905343288343       0.71500550758940262       0.77209611383042231       0.57200986370840212       0.77581302907743022       0.74016257606797975       0.70230375823863489     
   1.5994675198231745        1.6333718533090342        1.8187889443053684        1.4260467627472926        1.6410306870484141        1.5078780807596013        1.6189560959971849        1.6328227075515387        1.6018203051491999        1.5771398883765160     
  0.73400545698813446       0.69942339640070184       0.75004985637157995       0.83261377090797195       0.74728488956886541       0.78978308525427587       0.58875367119371336       0.80736527140787928       0.77141297128204289       0.73552550104154280     
   1.8157456673556251        1.9909504988805526        1.6077751305746435        1.4755293380504046        1.7157784336513253        1.5726077685246509        1.6071284633847676        1.8388238145334961        1.6832599382407418        1.5162164091413726     
  0.76636345624791113       0.73257390334796701       0.78060296996577416       0.85715684319737928       0.78026281766420214       0.80842739482947734       0.60676154446960862       0.83686156907315468       0.80146537857926825       0.76964353738970726     
   1.5398396731985275        2.0329254273599098        1.6512981176315205        1.6279654046608385        1.8996706377087607        1.5964988105951996        1.8066702758402124        1.6830155232983424        1.6627800246208893        1.7750257112319996     
  0.79865768814128901       0.76525556971338138       0.81213104642736167       0.88143918449561487       0.81188052066793703       0.82773098162507763       0.62606221995202371       0.86433981664758264       0.83166403587537163       0.80347173022259899     
   1.6569278424851972        1.8595336742470991        1.8282866887670919        1.8121730145163450        1.6840880813633050        1.6931298310676861        1.6225012373662591        1.6608854354016822        1.5566450744127840        1.7425140760149138     
  0.82997452430687846       0.80133924227267406       0.84461679680483548       0.90391345191347361       0.84429536748626977       0.84725084294491104       0.64834156428602674       0.89057653544587601       0.85864818260435938       0.83763724601561795     
   1.7929646844533171        1.7472659012671037        1.8540543939230314        1.4311422289607247        1.7147627892919077        1.5019023582896112        1.6285908903213115        1.7657708099436968        1.4063619303965929        1.8404981554542543     
  0.86095317694621709       0.83830604631636552       0.87740559243979421       0.92606954414711951       0.87614086537404157       0.86609217258145799       0.66871593098007975       0.91718000058315607       0.88625648619101771       0.87239217078638276     
   1.7922677533807838        1.7885449896439245        1.6222961416264070        1.9313069838531138        1.8606160722608043        1.6188093369338434        1.5132723089071176        1.8070026102265790        1.6214147555717420        1.7843206642560503     
  0.89254268996591379       0.87898210691647660       0.90867341068975060       0.94607930882580293       0.90930389223349750       0.88723067202559902       0.70250578436975686       0.93893503442118986       0.91450758741199101       0.90638472589283392     
   1.5795013862022318        1.7667916600221782        1.7223733583760759        1.6359959300459876        1.7455121235644915        1.5045358247509040        1.8249275998092216        1.9284700628637881        1.4816755181105530        1.9185302825918564     
  0.92530915297559435       0.91897685564666909       0.93872384744733239       0.96445181472054542       0.94106864947351743       0.91429556407530976       0.73311127446594682       0.96003483103855336       0.94323185854338776       0.93860761068919940     
   1.5177604248409760        1.5630595931606648        1.5012377578569851        1.9204998623394172        1.7460433098301842        1.8667764353538683        1.6466073224573885        1.9938046567069898        1.6730330791766777        1.6394205264141859     
  0.96168538922221547       0.96064745076451963       0.96917830514130121       0.98219516969088427       0.97121883845116985       0.94698208539353523       0.83411952072619089       0.97940269574721439       0.97181481676789927       0.96934229612087863     
   1.8481610215933510        1.8663210549332507        1.5783211763555338        2.0931912358629998        1.5517638210740132        1.9964601927033154        2.1271685155462992        2.2522071373950827        1.6960246115394528        1.6118827334245251     
   1.0000000000000000        1.0000000000000000        1.0000000000000000        1.0000000000000000        1.0000000000000000        1.0000000000000000        1.0000000000000000        1.0000000000000000        1.0000000000000000        1.0000000000000000     
   1.6946959840128433        1.6751021121561955        1.5978160641578159        2.2014118208107423        1.7451212973126879        1.9629476665268659        1.4095334773807966        2.0901678715515142        1.6898344724745007        1.7302079873669496     
   4.3701422707649717      -0.46439872167830720        4.8979881839684261       -8.7180144601344001        5.3336641885630689        7.2215086221534879        7.3539396857958748        5.9146270390401545        6.3183368338281651        5.7284888091509236     
   4.8592386985587526        1.6198321732101977        3.8876245945103602       -2.0463896316546704        4.7791022272062804        6.5439315701729255        2.9590315219719723        6.9232440422367167        7.9920726375965234        4.9934995537827893     
   4.8935305889889911        5.1281160166353246        5.8525385173423770        4.0457348007398171        6.2691138443242718        2.3845931464143564        5.1571272758726190        4.1361610699343565        7.7009756429379372        6.9332922145550206     
   6.7863695159052337        7.8076504670509790        5.3805618132380530        5.1173864676990091        4.0521409853182924        3.9634452307650769        4.0508007434665636        4.3947900908948627        2.7564307052782060        4.0128100935408764     
  0.65971625586444604        7.8222158546517404        2.9126817880286202        8.1085636060697848        4.4669890076582153        3.9664620516827886        5.9724430659151677        4.3792942236369488        4.2653699942258099        3.2529957837649945     
   3.9297502941768467        7.8000093415161311        5.8961355548268077        7.0598425437918877        4.1310206002231311        5.1015322933600151        3.1943693296465900        4.3508250424363260        2.8318751659369275        5.5228542524400188     
   6.1748885787337748        4.8779956004560354        4.5145685072300257        6.1952089791631870        2.8123501066823646        5.6315099364075003        5.3633237881533606        4.1834096835478638        3.9423912703605088        3.2162793860857843     
   5.8319675835241451      -0.54510580961594246        4.6801728059058361        10.141237680430468        5.1905577553325974        4.4824649615463663        6.5109882411887448        4.6474283055122054        5.5042664030804591        4.0214435992328772     
   10.324747107717956     
           1           1           1           1           1           1           1           1           1           1
   18.269217200372832        9.3034019049049714        9.7204248923462522E-002   5.1737938379196944       0.51283685131759793        1.9060732953061410E-003
  0.11048958906676805        9.1339064172492990E-002   3.9979196531815496E-002  0.21028107398360915        3.9915150710787876E-002   1.0935296458658528E-004
   1.4152783068218738E-002   3.1601551380745914     
