 scale variations:
          -1           3           3
  -54.724377594407855       -36.446714258933476       -88.078641855349730       -57.828144835466958       -38.498545752336554       -93.065539292631229       -49.835181822696441       -33.205954642368731       -80.246091864003219     
 pdf variations:
 NNPDF31_nnlo_hessian_pdfas         103
  -54.724377594407855       -54.679906047382893       -54.704530383466661       -54.668283923439873       -54.826720634390064       -54.741151846199635       -54.628791413603480       -54.647790593738208       -54.603289214570829       -54.797993601727548       -54.568367705186802       -54.559207242308474       -54.797481845784652       -54.652975452996913       -54.808520783565996       -54.895542890198101       -54.923330848512563       -54.648401698507641       -54.693862275916757       -54.635910929763426       -54.806878007011449       -54.771845046894981       -54.890306009528246       -54.661417684723972       -54.936222811481429       -54.860686252582923       -54.740632149541639       -54.744420658633260       -54.660745969651870       -54.623155818101203       -54.926198600168767       -54.755208198343794       -54.726044067886370       -54.623232111943103       -54.645860899502139       -54.809280777824597       -54.779475900638388       -54.665143066010017       -54.677108378099462       -54.838025140056047       -54.896727011296989       -54.821825601679642       -54.652054041965698       -54.543952063589302       -54.733279061703591       -54.692287599276455       -54.846582009878446       -54.896517171609744       -54.558357978060535       -54.719372950833716       -54.793962968778288       -54.749973901929430       -54.697939854312864       -54.720362624617238       -54.727152554039137       -54.713487745560947       -54.748433972265055       -54.715619618018792       -54.718496192250257       -54.705940939489693       -54.716043168026687       -54.700039233674261       -54.764704163675688       -54.733102423192996       -54.697216526946505       -54.748626569095052       -54.729517450937820       -54.733483883611498       -54.772717943893831       -54.692929052218844       -54.680000700652528       -54.629763571479415       -54.747090318295754       -54.644487127273507       -54.690395711152831       -54.693385721821627       -54.732771915994029       -54.675022307637349       -54.730085009108883       -54.764296057524618       -54.749747511702445       -54.729732310987629       -54.763212137217636       -54.690301355882099       -54.712962491729144       -54.713673728320046       -54.713447919353257       -54.724095390439913       -54.720293226947206       -54.755478113374103       -54.726450449241455       -54.716627749043695       -54.689967001639886       -54.720904001820621       -54.707378300687296       -54.719547398803584       -54.704462216213294       -54.758460055270859       -54.721265692854679       -54.716882051011410       -54.741286190949623       -50.887934314561356       -58.812774320405325     
 NNPDF31_nnlo_as_0108                                                                                           1
  -58.316288698952185     
 NNPDF31_nnlo_as_0110                                                                                           1
  -58.316523198205076     
 NNPDF31_nnlo_as_0112                                                                                           1
  -58.457554686424892     
 NNPDF31_nnlo_as_0114                                                                                           1
  -58.526155803042286     
 NNPDF31_nnlo_as_0117                                                                                           1
  -58.661699532754213     
 NNPDF31_nnlo_as_0119                                                                                           1
  -58.790199296319059     
 NNPDF31_nnlo_as_0122                                                                                           1
  -58.759434111429350     
 NNPDF31_nnlo_as_0124                                                                                           1
  -58.945378678602452     
 NNPDF31_nlo_hessian_pdfas         103
  -59.916578866485779       -59.902433805120268       -59.971731902301613       -59.888617711335932       -60.070342592801410       -59.962287659974557       -59.805468515524211       -59.984335775430146       -59.964124580886072       -59.966724035624154       -59.734096041841184       -59.851397694437978       -60.014949824831618       -60.052043308463084       -59.977290557445627       -59.764348818739741       -60.144117346627525       -59.881320210757465       -60.086600896010253       -59.796039857323564       -59.715114480896176       -59.933708010060720       -59.878203664290517       -59.719319234081780       -59.989500860923016       -59.861082618917798       -60.031519291774146       -59.797680200133755       -59.785071242646779       -60.090362607524312       -59.920465035278966       -59.759211060378014       -60.063862559261750       -59.892899747067986       -59.894487663540446       -59.812335796622932       -59.875700659326384       -59.928034672774615       -59.890068008343171       -59.798333334751533       -59.963320062522591       -60.074704704968617       -59.907924483773968       -59.956366535674910       -59.898274753991082       -59.849356184934337       -60.118772904069601       -60.001093135316935       -59.848784517181819       -59.855456178144337       -59.742670743472814       -60.098844907903590       -59.846874888229777       -59.886217158544717       -59.899816678995485       -59.935334152824069       -59.802735156540336       -59.978797868912466       -59.850061162874361       -59.914401007253147       -59.964138714439294       -59.969815513618038       -59.934505068474706       -59.909722999015159       -59.937403757217410       -59.917208380573406       -59.972050712449899       -59.876056843706245       -59.906222097463051       -59.858161329845046       -59.873512744177816       -59.911842674528486       -59.923801035312543       -59.907675484253275       -60.016323973721185       -59.991398045465168       -59.944537973981490       -59.920358313593191       -59.941185077196977       -59.879744528513953       -59.857601413756569       -59.864813647373211       -59.863023606911973       -59.925558350046387       -59.963861458639599       -59.912739672381861       -59.908835058843991       -59.918330871779730       -59.892820459417393       -59.909223837067046       -59.887476198691829       -59.898614476113977       -59.931093460112905       -59.930376050817898       -59.912240790141240       -59.924360210917939       -59.909842651234527       -59.886606309044538       -59.928336398846653       -59.942490182952127       -59.934063722885533       -59.965494373867514       -60.093677712759010     
 CT14nnlo          57
  -60.330067256109615       -60.010027665787796       -60.140807590444567       -60.046439392554049       -60.587661792756990       -60.580011415682279       -60.586336895462836       -60.601965819513040       -60.185072450754859       -60.934618971825422       -59.898508321704554       -60.909186346119725       -59.484965593925310       -60.693657200889731       -59.755306476775466       -60.071304010582338       -60.855324904612417       -60.143969365947406       -60.508285377488932       -60.197206487210664       -60.419151248710065       -60.342223147803622       -60.327086372122722       -60.142454503965126       -60.543623079198056       -60.534698138708876       -60.158105679591344       -60.231029513082902       -60.487946052173136       -60.919160141986758       -59.946438035866819       -60.426153658555236       -60.168770934952988       -60.574350173791821       -60.105484499931492       -60.239522707112741       -60.396488988506604       -60.155976934242887       -60.522478530165657       -61.426425674217072       -59.453016122667535       -60.783313978930252       -60.200278878342601       -60.477451025111023       -60.276612853353804       -60.341943198604930       -60.354457016229404       -60.204528462545184       -60.251387347289594       -60.252030601716747       -60.632127147739865       -60.247632928034477       -60.836875946928473       -60.421572765264017       -61.053049094856704       -60.019039579796413       -60.925423708441102     
 CT14nnlo_as_0116                                                                                               1
  -59.805529683376221     
 CT14nnlo_as_0120                                                                                               1
  -60.900451971237757     
 CT14nlo          57
  -60.081213278256513       -60.564147200643745       -59.964647514136800       -60.080971227709036       -60.160909242852689       -60.258672705689932       -60.040053733099555       -60.249694645133602       -59.936511326564641       -60.238693755015056       -59.944631476888631       -60.318431709599921       -59.972821359542941       -60.004093569448145       -59.964452359178239       -61.147023942210303       -59.079534992772707       -60.058810903242772       -60.130555224891040       -59.894833715413029       -60.266220752162660       -60.045778773866886       -60.140462554108737       -60.725257181904738       -59.473617893503452       -60.207584483630754       -59.951677474018020       -60.057297017131198       -60.103926798173859       -60.380174898277815       -59.977291992190459       -60.120081821737458       -60.030677687283614       -59.967998600178774       -60.344284315877680       -59.944781433629700       -60.210720219412323       -59.605350335265776       -60.642920837864480       -59.362192273549724       -60.512217972252017       -60.304436550501038       -59.982325641792002       -59.530782418188878       -60.245599836543676       -60.741413561319348       -59.658482940175340       -59.744831363041854       -60.585058701467190       -60.261859102400294       -60.191530013697189       -59.878945423971267       -59.788104915842524       -58.634925713928837       -60.069366277382521       -59.769898793614523       -60.548486551144165     
 CT14nlo_as_0116                                                                                                1
  -59.653485357441824     
 CT14nlo_as_0120                                                                                                1
  -60.558338546019243     
 CT14lo                                                                                                         1
  -56.529009744323005     
 MMHT2014nlo68clas118          51
  -58.945436842121453       -58.939258576787097       -58.953041990047232       -58.904648010130714       -58.973126008045881       -59.011172282129486       -58.885046979291197       -58.797728793436363       -59.110788530702870       -59.035034727476940       -58.858148305005635       -58.992431636456459       -58.842722439194588       -58.963999030094755       -58.912738113157388       -58.776568456088391       -59.041268819229415       -58.769378319611228       -59.155634014901651       -58.907678937944908       -58.978570590561645       -58.986306201466583       -58.892751243457965       -58.824818358388342       -59.035358081393511       -59.179053893711426       -58.616923680373390       -58.919736421747970       -59.019158705704768       -58.805197129449823       -59.114177491665416       -58.723558220381939       -59.194848221872149       -59.155986823037239       -58.723746657286824       -59.036608836703806       -58.790668215913222       -59.000818758197994       -58.923681006100836       -58.765631894720023       -59.141396689306148       -58.127006476900590       -59.810995447305999       -59.457065103612273       -58.660764427635613       -58.751013799040997       -59.438273931673351       -58.866677234024479       -59.023168422788203       -58.878264974907516       -58.976095764525297     
 MMHT2014nnlo68cl          51
  -59.568304897536471       -59.536487747050742       -59.608953966852937       -59.675283560334819       -59.462173974181027       -59.553402271735521       -59.574315685525391       -59.409683603677294       -59.726468757659191       -59.615882242022309       -59.523036147435874       -59.309379470468627       -59.679864967166893       -59.624705320737093       -59.499966600638118       -59.485827344950749       -59.656262197786191       -59.398036630271278       -59.660201040023608       -59.554898236097060       -59.587697069453426       -59.464858614928168       -59.637067098942566       -59.609930357229032       -59.502579912053918       -59.612878648690561       -59.459107176549246       -59.562571548547275       -59.632965045644525       -59.685458299593989       -59.258769879285609       -59.456942751933809       -59.821433237801067       -59.576998150655520       -59.555638737425127       -59.310221495170012       -59.702728459121012       -59.598415488371785       -59.474701672739087       -59.349266919682762       -59.723870347746015       -60.135381602718539       -58.592647442515386       -59.634226483637434       -59.218542423854075       -59.247259096589119       -59.796712855940470       -59.844459741961167       -59.446617688653916       -59.699486410295535       -59.439266553163776     
 MMHT2014lo68cl                                                                                                 1
  -56.627602579471784     
 ABMP16als118_5_nnlo          30
  -58.487677645918225       -58.484710052856613       -58.503345768092657       -58.462210358622229       -58.487455605208098       -58.450067695599031       -58.407112116962395       -58.569639248319518       -58.580565181125138       -58.540265887450175       -58.469077428259091       -58.516775564045034       -58.411702906483839       -58.462110006882199       -58.553016104780099       -58.423900144565820       -58.460987480625349       -58.288731665824329       -58.650581767601096       -58.420237887140949       -58.625282687827266       -58.332293055182902       -58.732271421583718       -58.547129143362142       -58.314593378942519       -58.279924349158833       -58.533201508976020       -58.710910928258059       -58.264181125207614       -59.002361067354784     
 PDF4LHC15_nlo_100_pdfas         103
  -59.903966542125957       -59.486390684789122       -59.820840028757416       -60.122943105039681       -59.713496694079637       -60.057288270603756       -59.733696116436477       -59.866457750639015       -59.549432123054814       -60.089269423402534       -60.071675371701645       -59.502365449862111       -59.933723129698571       -60.098573928746461       -59.661611611928237       -60.029769421519084       -59.608650014989323       -60.075151012452977       -60.182795583717621       -59.665569248162697       -59.429121960898506       -59.717202032521868       -60.432861784041968       -59.823709006184508       -59.773153906625851       -60.197073750999920       -59.902002736939373       -59.847074097041585       -59.779785169952632       -59.786667934119080       -59.880721353937666       -59.897428817953333       -60.027900581517486       -59.782779183105049       -59.926670131573502       -59.998021005098742       -59.841947665615827       -59.959881139072237       -59.805937701311443       -59.898149875654283       -59.968878563547555       -59.898348551937517       -59.983918623239660       -59.875164440797519       -59.979839017628741       -59.958989584136987       -59.910075519667622       -59.909109566947983       -59.865582712419489       -59.952301918719641       -59.826874340115687       -59.839540474062801       -59.822693155179536       -59.842336414504260       -59.842373362661448       -59.909174867113627       -59.880316160485691       -59.907550007346735       -59.963697259628873       -59.954420906679033       -59.843820741975250       -59.965352898428364       -59.889180378413883       -59.928983873849738       -59.898245183696382       -59.977745745180513       -59.957956061819459       -59.920833225291332       -59.947491091562696       -59.930292797202881       -59.876245091374869       -59.852030462063070       -59.883514370077307       -59.877775017214276       -59.840689230534188       -59.895204055368538       -59.926840202292226       -59.848429768070488       -59.878950065631898       -59.939687975514886       -59.888299812861604       -59.925964153319001       -59.882694264534379       -59.888460651013155       -59.933413926831264       -59.895661270287292       -59.953086577720683       -59.909978650893080       -59.933858606157898       -59.911920379667365       -59.915317400364188       -59.859212587307930       -59.887810480333108       -59.900543686955984       -59.877170195764663       -59.875680675865993       -59.908235114825445       -59.922609821603324       -59.907020605358682       -59.896253750452559       -59.904103544074388       -59.732261015563779       -60.085850214121535     
 PDF4LHC15_nnlo_100_pdfas         103
  -60.050974949337331       -60.092393147955576       -60.000771315320222       -60.066570947832609       -60.225223132455262       -60.332175798896188       -60.253348462498678       -60.133156023498657       -59.996805428149926       -60.108303680591206       -59.973230307935424       -60.489274358051283       -60.218465485932086       -60.247458944352715       -59.941059960661235       -59.972331039455966       -60.097779851486280       -59.978807997705147       -60.275610776605113       -60.039086685799660       -60.218737746404628       -59.489057644374185       -59.788231745872480       -59.760165118433122       -59.871276644599810       -59.942740307376376       -59.838711500559363       -60.119487111972134       -60.131235198435320       -60.027913697672773       -59.994846237648879       -60.009548410635247       -60.064536815178954       -60.141515079391603       -60.077241761535106       -60.245136095823206       -60.004293684087756       -60.198446583724447       -60.163520042326944       -59.953884941251374       -60.006818355059707       -60.026950616414894       -60.063801760788394       -59.972441745648325       -60.050070706628389       -60.109837612103192       -60.014426749445498       -60.048147790065656       -60.077214486581397       -60.016558688713545       -60.056579240129054       -60.084817303564947       -60.085447957428464       -59.975169549818688       -60.029264477959714       -59.985039629489030       -60.087412213355961       -60.083278385984755       -59.978516533938276       -60.032191454007460       -59.998223510772050       -60.091711029632904       -60.040053464527915       -60.050615778186213       -60.081462299271102       -59.994162127020203       -60.001084487682903       -60.040086976867400       -60.051386322961712       -60.066514442240660       -60.029807757547559       -60.073072555731827       -60.047348947820190       -60.047377892991435       -60.041423654949554       -60.061428673497538       -60.047949413793020       -60.073618166959328       -60.034237164713986       -60.025756072430326       -60.111493259444387       -60.042450683763626       -60.061056507114316       -60.038698665592101       -60.006006553583589       -60.031743012147921       -60.079040585432651       -59.987911072658221       -60.027279590790897       -60.014494415862913       -60.066592742953503       -60.022278372972750       -60.018967372979773       -60.053881514043951       -60.029390418612337       -60.047090124454058       -60.063830575429762       -60.060639726257698       -60.040608861052362       -60.046739302200251       -60.061043220212184       -59.819105192677810       -60.231408775058370     
 PDF4LHC15_nlo_30_pdfas          33
  -59.904937019329893       -59.768770702882392       -59.068364272205933       -59.851037273514613       -59.753615610973227       -59.874098664065585       -59.641708377434398       -59.862461963020984       -59.798651363373672       -59.831180337268066       -59.926191853346495       -59.616265158451114       -59.821911657507925       -59.969715310085491       -59.552274281672304       -60.040335539914963       -59.913758319572423       -59.833615893680204       -60.004493043090505       -59.284512510720447       -60.047810373331430       -59.852531987185472       -60.095665698703122       -59.913784290066417       -59.768203529338443       -59.942951968536995       -59.679968921194302       -59.997164378386998       -60.042201204551517       -59.936124798399263       -59.898497609000813       -59.732261015563779       -60.085850214121535     
 PDF4LHC15_nnlo_30_pdfas          33
  -60.051511764316743       -59.666413180658481       -60.333895381500199       -60.022635818355823       -59.682283842473893       -60.129695287628252       -60.074085376081584       -60.105711556743458       -59.946036046745959       -59.892934241343369       -60.062392194708096       -60.257539017035761       -60.006599880452299       -60.074659767333586       -59.954631249937677       -59.689680340290096       -60.048614495849932       -60.233737267438627       -60.005951139634831       -60.155001956097962       -60.171264015810635       -59.892263650889291       -60.229729412888631       -60.089957536710507       -59.983804875814727       -59.987583246869065       -60.132809647127800       -60.231867887565315       -60.134935218110897       -59.385331022686444       -60.038941112932321       -59.819105192677810       -60.231408775058370     
 HERAPDF20_NLO_EIG          29
  -54.028587755109299       -54.019419712294642       -54.037717583045705       -54.053140916282388       -54.003958171095164       -54.086445483089022       -53.970888493265036       -54.089069658031889       -53.968471801986496       -53.991987343652220       -54.058380261266592       -53.917977747479341       -54.149135900849664       -53.975859060473169       -54.081913818383335       -54.250157081902287       -53.780401510809639       -54.236181837341832       -53.833551041537632       -53.888152069145740       -54.150457184579082       -53.728593512053614       -54.297410834421719       -53.597293358014895       -54.337263089374076       -53.961986199076698       -54.133286644746413       -54.542473454835971       -53.590691348180606     
 HERAPDF20_NLO_VAR          14
  -54.028587755109299       -54.978277799558867       -52.942068011691617       -56.474293407960353       -55.559034684586145       -53.898124851480347       -54.724095356150279       -54.436096209636716       -53.663786450550745       -54.106071634856299       -53.957911932209669       -53.773233702987866       -54.179254731500748       -54.044301472683131     
 HERAPDF20_NNLO_EIG          29
  -58.277201540809941       -58.266883714759757       -58.271745868557332       -58.267665352000115       -58.270968051134133       -58.340139140597969       -58.198600294903400       -58.375285658603858       -58.164225545905197       -58.176609966830483       -58.364525701364350       -58.371293067983416       -58.162478917304497       -58.206250683057178       -58.331260711089982       -58.321562689842494       -58.186389559640730       -58.090053843850413       -58.445090031860921       -58.102003246388193       -58.428193600717613       -58.754193450744367       -57.774536836717374       -58.066670671007628       -58.493267163485271       -57.874214461358449       -58.638015512117732       -58.182953972571291       -58.431026543836850     
 HERAPDF20_NNLO_VAR          14
  -58.277201540809941       -59.207925713220533       -56.834751559601820       -60.415512255416658       -59.292900001710777       -57.848660511630698       -58.559532109289641       -58.757435043913183       -57.814884116474047       -58.288084660037661       -57.546687140714766       -58.250193766396727       -58.149708264013505       -58.331105697511902     
 CT14qed_inc_proton          31
  -59.770601354477179       -59.757981987884484       -59.745406407574663       -59.732836914238746       -59.720160849876017       -59.707550517501090       -59.695022278741170       -59.682396260270679       -59.669785381615057       -59.657149976494082       -59.644632249699384       -59.632033334180328       -59.619407238304049       -59.606890620359685       -59.594195220840035       -59.581721920326437       -59.569078371464286       -59.556513820065526       -59.543965763692754       -59.531381750021339       -59.518790547112211       -59.506202283325173       -59.493600189534092       -59.481100977173327       -59.468426218245995       -59.455921844889794       -59.443282095923678       -59.430750260288420       -59.418203972698599       -59.405597849494370       -59.393010336004991     
 LUXqed17_plus_PDF4LHC15_nnlo_100         108
  -59.566165569324994       -59.599392927582194       -59.514051767491544       -59.582331438492048       -59.737353403749900       -59.845444100287452       -59.772624216014663       -59.652916748635477       -59.512692048505542       -59.623536056833792       -59.487291838697359       -60.009953532339878       -59.735560813555949       -59.762405257287170       -59.454875024451582       -59.477955385407562       -59.622244944077551       -59.491099974173245       -59.786659797455570       -59.558785831193916       -59.738754280859695       -59.005355555232413       -59.304692415599149       -59.279163390949819       -59.384317539645110       -59.454351637434797       -59.349829539272534       -59.639717601433787       -59.648821855466657       -59.540168016327783       -59.506925926700738       -59.531865399806549       -59.577816304925179       -59.654499553537335       -59.591249203192064       -59.757671168352388       -59.519773997873259       -59.713312987344601       -59.677047426444382       -59.467416208329439       -59.522099615628989       -59.540639339551262       -59.578095299478797       -59.491682237810394       -59.564823156526643       -59.623997250520667       -59.531180496954029       -59.562080913070069       -59.593276306311608       -59.531155410413547       -59.572514258912420       -59.599288693124194       -59.599649391818346       -59.491255668755223       -59.545739708114894       -59.501687010758872       -59.600311841423448       -59.598560218654832       -59.496327677817547       -59.548339225339319       -59.514595525868295       -59.606972754128435       -59.554924590834759       -59.565046839745918       -59.597156091421169       -59.509716541383767       -59.516509388783220       -59.554268531855556       -59.566341211783083       -59.580360667035578       -59.544651138470243       -59.588729180109638       -59.562185988430571       -59.561934437648674       -59.556798718038962       -59.576993505241091       -59.564565434556670       -59.588903639934948       -59.550449921033255       -59.540865086320650       -59.625041593671298       -59.558815887855246       -59.576636445989806       -59.553958535814687       -59.520980122830707       -59.547535502917228       -59.595362182512432       -59.503154333152551       -59.541957189758520       -59.529081208295821       -59.581208850222822       -59.536805324985934       -59.533748922913759       -59.569093878332296       -59.543464952936631       -59.562276428458560       -59.579405129644705       -59.575754888536778       -59.555593551377882       -59.562436215794961       -59.576508109202393       -59.565694865035866       -59.563089878692551       -59.566651978151050       -59.566733510857745       -59.567589631810293       -59.566372425780685       -59.564119257423869     
 NNPDF30_nlo_nf_5_pdfas         103
  -60.682230229582188       -58.074568910881879       -61.153064466455021       -60.038572643902924       -60.243179151266119       -56.646594042238746       -60.980057601196528       -61.195664387873379       -61.522223630639331       -60.071103953945340       -59.442554504058450       -61.130795824969283       -60.950014719455666       -62.638940949615233       -61.733315564527139       -62.117331424496498       -60.033336409747378       -61.008382304979406       -59.220189308799981       -61.220430869189741       -60.879782485675506       -62.417378207777602       -60.306136535195691       -62.018424136803432       -58.742301488023003       -60.871818459761066       -59.301629558872882       -61.554937363458606       -61.163292447162348       -60.666274490656392       -60.546301140443163       -60.513540174985025       -60.450833067375463       -60.821109476031921       -59.167406231385819       -62.750841880589192       -60.513414754731741       -61.779279633494085       -60.577291932190988       -59.840279728513110       -60.534312046817959       -61.905203791861666       -60.852014585242458       -59.609617734491515       -59.245407395546110       -60.690255442306551       -60.243552018750542       -60.744205882633381       -60.561429646343605       -61.240911396430405       -61.308412062777833       -60.565541171727666       -59.731830558670580       -57.705114510146238       -61.799803198875111       -60.606871645712360       -60.333916233985789       -61.501267002546342       -60.942424096357691       -60.604636612603528       -61.276890677325966       -61.368397341779954       -60.143421267855423       -60.485775335414203       -60.015991515395214       -60.190349644702451       -60.367866730522614       -62.502609601298012       -61.023132845149178       -59.902237695212946       -60.946651033682258       -60.226560996717453       -59.934308174244492       -59.404664248589214       -60.359410055333228       -61.588732761285797       -58.864286781787001       -60.287184515111548       -62.591683014230959       -60.427209095501965       -61.128633065763339       -61.213445477176862       -61.033807144151595       -60.657206513392850       -61.232645155252044       -60.715850948081901       -60.925652005781004       -61.414878801894616       -61.743680142801743       -61.407257398070485       -60.388635387680878       -61.241686249714789       -59.754342201243198       -61.161822888104453       -60.979676241014957       -61.326682783138466       -60.573752132131474       -59.958951015486846       -60.935293912426594       -62.269367730562941       -60.987657196403475       -60.584837064902430       -60.772322472848138     
 NNPDF30_nnlo_nf_5_pdfas                                                                                        1
  -60.155725157525865     
 NNPDF31_lo_as_0118                                                                                             1
  -56.317849359583612     
 NNPDF31_lo_as_0130                                                                                             1
  -56.254431792280613     
 NNPDF30_lo_as_0118                                                                                             1
  -56.795307208642114     
 NNPDF30_lo_as_0130                                                                                             1
  -55.671300536766751     
