   0.0000000000000000        0.0000000000000000        0.0000000000000000        0.0000000000000000        0.0000000000000000        0.0000000000000000        0.0000000000000000        0.0000000000000000        0.0000000000000000        0.0000000000000000        0.0000000000000000        0.0000000000000000        0.0000000000000000     
  0.11208138427611565        6.6054984589963006E-002  0.31447210172553036        1.5558665723281280E-002   3.1136677912508764E-002   2.9953271651971720E-002   8.5264366676193939E-003   7.3759040125624190E-002  0.59510973672419909       0.18427692223838540       0.11146906413855602        1.7903869179801104E-002   2.4674014282284586E-002
   1.0818351235854142        1.4879025744412206        1.3581612849683740        1.0816402054926759        1.0544062201499862        1.1396729022142931        1.2501383622141378        1.5130699105327201        1.0813678280464485        1.0127533622049358        1.2403298478419722        1.5392874450007756        1.0203193105122712     
  0.15160122486567343       0.18864082655401887       0.48099328035749322        3.2003232120308346E-002   6.3717764472645336E-002   6.5170504987890746E-002   1.6938009932007246E-002  0.11031540540532538       0.73124373031169410       0.32921066771074997       0.14361492878616197        3.5231078209489758E-002   6.8059911862949574E-002
   1.4182575292422834        1.1447055826027108        1.2196440875549799        1.1399684789360314        1.2378444164783466        1.4414907331041158        1.3138268524690846        1.2470611317320994        1.3137459847781310        1.2874601557178260        1.1705174731303203        1.5987598518090493        1.2622399249864336     
  0.17550063411797084       0.36237391379164624       0.58547661834764830        4.9202828616292389E-002   9.7208905039306306E-002  0.10058126535606794        2.5089947345196820E-002  0.15662156444642944       0.79173641156216434       0.39347849979008487       0.18792742566180287        5.6290947530657956E-002   8.9481866917433137E-002
   1.2046954730697423        1.1013944250646850        1.2107198295992951        1.3968510304560116        1.0574359566927136        1.2477013624184921        1.3851079206408610        1.3591023865147533        1.3584592464219818        1.3544954320849674        1.0696926816863936        1.4650256744413366        1.1487210100216605     
  0.19743308160315795       0.64408346222295998       0.67010789269637894        6.6957483809920657E-002  0.13151649010643338       0.13420208739225664        3.2645488675457829E-002  0.19342920536394267       0.83234505154625327       0.42900718092400375       0.22138817564730473        8.0483352357129070E-002  0.11968708254096665     
   1.2960928948239310        1.7056414750871993        1.1089540346898648        1.3162951489959016        1.3338852624173825        1.2630313298125329        1.2231673560709526        1.1555819562073788        1.1923337483339582        1.1274995020067131        1.3531764803874846        1.4386182310082019        1.1946463692741072     
  0.21933630722192957       0.78605947151100541       0.72703863438814154        8.4888168814449633E-002  0.16241758842907147       0.16958697300440226        4.2119159251717372E-002  0.22052231634382527       0.85601101265935609       0.46254228363472422       0.24969499787263422       0.10580238329608779       0.14987664476717610     
   1.0671301337240668        1.1118371007475065        1.4086056075882500        1.1405490471199120        1.3026450280675521        1.1164151162295812        1.2796258307480282        1.1318292578029228        1.1875993243786167        1.0884731030970975        1.5669819235954698        1.3651675036332938        1.4812218218469846     
  0.24261844805447677       0.86396618554489324       0.77033033307391330       0.10481610564586478       0.19634951653623847       0.20552725114131504        5.2453204122125625E-002  0.24710689261728427       0.87657602581745586       0.48532170034262900       0.27733249146815336       0.13350691614023580       0.18004002762158139     
   1.2553534649350186        1.1970806287257538        1.2197491785527583        1.2010276936920441        1.1825010657886634        1.2148157031614677        1.2294575517825077        1.2649152831271764        1.2895014357873897        1.1428774847603258        1.1594330958890495        1.1529968927235901        1.0263119074219635     
  0.26648868331938630       0.90804577964370892       0.80775412695171023       0.12413697924651809       0.22791692947541586       0.24165414861709339        6.4060216549458288E-002  0.27340067409622981       0.89400561182944915       0.51152749513870333       0.30372710884969517       0.16191269402401418       0.21026741564224197     
   1.1415767911076529        1.3487721804908419        1.2503164421154405        1.3397756015163131        1.1510940709269131        1.2632357714601830        1.2059093066707127        1.4022307456261434        1.3273894738483289        1.4059274015606693        1.3328454857919994        1.0720355960310410        1.0718306129477673     
  0.29220269654524517       0.93006791021759194       0.83748326122785310       0.14496121087105357       0.25771392045398689       0.27452443445346592        7.6230242704831197E-002  0.29609455618639635       0.90777691497443791       0.52783460859276266       0.32844888197490957       0.19239437235169854       0.25381503347702600     
   1.3956987955367681       0.99178987543774799        1.0487286483720084        1.2303493029672712        1.2527149071037744        1.5333186235566780        1.3718028150181611        1.1078656101305007        1.3436684033206494        1.1818743490280101        1.1347324907021465        1.4183322017752427        1.5427882273430855     
  0.31713605930334793       0.95091501185098726       0.86041942123039039       0.16890408827231623       0.28702607311228551       0.30403672052681513        8.8672982153681329E-002  0.31496217000071175       0.91967410109890713       0.54889437795828866       0.35318369929236026       0.22492062908055938       0.28780139767053237     
   1.1942280948941362        1.2229595444671988        1.0747348427757839        1.7013185806019577        1.2262320142641110        1.1796376141044407        1.2853623154852096        1.1659174049421348        1.0959249694708277        1.2540205417115713        1.6051919999823563        1.2287455926480293        1.3914146696157121     
  0.34288597339110977       0.96038128629286379       0.87908929432615779       0.19391593619131053       0.32041226087897096       0.33466318674837403       0.10550195998508262       0.33521349942679846       0.93050029936205159       0.56911411012118207       0.38140599726287866       0.25151128744528994       0.32180843043450913     
   1.1183179022944538        1.2080249097373801        1.0733908987125318        1.2371081364907948       0.99964822271509601        1.1503862619249325        1.4472590446929243        1.0147129608858860        1.4710730617953227        1.3516472744726782        1.2274385047221215        1.1287755981784353        1.4299362308239041     
  0.37065545988123416       0.96891157890139401       0.89503106350695816       0.22045082745269448       0.34921620200788078       0.36166298908126093       0.12297227635066156       0.35568599168664783       0.93850136878066637       0.58642276231804280       0.41207849979179872       0.27858052706679920       0.35630003116100450     
   1.4895373691778049        1.1216510292268935        1.1719146604726804        1.3412064339249790        1.2205521673890112        1.1504011798209293        1.4247318659979227        1.2645910806456053        1.0705384130150528        1.1655436324964448        1.1449026554046531        1.2932433346678005        1.0728392604922421     
  0.39542745641963040       0.97648905842113110       0.90839743184682176       0.24402223955361649       0.38598903626495062       0.39080566816446144       0.14131468138626271       0.37777576098383925       0.94552957245014813       0.60278783348869658       0.44170580859711195       0.31048783230640514       0.38550423529901934     
   1.4539196343320779        1.1834863698591738        1.3058540748529113        1.1969441587232361        1.6321677139674895        1.2814482546843582        1.0799141541581776        1.3208001234938505        1.0962209069490814        1.0524538919990694        1.4847285768453733        1.1851808198606526        1.1044983829836648     
  0.41464500973757534       0.98234537519306275       0.92135556791936746       0.27265613018061302       0.41433791806833620       0.42080177473897279       0.15962529138818404       0.40230350676184679       0.95184073308752748       0.62007569407275420       0.46896099780053463       0.34635669258104324       0.41206299092507653     
   1.1926904383215058        1.3006801762535589        1.1816487767061299        1.1579916060137192        1.1450835158056794        1.3989894339276376        1.1049301191073020        1.1566870550746853        1.1541691256099398        1.1945586474786867        1.1594286514293068        1.1603209134235226        1.1653494033827356     
  0.43419017607637811       0.98526639757611789       0.93382070375029869       0.29757698404844851       0.44601965752648814       0.45366551814654571       0.17900620525413161       0.43325435371086557       0.95759029021327735       0.63638620367327925       0.49458178229800293       0.37761492026737703       0.43986611307432782     
   1.1756400150924455        1.3113827119647987        1.2011858085109723        1.1522420633130401        1.2100056107611894        1.3249032799660976        1.2824058974407011        1.2734208580140369        1.2686348534339467        1.2864694520796718        1.3390088734658678        1.0689470796401588        1.0336197984187154     
  0.45909653172833648       0.98789905820591950       0.94280383528853917       0.32528118082818042       0.47951830885962499       0.48633556450204535       0.20068994295764281       0.45830072838695940       0.96265982627963587       0.65082800988128076       0.52743353234358903       0.41242950234301728       0.46908489496486622     
   1.1486157371729167       0.94057846004383705        1.0443614286899217        1.1239972400737177        1.3510806237690531        1.2502887116408945        1.5217766507772086        1.2839686076237695        1.3427890095155823        1.4060685729355702        1.1659174049421348        1.1275283361637682        1.2892068014553200     
  0.48060947959454764       0.99046162935330639       0.95150358530448531       0.35279572946964211       0.51194688601614269       0.51728600613171405       0.22252032322126619       0.48959614481655961       0.96622642470967068       0.66384293630544688       0.56191060984663443       0.44859159864983122       0.49677985330606961     
   1.1195888954861808        1.1633466269396595        1.2512504379275959        1.3346730164990270        1.3157598423078314        1.5523618259252288        1.4088483634560451        1.1597775011788958        1.0037157283166396        1.2439918680929629        1.2542688649894091        1.2016161699332768        1.0729425320806212     
  0.50318722677676631       0.99240058051575242       0.95923088652897270       0.38082483335320799       0.53431230376353445       0.54473382832412209       0.24445609348265035       0.52836038024967458       0.96931147187355549       0.67720058301520236       0.59245679157558229       0.48537183477403284       0.52485842091797952     
   1.1581330583223661        1.3557265847905633        1.0306386317250928        1.1077421585708800        1.3340575328648048        1.2462432576271154        1.2613373266602221        1.1319079279559574        1.0840762198157814        1.2485127708527419        1.2500729578785956        1.3921812778179128        1.1546951857891896     
  0.52736219350946634       0.99381988076079375       0.96489582311121835       0.41036105211310581       0.58093440620825143       0.57711564227520096       0.26991426530264939       0.56080607548990946       0.97331316132849299       0.69232974433002004       0.61914299146784324       0.52164885820233786       0.55310536760936113     
   1.3361475840374819        1.0675751330876726        1.0314311657646207        1.0115955101859817        1.3557739462151350        1.0670401493199499       0.98662230755703917        1.0664519421909688        1.2139134211636842        1.2650537176029901        1.1129971023315064        1.2990652077624072        1.1644636492141567     
  0.55148557739011883       0.99492462211140020       0.97124643813367084       0.44171343936544555       0.60898657711183724       0.60500140363930366       0.30794993037563873       0.58802996311107691       0.97742255052408711       0.70586500659064333       0.64351002107155941       0.55697472146723814       0.58127356603277192     
   1.6104234799684081        1.4723534561488940        1.2848688808952595        1.2194691792054144        1.3002686318746863        1.3701674530305805        1.3901385666848900        1.3276216312963172        1.3274838609016990        1.2144916285701532        1.2019645412060074        1.0625939024052049        1.0967871130026010     
  0.57738233402500050       0.99583058799278734       0.97716430342035754       0.47552279931656410       0.63641015340310270       0.63336201965756522       0.33674758298549207       0.61156232079795847       0.98003474500171661       0.71992333982674039       0.67094598390213200       0.58792966163683735       0.61230906408050878     
   1.3561097149504429        1.3476587496892281        1.6123774957591817        1.2431205984525182        1.2878556274233712        1.2715228618442103       0.99708051826843636        1.1513600854673067        1.2772201441290676        1.4743381795116048        1.1920349440763636        1.2176842118281281        1.5665135463554183     
  0.59716748783555984       0.99667397281896097       0.98203532453899289       0.51454304036544252       0.66992281687371824       0.66604844551398501       0.36611945989053446       0.62976788531379035       0.98196983713340280       0.73481057158329977       0.69980024250263995       0.61631459010546308       0.64317504479579046     
   1.0699226905493957        1.2926754263343911        1.3403886725659384        1.3652859678387206        1.4246255912378687        1.3650476122987287        1.0417583686751173        1.1288804542416158        1.2575090258382222        1.0809951527471975        1.2962719755489458        1.0683208064970415        1.3082279708892912     
  0.62130945007054017       0.99747864434660383       0.98506093699360231       0.56039609865773743       0.70319771336078118       0.69476463101456487       0.39942787760629883       0.64976370831193553       0.98412601150330892       0.74918212478835400       0.72922890810246144       0.65028085438748640       0.67319395749573285     
   1.2583917794927695        1.1856295519812763        1.2527080788423761        1.2024676042424618        1.1858163296394202        1.2263190787822387        1.1564759597184939        1.3745712787323103        1.1847343340138030        1.4601458233648208        1.5039810515795260        1.1475627930698924        1.2809183012851157     
  0.64573567766498441       0.99803711705132991       0.98776603266347895       0.59710993060030937       0.73702118836974551       0.72293188599231339       0.43985452789908291       0.67015171227451609       0.98627949298909767       0.76077679257429198       0.75759767979935100       0.68205691330684282       0.70423061782412921     
  0.94271392446118685        1.0274712973760971        1.3016334664735596        1.1566979975549327        1.2369237669717954        1.0326040475072999        1.1380137764951062        1.2255976033265068        1.3388034607534676        1.1965765648413103        1.3881573294028815        1.1656667546569897        1.3728904153711443     
  0.67762916094419701       0.99843422198014975       0.99018797832319805       0.63531213672673059       0.77108345309272175       0.75216157054385635       0.47580204377676510       0.68871134228725472       0.98831893626993439       0.77360370202298123       0.78590733038905092       0.71778241320833114       0.73706223096111712     
   1.3250734286999855        1.2975060124854092        1.2531849315147467       0.93294431092347752        1.1122540260421010        1.2531566088011270        1.0578086895002023        1.3814391999913160        1.3350143365756295        1.1492488137686376        1.1193308886689475        1.1934512736782801        1.0309296816134272     
  0.70659260167410354       0.99881628712534265       0.99239315075978163       0.67396297695723406       0.80377030040864650       0.78228667957042197       0.51435341242344468       0.70968931714381711       0.98995532073773451       0.78571403148003183       0.81534964958803313       0.75374687045008681       0.77270671788030187     
   1.1814607824145447        1.3803222004886304        1.2143412846398229        1.1984475043375178        1.1339713900729975        1.1632295668352433        1.1546953531235389        1.3715633047549791        1.0729712856173479        1.2378399640894659        1.1966288161287717        1.2113819024569668        1.3542083739693074     
  0.73715988418699063       0.99912087040811237       0.99436366261498654       0.71823925612104955       0.83328696072645525       0.81151869534751453       0.56432334222860370       0.73231449407439420       0.99202291210392879       0.79944038977808873       0.84500572104400984       0.78794448225669023       0.80736090315410081     
   1.2216713666083170        1.1468912380677287        1.3466914308168800        1.4499299286021061        1.0917076905648426        1.1054546355230874        1.2196374451998500        1.0989365806039930        1.1060857351518165        1.1111857043214419        1.0168569965210992        1.1363865409716396        1.3581762119273253     
  0.76181464389524201       0.99937069909051701       0.99615841717308373       0.77227712912007651       0.86059708767787890       0.84230665376752578       0.61287064163626326       0.75891270717031978       0.99324196969798462       0.81369869327817845       0.87192141224203035       0.83081747066502198       0.84859052064925933     
   1.0482384590225644        1.1533963766131923        1.4616033455108939        1.4015367951911260        1.1072846116139818        1.2638701927969735        1.0405159774871817        1.5628874805536777        1.0843256547549560        1.2862968724940764        1.1380315536209864        1.2393853682741538        1.2089166341455733     
  0.79450131916469824       0.99957075671969142       0.99740104573275612       0.81417219791991535       0.88666113970588212       0.87644269577633505       0.66133317457644791       0.79085712523091645       0.99470054765660687       0.82776689819162019       0.89755607746623522       0.86747379350984888       0.88236025607957713     
   1.2864854589244235        1.2531103624454814        1.3453755954332727        1.0601965222875667        1.1994195139179105        1.3933749659996102        1.0830325255247319        1.1947392396120897        1.3588225406586747        1.3251353323690800        1.0754037468923301        1.2601304341148689        1.3592579667872440     
  0.83258408849453969       0.99969638064545085       0.99820450985494080       0.86473486517185372       0.91422843734337955       0.90966559403377190       0.72508368047919614       0.83040915136060112       0.99621315276138012       0.84292146303994120       0.92312062996536404       0.89901074824867933       0.91025856129037519     
   1.3101959749542038        1.2386851197062534        1.1302395342051519        1.3362495663962617        1.3273566899797777        1.1409330032311173        1.2433282911203463        1.4181716561678184        1.5184250127070360        1.5956159619788612        1.1393262785783587        1.1368218143115725        1.3153988219061481     
  0.87503499323500011       0.99979410282246584       0.99884968767909388       0.91774443096875746       0.94178880819138067       0.94100271158353566       0.79114816588855319       0.88346036433516562       0.99727713262721418       0.86276123522813297       0.94986444917389168       0.92916159577580204       0.93848384024243769     
   1.2789795739039871        1.2475494513903405        1.4143758161692277        1.3058763712281731        1.2910095872280467        1.1719317600021362        1.3330489602147881        1.2906314909323104        1.3089309071135202        1.1539011327129032        1.3090567998662821        1.1355538241972551        1.5348966757591329     
  0.92516319800060232       0.99988791158979040       0.99940767370165318       0.95899818746438126       0.97017364657865601       0.97093987214105804       0.87393200489236433       0.93913798516700864       0.99839846564557000       0.90319367209135715       0.97549088173855536       0.95855123657006558       0.96969946066789203     
   1.4168963732625994        1.5291719787875508        1.2309456255348017        1.3279219254635994        1.3381415011924351        1.1608800567234459        1.5556840921253721        1.1303112959839074        1.5468235719579986        1.2952910725603644        1.3253757314791537        1.3273304970302988        1.1405927002549943     
   1.0000000000000000        1.0000000000000000        1.0000000000000000        1.0000000000000000        1.0000000000000000        1.0000000000000000        1.0000000000000000        1.0000000000000000        1.0000000000000000        1.0000000000000000        1.0000000000000000        1.0000000000000000        1.0000000000000000     
   1.2792221230852183        1.3545264522211369        1.4308929175135259        1.4373684136418434        1.3727843276630671        1.0378517542300068        1.3900787197656632        1.1113049053536113        1.1955535540269191        1.1348788510799035        1.1480792119123568        1.3743487938504471        1.3463831539703601     
   40.505505822358586        37.113612567988099       -37.534583080696706        26.257485746043031        45.308746561803297        74.667628016373129        47.859635330538254        22.056946654870565        6.8762677017336316        19.212389170042577        58.476576366694538        34.617479865808448        36.313296161935916     
   36.324488399683553        10.032533062980738       -17.403659287518213        39.839694922350375        33.454630466343311        36.812522731232811        46.024708371210920        54.645060742110807       -9.1907072620683312        40.715687859406565        52.887045899642196        53.416932861320703        48.142621809956871     
   29.200789777312785       -14.352903439646880       -8.4609754629877525        50.096885093492311        37.350858591921707        43.269044981326054        42.105366922886681        42.993284014167720        11.522766651716939        29.809326743941192        40.130682273002066        42.567710613037093        55.256534234538663     
   40.255906396870557       -4.4073612982357124       -12.129079630032496        41.457103992446349        82.299213181484006        50.426264092620507        35.574434638229178        34.884175056118764       -10.085782735215915        84.555464411786701        64.391906420973413        47.663883850014635        61.173371636222861     
   45.072286460393585       -5.3098070103574155        15.859076091464861        61.614527017254453        66.126211126900955        39.721816100838829        39.478996125729665        42.857449620217501        6.6199457991934505        39.440615015370120        36.326271719201443        46.285888532852759        46.860079875672774     
   59.055853989537901        18.716167361698858        2.6805054924338032        34.628162610915048        49.755465278895429        53.679036528786128        66.901863650583508        39.692387865733117        7.1149475059095080        55.985568151475817        25.711474943408422        47.745057496136440        48.839152049085861     
   63.525856406688703        17.707816572601612        24.447773587848115        45.142529861602483        44.261380872543640        45.268010136611473        12.893706759466902        49.509586580869616        25.805357520746792        53.221998538274924        29.015486541603110        39.031342539067602        44.856985331594373     
   34.183524942358019        50.866985945942687        69.039349249540592        30.326706500640171        7.1475565568768600        36.383684628150746        9.9771826564612098        61.125408829652280        60.784065362585174        44.221936167823536        58.553214811989790        46.614717857497531        40.475800545118332     
  0.67715156144721289     
           1           1           1           1           1           1           1           1           1           1           1           1           1
  0.20089758400647029        2.9882774761479200E-002   2.2581780664763366E-003   42.960223034855311        1.5991221831243560E-002   5.9201654903632582E-006
   4.3466425737341127E-003   5.1247784232505283E-003   2.7710903023322794E-003   1.2540299767821399        2.7707447261009670E-003   1.0386411437384016E-006
   5.0000000000000001E-003   40.438684547449760     
