   0.0000000000000000        0.0000000000000000        0.0000000000000000        0.0000000000000000        0.0000000000000000        0.0000000000000000        0.0000000000000000        0.0000000000000000        0.0000000000000000        0.0000000000000000        0.0000000000000000        0.0000000000000000        0.0000000000000000     
   3.4979118735425675E-002  0.13879326305663536       0.29587446130335793        3.0590734107273060E-002   3.0123869171903263E-002   3.4136937997636049E-002   6.8623857378193060E-003   6.9165562721947391E-002  0.41795576454692929       0.20475373968378177       0.11207408672165400        1.9162624853722953E-002   2.7540264354419319E-002
   2.1105592304528837        2.1612533102198905        1.5700108114362561        1.5069268836788403        1.5147391644411112        1.3325773141350221        1.7435037493047123        1.5098763773125912        1.4505529460906526        1.2372641373174875        1.4287472183850860        2.0730455921853359        1.6058465698898643     
   6.9246386243986380E-002  0.29606397517939104       0.46304701963581324        6.3730522992866370E-002   6.3875289550885159E-002   6.7225369650368294E-002   1.3699602433983202E-002  0.13504245009215485       0.63248943490432197       0.35989420816431045       0.15878024675462468        3.9580967894110364E-002   5.8520115098919821E-002
   1.7732483195558688        1.3082367411675759        1.4655573851820929        1.6111988051568724        1.4784439000956831        1.6871402747673150        1.8064407113549679        1.6555673464748200        2.8178834278257257        2.0017317117675004        1.7414937412940186        1.7480581605868317        1.4347976942581919     
  0.10180276545276834       0.48252846762626633       0.57302269939720418        9.6439914941132049E-002   9.7056877055488405E-002   9.8531802954935910E-002   2.0055011487276744E-002  0.18196173695325785       0.69339479498107137       0.38966613446799203       0.19391754111878451        6.0113239804296240E-002   8.7924790305051431E-002
   1.5521087485542069        1.3678590263015382        1.6932918290770382        1.5843582674953030        1.5494807463210478        1.9670252651954738        1.8494440944570518        1.4499764716269128        1.5384763600829938        1.4367633450764179        1.3027004899097705        1.7221539205255920        1.4889866523203423     
  0.13668031622418791       0.73691426475041255       0.65684881223367386       0.12923273626873819       0.12895551221950602       0.13192763511601441        2.6178098708937492E-002  0.21844378813768373       0.73683162933060131       0.42191487117614623       0.22329912763493787        7.9255963986254008E-002  0.11596061966474150     
   1.4400459733719038        1.7159220383218354        1.5276316634892231        1.4855494670658449        1.4659680328619034        1.5217623565530844        1.8185538086715194        1.4759334835705777        1.5433077736489935        1.7624888565906451        1.6391065387208801        1.6140325048430431        1.5733099005871922     
  0.16949205387398170       0.85043991713214540       0.71957449858432354       0.16381096878249465       0.16012508469953260       0.16748752438831607        3.2602584346646389E-002  0.24891906844275147       0.77476640629940630       0.45464583400792002       0.24480994435103903       0.10098894592280627       0.14415251823726188     
   1.4874935763212365        1.8516952966065485        1.6396567752949240        1.7548503437103447        1.7545171677094249        1.5779709904572727        1.7251869388378041        1.6661173832995781        1.4534673149749464        1.7102632068962691        1.5450736520396464        1.6595016946117782        1.5695809115689270     
  0.19887511348122519       0.90132238562786060       0.76696797417676754       0.20082648854829060       0.19047381809522701       0.20273081850364086        3.9971572313693346E-002  0.27126936585011296       0.79912232542046768       0.48241353906337275       0.27481937278710733       0.12209601113217129       0.17271612917358251     
   1.6098576862029084        1.5336898174424640        1.6515578969214488        1.7585052003669415        1.6121326979354518        1.6023124720489845        1.8262374354021682        1.5734632142052405        1.3331487297375013        1.4219325092518780        1.5699579740556870        1.3464178650575336        1.7915432969583691     
  0.22780603588859416       0.92813997214835819       0.80321815440417987       0.23722255118085589       0.21850007903580906       0.23430485537291029        4.9761470471554381E-002  0.29117846292772170       0.82351537516341866       0.50874812579771467       0.30101258118319313       0.14749787285292890       0.20167462041345355     
   1.6544684441292916        1.5117666988975955        1.5114164631393574        1.5268877051089251        1.5160773168568293        1.5097027348029000        1.5187887918081016        1.3533807505691491        1.5875025422371658        1.3661197608555575        1.5507954717288155        1.8779804911192854        1.4685396258802947     
  0.25744322473861941       0.94595770188674222       0.83638504176722239       0.27326845694495561       0.25145837989347841       0.26311591317293259        5.8432351220249854E-002  0.31115785687002478       0.84214944958312299       0.53114218766573695       0.32908371496878625       0.17488715011820230       0.23634624067239657     
   1.6050040256690177        1.3754605649143801        1.6300076470927558        1.7130320831161987        1.5970802111692719        1.5733243354504562        1.4824131686877300        1.4813203881721952        1.5121801244490896        1.6692413354106499        2.1560603002979724        1.6163168189248789        1.7241236623231524     
  0.28566348033891897       0.95752479930935352       0.85988490340073109       0.30934278566390988       0.27974526741351396       0.29638423731819524        6.8151410960559156E-002  0.33065475966697400       0.85667787049842747       0.55186806958987134       0.35809749451707229       0.20345220701313685       0.27105345649008594     
   1.4132963852535496        1.4740564897660000        1.4346947327061161        1.6430379841872973        1.6089694060502799        1.7016192047877832        1.3287401954247493        1.6006878875906094        1.6362473665047281        1.7437352945164266        1.6778190888518341        1.8319608635442490        1.5406793637382232     
  0.32262429049895841       0.96621806619052775       0.88047078306616178       0.34269189178284604       0.31134934858405844       0.33243556764846394        7.9913812956859190E-002  0.35306279010211111       0.87340257682375655       0.57029787965434264       0.38384116885275160       0.23451434571753543       0.30300704355926567     
   1.7524052720654075        1.4234430813830650        1.8500921429231048        1.5469924681855269        1.3929099269055063        1.4365938173627748        1.3248364363039784        1.4414974007596728        1.5532399530366285        1.5042431163296099        1.7780151127987736        1.6342177839116498        1.4786056175540228     
  0.35385603874123922       0.97327330057861383       0.89936031959029050       0.37638421934623034       0.34398394108553149       0.36746150819613582        9.1584495761952142E-002  0.37749783369940054       0.88645131218780793       0.58929353023610975       0.41057883076913881       0.26842056998382224       0.33256591687834797     
   1.9646039185208863        1.3340471106866929        1.5145676419001037        1.4101944478831880        1.3469093543358639        1.6073450316175502        1.5335007997119994        1.8529423064249078        1.4518501581451686        1.8122179041985214        1.5443107509722138        1.7409056643536076        1.3473023401098119     
  0.38474051920811181       0.97888021647312118       0.91606995320681506       0.40848435818026968       0.37565108712287432       0.39934307842489353       0.10425863755629718       0.40320966215508147       0.89808091355160746       0.60880172542178090       0.44005399060975015       0.30271955936662276       0.36558346536851066     
   1.5827151086566495        1.5290490137763282        1.6757662144175165        1.3387859764891339        1.6807773843009215        1.6849180881826247        1.2388534196889354        1.5794439533939248        1.5138785786860403        1.4065818495042965        1.7139355692321905        1.4972600043327404        1.4766168800593078     
  0.41756160624950023       0.98303351310849207       0.92928672549623170       0.43953339351038734       0.40487083811107255       0.42969170046175836       0.11882206456765199       0.43012096634854069       0.90821320352156376       0.62556341518919201       0.47134211011626714       0.34321235886677637       0.39795735377125119     
   1.6087643998055996        1.4905890102849213        1.2280794874941756        1.6031802290970252        1.9171104594569432        1.5698219191782934        1.4200196905863771        1.6077818310759353        1.3701579491042308        1.6638652419412450        1.4957491842795947        1.6298815412974377        1.4329335884447423     
  0.45395587665340653       0.98630369180840061       0.94059521357430564       0.47782477772518539       0.43276917989453728       0.46042574338394476       0.13509641807979358       0.45965443159292579       0.91853540486682306       0.64082854966206138       0.50014590659595992       0.38344741083455025       0.42818244167706887     
   1.5787207533875502        1.4993027288075842        1.6834258469426537        1.7316944499209321        1.5182633580613363        1.3771342221402689        1.6674834447233933        1.6187076027847878        1.4381707538770581        1.4239414815468328        1.8428160017167503        1.6739414211900561        1.5729494252299294     
  0.48121435426252324       0.98889646832162803       0.94961119971044505       0.50442316252839237       0.46237773147412170       0.49120319339006457       0.15335841926479027       0.49225138511205985       0.92730979620146192       0.65578078135074069       0.52730877766113970       0.42055567640402508       0.45701982659163887     
   1.6475922382350277        1.4697614834306629        1.3577118489452236        1.4079329692013636        1.5075365561840894        1.5227792550426311        1.5694383393941542        1.4276593282474161        1.5933610586945057        1.4109021040685423        1.4967694154515954        1.8069864355798784        1.3731447487478110     
  0.50840856075620722       0.99092811725101659       0.95691113666009453       0.53715404093802210       0.49799852206114059       0.52226629370568023       0.17319453615617433       0.52250487368367426       0.93486399952538912       0.66918007110292244       0.55656041345157470       0.46332760688787200       0.48498615238528531     
   1.4162045730494541        1.4575058815171595        1.3845565293658089        1.4362369839712414        1.5453826710066751        1.5790251864496510        1.8668717075912957        1.5621084350734507        1.7272072284125035        1.3961514858569746        1.5776525556366441        1.3462846849839274        1.5426464629803955     
  0.53667134888336365       0.99266535761772179       0.96309768181303113       0.57106125975805777       0.53821087219143027       0.55569355461518199       0.19383888006308289       0.54916798409624334       0.94132581910494484       0.68184997024340444       0.58495692434977797       0.49923832604066476       0.51021638746430198     
   1.2987449586446791        1.4605380206667937        1.5078241896795823        1.6100568167072207        1.7530844781000232        1.4323630537621326        1.5168462619196550        1.5004845667048763        1.4514394712102092        1.3624911819012311        1.7699381627070798        1.5593653663978153        1.4881948788709409     
  0.56486671407247535       0.99402273464182722       0.96845626876644753       0.61120186172654944       0.57297906826463652       0.58656981896937388       0.21832181761600603       0.57335663487178001       0.94738055531138499       0.69393371506408019       0.61352885378908861       0.53070460025649091       0.53562505068053190     
   1.3141087265506859        1.4120863470674514        1.3652024212700178        1.6332774858955312        1.4126417848585699        1.5431195553300734        1.7288790830275698        1.4296622479292784        1.2263552802141440        1.4812510648631072        1.5964829869391903        1.2012266903250328        1.4557520714251664     
  0.59364907552165602       0.99504421237819041       0.97315211721227357       0.64630856445752372       0.60341031639684906       0.61750991097031727       0.24544869534066666       0.59532471086467664       0.95391907104150098       0.70509946803878065       0.64502134270367872       0.55956348773750397       0.56543870006874153     
   1.7509637949088777        1.6429711088949417        1.5597756009993395        1.4992945161799245        1.5062113423137353        1.5549410027123722        1.6040335290466725        1.4599365806212963        1.6338958401386416        1.7533850383663374        1.4621382515260373        1.4271158138461473        1.5855011619431421     
  0.62578288506480961       0.99597585878866113       0.97799030562963196       0.68062970879833529       0.64007087034113674       0.64992947905190046       0.27828324139429178       0.61708515843031408       0.95892193369667356       0.71810544016491340       0.67771703320595689       0.59421288700515473       0.59447826009424420     
   1.6101096656830467        1.6983538160904776        1.5466027090430885        1.5728316447877624        1.6746518063045386        1.6178016883794550        1.5339808112989843        1.3895079062229239        1.6459858462883528        1.8443615513368123        1.3798995899186495        1.4045887859633832        1.6061536655291964     
  0.65477893245698715       0.99679480077547089       0.98228083450955728       0.71081583585033192       0.67182352809338075       0.67437773804592549       0.30642857314144450       0.63734327482655218       0.96347698839924889       0.73259463104477407       0.71069404129937286       0.62836061681244948       0.62327013313835700     
   1.6053673911282507        1.4068680276456635        1.5752388617081134        1.6558592524117570        1.4328247536676615        1.5411107231020822        1.4760096601377390        1.5237201961193947        1.4698320071206261        1.6294662298551390        1.5121996849477906        1.4733234821335561        1.4552861833960513     
  0.68867823623175750       0.99749698157600797       0.98556569175359243       0.73320656661706385       0.70228963609134376       0.70365105024105645       0.34511284166893041       0.65726692831731981       0.96864619077566227       0.74610356591551941       0.74276369661785668       0.66211609902405844       0.65524214303578920     
   1.5024511748917613        1.5821565445893271        1.7710950380283528        1.3812037371933703        1.6975857929174962        1.6578866783628281        1.4857190804468958        1.5287239136306527        1.8217766104072011        1.5305531211149759        1.6407042071795161        1.4841717092627797        1.9573172776932244     
  0.72523001027500533       0.99802282221231342       0.98866981603384052       0.76471481434387090       0.74060916879916439       0.73080907955829899       0.38548005885999231       0.68104060418329482       0.97307955560532067       0.75844543484063409       0.77474198160161167       0.69515034028689304       0.69225883771425178     
   1.5733473210821289        1.5277323060692967        1.5755844486355131        1.5410193643414822        1.5852322969290500        1.6500748891097650        1.6226850472553402        1.5699397170391158        1.4841694012345199        1.4987681176974206        1.4091534202882203        1.5071157914413003        1.6140584920374477     
  0.75952699919241617       0.99845123478832309       0.99084434987746384       0.79018170893806727       0.77389729847918787       0.76221483535371770       0.43137663711824670       0.70468333208504164       0.97712954376909322       0.77099791952112517       0.80385868661257354       0.72460138835567645       0.73140409303452703     
   1.6897020860547656        1.4682083764055889        1.4517243793354719        1.4534979014301008        1.8793661100564190        1.6617370969230791        1.4346131885276001        2.0446528909578925        1.7432229259964329        1.6497934344286374        1.6953959113088706        1.5443474891953524        1.5936983575417301     
  0.79391222749425927       0.99878112195856161       0.99287257477497959       0.82103769793049952       0.80750697978439168       0.79038971277523684       0.47625488978887653       0.72930095309014198       0.98044253482729971       0.78340425766516053       0.83337929609691841       0.76314681373261328       0.77114069279202635     
   1.4825879362256720        1.6007626877478467        1.4858788563147578        1.6682322621618322        1.7073722441000629        1.7935448997921006        1.4587939523856406        1.6592080906343920        1.2938136655176575        1.4638472461411185        1.8216892864278278        1.7300801937493453        1.5335837393446405     
  0.83020782828897666       0.99905832653683257       0.99463417922057518       0.84618683552225460       0.83505907582886474       0.81900171440883418       0.53160047064087790       0.75419655221690141       0.98338321857557787       0.79374539721688953       0.85750081162944725       0.79680472457760243       0.81036225001828843     
   1.9468143256256309        1.5069575870443894        1.5426345742897036        1.3989141439154624        1.5698608098502052        1.4318362944727747        1.5132282038725355        1.6381583048698944        1.6883624367443972        1.4546460323055801        1.5639583126041052        1.5120164428139202        1.7162589325168149     
  0.86387805874480839       0.99930708201444585       0.99599040928695148       0.87406559849496457       0.86764524043117175       0.84528293874852378       0.58895775755184498       0.77962505097824553       0.98613175439754508       0.80987380547508325       0.88089758741445090       0.83379702698299574       0.84185935886761587     
   1.4711689032814164        1.7912569539245307        1.5475497984315401        1.3941383635578020        1.5295788858393327        1.5322989602468280        1.5231884429197839        1.8717684226944935        1.4421029862776686        1.8505088397329894        1.3103301276045241        1.4419014948954296        1.4581145247950222     
  0.89529534611884476       0.99950891669734077       0.99701316199938550       0.90170644103758923       0.89439923547808675       0.87465605538745805       0.64348528282461137       0.80735815982539250       0.98875780310842554       0.82456858917492692       0.90121724883002807       0.86832108164183686       0.87908802492697602     
   1.4501346235824533        2.0223648880212117        1.5606846349782264        1.7772196615951421        1.3940126099089949        1.3361502537246173        1.7060083325099795        1.3616974625532887        1.4532018808583680        1.2779565780211617        1.4095920245986477        1.4702382581716997        1.6711661410305472     
  0.92507433228412927       0.99966800658248600       0.99786198521937874       0.92510164085298274       0.91929516577984616       0.90857483573355824       0.70705115439421873       0.83997076223850153       0.99091909559818869       0.84126818669549575       0.92347238059401981       0.90198514887416337       0.91169256584555547     
   1.5652457750479902        1.7688669753041621        1.6037985231776364        1.3854009371611753        1.3864464110381800        1.6744911113156704        1.6903530391531010        1.4226075231975810        1.3852556730347734        1.6883154722376523        1.4107361438975279        1.2600792632859728        2.1420574210067329     
  0.95189851622505173       0.99978429929203305       0.99864281054780923       0.95010851425884502       0.94407842363984262       0.94022310338911674       0.78321917536421459       0.88047755193048283       0.99294103502928499       0.86492136134096409       0.94741318252917517       0.93721789034045500       0.94375794226281717     
   1.4895017255648011        1.5802693632369365        1.9187715561942875        1.5421876942806021        1.5829277372157733        1.6936370205597966        1.4649098909285700        1.5681701392991334        1.5862502703828676        1.8032170843341131        1.2963728550032740        1.5502574613320252        1.3967946629944832     
  0.97653002995766258       0.99989430902767096       0.99936086964599857       0.97155722980352976       0.97022943491890012       0.96948270418987181       0.87089380973304997       0.93281439984386316       0.99621197096645775       0.89369173340289410       0.97253566166254179       0.96922172461850753       0.97172928246008250     
   1.2019915451791612        1.7182071695177206        1.7379235011364327        1.9937941716746999        1.5757859613462919        1.4652956688049974        1.5653190683591662        1.7114928678141446        1.9236393748229297        1.5144589469871093        1.4108390511411915        1.5763843325983455        1.4481432254710431     
   1.0000000000000000        1.0000000000000000        1.0000000000000000        1.0000000000000000        1.0000000000000000        1.0000000000000000        1.0000000000000000        1.0000000000000000        1.0000000000000000        1.0000000000000000        1.0000000000000000        1.0000000000000000        1.0000000000000000     
   1.2650336996133833        1.6883512340753075        1.6761741047829128        1.6815688770258497        1.5246175822378067        1.3811137154786368        1.2804078386454198        1.7238414859847866        1.8629892449646546        1.6121135860393299        1.6089762211971790        1.4158794552172413        1.7502636857581737     
   38.053109214212782        28.423541516195030       -11.125773274359851        35.661487382500873        57.769236544042727        39.071206845011957        54.431719071446537        63.142372826963182        7.8691895502275990        48.730884334423301        72.791326287147925        51.699759961315230        42.375961917390242     
   32.873891181124449       -7.0966917550882789        4.9682080496329046        52.050280811063679        45.911019038458797        56.335177501360832        31.734910589679323        60.863598435649983        1.9295277906856043        38.387004669926434        70.359246418656909        30.572912493361656        45.431092520578524     
   47.182498623568733        9.0487091478811621E-002   19.708771425553785        52.316371280531769        72.598231660016765        57.577655214979742        42.147280079198524        54.133693134977229        10.015891471372420        49.476863633229797        80.807625822015297        42.744355739903952        51.090636279290393     
   49.578285216720147      -0.38828198825755145        6.6160060764253785        38.190550906055833        32.629684196935678        50.192499772506395        44.506097496114734        22.651472428397447        5.0367928872352055        58.915959171418308        48.106908931332619        41.035884619152419        50.383902731838418     
   45.383618817746921        4.7905180360093516        14.228074883938044        48.294026593541815        37.192089935180100        42.095582900866916        51.453586714711825        29.894649551788952        14.161378005655981        73.064308398191770        40.458564846353113        59.123701148143844        55.611759056504773     
   69.356729506517951        3.7206312976416642        17.173242997951235        57.198990229778417        51.264203864744331        55.649270210031844        33.968841686242257        47.325453065364123        19.902409844057999        51.888935667074257        47.434140708809920        50.184208649951131        63.234701039921518     
   62.315005295215521        23.893737444603069        31.620195042885008        73.288773727137325        57.150233261243770        57.284070698800903        47.437944033103442        46.212283754937651        36.522606678273199        36.690203894015582        36.704736446971488        55.515754153055234        48.853443564133848     
   47.767392958280169        73.631562394231295        67.893025909235760        31.725221957000606        52.451551308293737        46.848343632058231        15.782891755109972        47.292106241278312        78.747851495039981        21.832190205543142        39.068178241864750        53.490889384920706        39.808087466335245     
   22.855256287280607     
           1           1           1           1           1           1           1           1           1           1           1           1           1
   5.2263263833917044       0.56164482708891728       -8.2247755266435050E-003   44.999178420480732       0.32093881994492995        4.4293905699255851E-004
  0.11626776539432521       0.11540823751723060        3.0315182498671642E-002  0.66441539770117197        3.0287289559781203E-002   3.7793332811985086E-005
   1.8211508203284963E-002   48.417463233854583     
