   0.0000000000000000        0.0000000000000000        0.0000000000000000        0.0000000000000000        0.0000000000000000        0.0000000000000000        0.0000000000000000        0.0000000000000000        0.0000000000000000        0.0000000000000000        0.0000000000000000        0.0000000000000000        0.0000000000000000     
   3.3229600220262952E-002  0.55517170530033555        4.5837682922195810E-002   2.6328819841786102E-002   3.2402190378247257E-002   2.4277575226676711E-002   3.2701589328770451E-003   3.2176984110230240E-002  0.47863064697684699       0.27415716011439678       0.11339741811192965        1.9392487822762539E-002   3.5346587991551770E-002
   1.5065898145629928        1.3747818741496027        1.6580409566501824        1.5764588932375574        1.7297002017617447        1.2903676693097710        1.5539598086039235        1.4385767831110734        1.9269657418127231        1.2136519943420914        1.9461096976957810        1.6004030923195678        1.4633565029776592     
   6.3117542543609947E-002  0.78071342035986202        9.8781861152789474E-002   5.3835867440588547E-002   6.4761711617467771E-002   5.2056185414615035E-002   6.6340790374523001E-003   6.2931812527860537E-002  0.62039934724146550       0.36507587822551624       0.17896899401194774        4.0410724892892005E-002   6.1912399672464903E-002
   1.4566057892448672        1.7648473879827413        1.6084406789499022        1.4209119553857943        1.7584812704129995        1.4217871024719644        2.0126437896704603        1.4835624594456398        1.9355812557704697        1.5385038205015915        2.2122395572977021        1.5024789782638752        1.5250538760768397     
   9.4611355729404018E-002  0.86171087052956830       0.17173751731636860        8.2318186363264351E-002   9.2499047313083449E-002   8.2166071125971338E-002   1.0303836887962544E-002   9.1457438817268366E-002  0.68673614579912634       0.40868280075436741       0.21547062875933087        6.5873822159258716E-002   9.6277260842854470E-002
   1.5727860771702138        1.8049127115786763        1.4365329487742722        1.3870043044678237        1.4232535150039267        1.8947403561198675        1.6795166025457504        1.2812287016424446        1.7852433239094743        1.2798803511552932        1.7634888206538692        1.5715441810675257        1.4087531371293407     
  0.12554940422874655       0.90718729649381813       0.23815972429809051       0.11438923075109099       0.12628801403975232       0.11298815823560737        1.4681015669598186E-002  0.12013636112591741       0.73213111814622489       0.44041994078969482       0.24437163586148303        8.8328789266879981E-002  0.12850603418872450     
   1.3790026171137417        1.5330657154277036        1.4999659619455230        1.3270839800614038        1.5431758623831835        1.3389998068497473        1.8246755738387779        1.9597602813212711        1.7965229589930387        1.5326042402315698        1.6275891675521237        1.7216849325526118        1.3819459053522907     
  0.15598892749089119       0.93407691137532145       0.30913329256496197       0.14711373529855604       0.16016681968054716       0.14345744787740944        1.8628757145483767E-002  0.14395287570919182       0.76872242490736520       0.46941190804148841       0.27084841350822264       0.11454651143197205       0.16539143640513143     
   1.6659196454706453        1.4680825933611807        1.5207001306672792        1.8804797313554154        1.4910777174338166        1.4551647060957220        1.6706451465462602        1.5502221520480404        1.5896381434134592        1.6246963528460290        1.7005368338182405        1.5503036133263952        1.4271676417937011     
  0.19043337318169318       0.95135147541499132       0.36771329562824118       0.17951650882918785       0.19392353932036133       0.17438170499334366        2.3235169626102416E-002  0.16590766995993714       0.79846754892714922       0.49082785434778420       0.29428159763532352       0.14280397091798896       0.20096431960642674     
   1.6525998096499106        1.5485222131071301        1.5645424688981260        1.6518729643699952        1.6006145160084120        1.4514734898335979        1.6369583758518473        1.3499803682048748        1.4319997903009887        1.4630181278112619        1.8067303392329763        1.8524951818319288        1.8614498596922657     
  0.21665158424855799       0.96343929098759729       0.43097634895435355       0.21663475891540887       0.22427313219940140       0.20397851911336295        2.9504386634906281E-002  0.18719501384336301       0.82203762868943520       0.51190828884980266       0.31872884845984362       0.16961295677329605       0.23418713888526876     
   1.4692585319068046        1.5098492645807697        1.8242555865185339        1.6278997782138964        1.5993148615975272        1.7082080449739685        1.7763431283597892        1.4675932687993869        1.3436304245677673        1.4801994124697075        1.5628049716274450        1.3636402587356491        1.1781350604581475     
  0.24622714957071021       0.97223283508561653       0.48387962691624331       0.24936237435283623       0.25264074677165210       0.23750116962640844        3.6742710691319867E-002  0.20828451659941574       0.84180563940534292       0.53482006346404010       0.34151325176786990       0.19869024027725771       0.26486570119557895     
   1.5823852534582878        1.4458402552145335        1.3625530026399117        1.3601745732299415        1.4308633755337128        1.6268766513422503        1.6012406841406974        1.3629325081275170        1.4641449043729831        1.8131952885628877        1.5446685718944360        1.3789081502600824        1.4298340982931994     
  0.27607720648031309       0.97802672465788665       0.53638518075378894       0.28436317010624235       0.28268845097683265       0.26696612576753054        4.4286164998014528E-002  0.22927355585463971       0.85814247428264046       0.55591862035545281       0.36730775192937226       0.23160742456396846       0.29327848590888339     
   1.6104747898030214        1.3990362223488739        1.3492184528990598        1.3961937929134878        1.2944269731142786        1.5404057170180820        1.7094282352834034        1.4276575125272106        1.3117476824311463        1.6330712544682833        1.5766580526009799        1.5266547716456769        1.3684458070866989     
  0.30076738444925866       0.98241637251017699       0.59190527673436366       0.31893850189767142       0.31568262618697934       0.29911975970243837        5.1926810906077807E-002  0.25080985685828250       0.87380527386147044       0.57679709299385395       0.39368157928702502       0.26261106669270551       0.32291992937998704     
   1.4364452954393689        1.7071794180035920        1.6616734071143373        1.4500007992800739        1.7014064530819357        1.5825379472265400        1.5518126642821151        1.5882460101610034        1.8108718072168637        1.6351978517054604        1.5236032943502065        1.4587159255991469        1.6218863608078009     
  0.33423898186500922       0.98599382344335473       0.64215963446277247       0.35286962057541305       0.35566646693394521       0.32921659337197579        6.1298163023881858E-002  0.27598620322816420       0.88716787320921631       0.59569656504033341       0.42140530620730005       0.29167045912026118       0.35718512002188468     
   1.3431135198778306        1.6988343069113854        1.7212352714792043        1.4452257636188282        1.7105783322378847        1.5269911303079235        1.2763461083264440        1.5955538083582317        1.5417898361323650        1.6580344524504906        1.4921843372178596        1.7984393176109599        1.7643772429039861     
  0.36656899905067541       0.98860567921164988       0.68521986928656864       0.39427381589077143       0.38573994821632696       0.36467314415610397        7.1215688667573940E-002  0.30259912610856743       0.89927567966916611       0.61285856997304333       0.45169632950731775       0.32217610034327837       0.38692063896589896     
   1.8509083228156937        1.2583364665652157        1.5936052908561888        1.8908619146458325        1.4295519475914991        1.4924409777104821        1.5292751306292902        1.5078227620560800        1.4030852403547491        1.9021705640230271        1.6069501041284504        1.6427117267382039        1.3705405364722387     
  0.39798010675720136       0.99074007314915602       0.73022757472638833       0.43358062096270772       0.41403417590318853       0.39951444402662417        8.2767817499949548E-002  0.33460325094084853       0.91061809778909786       0.62968089103345082       0.48468330776929369       0.35934836262040154       0.41632629717915176     
   1.4377599903299672        1.3415225185982340        1.6327704713764413        1.4120059065728143        1.8545541783849702        1.7246074473966067        1.4170386225630631        1.6725813382136985        1.5319081196708746        1.6333865087371249        1.4967121495871691        1.5028806302859277        1.5021500463252837     
  0.43002247230875001       0.99245014801080833       0.76532188846085991       0.47402248302623357       0.44379413037883969       0.43460244465532250        9.4080080906019325E-002  0.36666179024837020       0.92051531825192401       0.64551985009902957       0.51139205542757760       0.40023104238242618       0.44153061224910500     
   1.5638536487380235        1.2931406324291652        1.2290497766724642        1.5143501348985344        1.5551708931810335        1.6361325198536774        1.2643919019473753        1.6247516584006607        1.4496611415078613        1.4665983114317682        1.4711091519123167        1.5819029865737733        1.4732748733052206     
  0.46327853569774097       0.99372898378646357       0.80065199310092627       0.51267938373882971       0.47480037576271289       0.46503746200252194       0.10665155346477544       0.41600838307278915       0.92888462262652505       0.66066933667665328       0.54233822278087140       0.44135064305036692       0.46584416770912834     
   1.8856303268178209        1.4720057119836480        1.6523772213555497        1.4988012946161136        1.6492676485411251        1.5743291095618861        1.3885990260595715        1.8660673057680521        1.7467285605502005        1.6528790942104252        1.5062608478784367        1.5156350240052434        1.5910563397121305     
  0.49718248864614295       0.99480340352996055       0.82756300126586357       0.54529392713053371       0.50331901166350157       0.49392305857946434       0.12159510567554374       0.47901072041331799       0.93668391591253708       0.67528374407437930       0.57189564085024513       0.48071649372889680       0.49115360924945645     
   1.5075764453342986        1.6223690188052544        1.5414079438938217        1.5164678699402454        1.7234101791794487        1.6131979978798745        1.8620046103225862        1.3208615727289874        1.3293447313393731        1.6414602948347570        1.3674829819198930        1.8244736284729899        1.5572820696642167     
  0.53053722433405170       0.99570326909670759       0.85253480200041043       0.57533774176437080       0.53710552650797549       0.52832359245115079       0.13777216105949117       0.56396538211421354       0.94378092946508307       0.68843652383397147       0.59626501880965477       0.51765184563153355       0.51859195818309778     
   1.4906385168860372        1.5040487601497670        1.6180256399060242        1.2959416734909563        1.4870949257737847        1.6742884891796033        1.3793066385995849        1.4985311170376896        1.7092850764698502        1.4482660132451106        1.3326174779543036        1.4499398187536972        1.8515582881397765     
  0.55985925053464458       0.99635842518464013       0.87701885437722216       0.60661519846487266       0.56569936134683108       0.55881787826779006       0.15547480972128899       0.62196514211688736       0.95081981331371468       0.70139556230509303       0.62268045735343769       0.55379514570335153       0.54787439890791556     
   1.5426060488832447        1.2909212693061269        1.5761468927775852        1.5462813952848864        1.5893056807078243        1.3863099901616645        1.7437213491167398        1.5506160680389425        1.5884211924134386        1.5243219801070735        1.1625870703418506        1.6742507533085751        2.1213294688452691     
  0.59220680615266075       0.99697191066381130       0.89511913994226022       0.63751269907998165       0.59371190426902443       0.58955089783108428       0.17500570628642342       0.66261499938123969       0.95604987607341996       0.71257967084892382       0.65074244741938325       0.58945133062297705       0.57684543619882400     
   1.4003495341395673        1.4662592853207270        1.4974015251542028        1.3814756322342898        1.7931561403105192        1.7017556920144152        1.3953036199100679        1.6969512745967410        1.2728160033068558        1.6190687740206124        1.3957835295775496        1.3080604971506444        1.6664468191321677     
  0.62566204640308287       0.99752050716596474       0.91477208444618097       0.67357880953712967       0.62235757804033787       0.62102100412750061       0.19601220434734265       0.69205945223706156       0.96205147098970734       0.72400228592665283       0.68146136174946959       0.62499323492809034       0.60577928885593446     
   1.5552006062601325        1.6553508155316525        1.6842235667968086        1.6113010644916770        1.6429396161918308        1.4757360224973326        1.5330797282342654        1.3099903184804795        1.4723811426859339        1.3323144937274911        1.3792570247843932        1.8520905480414982        1.7094317292109400     
  0.65828441849077934       0.99797318364201459       0.92942800151759175       0.70782726413591079       0.65307623204021537       0.65553177492815073       0.21892853226963183       0.71871538352077957       0.96663109837037575       0.73565210761799138       0.70830955352142000       0.65317289140310164       0.63703286453393282     
   1.7747724642993741        1.4543886766576006        1.5000762209340999        1.6529087972667469        1.4830064659657998        1.5832829896090748        1.4267886237938587        1.7577460983951576        1.3688845301130701        1.6741422817554419        1.7076520160668147        1.6060665293892418        1.5373491375050063     
  0.69049905849491910       0.99834154134352704       0.94384746280932086       0.73474543385490709       0.68570649474286993       0.69025227195367389       0.24601735510340728       0.74372151788959084       0.97101162140552422       0.74736364253395171       0.73873373127038677       0.68174501797721443       0.66974894414614183     
   1.5195719700521400        1.3978087437034856        1.6077133545056062        1.5651063498092155        1.3943722075399652        1.6547033041672943        1.3504421669795503        1.5555513151039155        1.6180765183956582        1.3990846250476168        1.5960431180887540        1.2272871159919947        1.4108873360881466     
  0.72267212183289142       0.99864349581683032       0.95522125838113714       0.76424597506553904       0.71716778034211148       0.72143275852048228       0.27096537003383281       0.76815720567082124       0.97490394926987645       0.75924236104225762       0.76658045176537748       0.71090302672040340       0.70929151704413695     
   1.5747823030515371        1.5603744127159924        1.2847894906108854        1.9493970610561815        1.4292697360635276        1.5474816114302234        1.3226151569064695        1.7500229206250735        1.3352072541270787        1.4546538147380719        1.2584172340294713        1.5054458513743676        1.5577162307153098     
  0.75604162080841619       0.99891477955978880       0.96443677012307338       0.79336794373789632       0.74849386763842596       0.74780294224486266       0.31429047489261802       0.79090229713032134       0.97844263990892089       0.77152185696551112       0.79059132871935778       0.74133378280344830       0.74395012056221643     
   1.3541595455107776        1.3954695098046901        1.7973258612580607        1.3723292269194021        1.7527247976857239        1.5831063533085601        1.6687259656604099        1.7409740642658023        1.5259870157691617        1.5039000311195585        1.6508474961016386        1.2301270983277224        1.5496006067716404     
  0.78761177112884151       0.99914737519450336       0.97352665222724766       0.82242197996198019       0.77789729477244529       0.77822250680816474       0.35118535360346120       0.81468548922275397       0.98182310880703139       0.78387101258027625       0.81415122992014055       0.78419419549141833       0.78132235700599184     
   1.7045825471902112        1.6384737277096308        1.9571434309351072        1.7639451050113846        1.6610632372070042        1.3307235770877448        1.7045784658807053        1.7319883262402405        1.8151369948796450        1.5982073000862222        1.5633961735084820        1.8426463380224307        1.6572704072731135     
  0.81915519738567011       0.99933716285255825       0.98031360814915358       0.85168920806595871       0.80539341505585837       0.81253117003101538       0.39964017761171955       0.83866307452938005       0.98506237740995062       0.79765993549015879       0.83885310537556479       0.82012875844390887       0.81577416869074881     
   1.4048907250226277        1.6222267025206984        1.3889386376977164        1.8315179533901460        1.4888328012868812        1.6635675750587038        1.3842640913577227        1.5789886476487716        1.4591527743837218        1.6423394205156701        1.5165671970157815        1.5916566862244617        1.6604881414733494     
  0.84802855031086233       0.99949522050122142       0.98675358738815755       0.88037767094586239       0.83600481860115816       0.84842851765451777       0.44986526701356272       0.86404579098246370       0.98797946978598106       0.81264629974622427       0.86573053279242784       0.85262052954289858       0.85112912963791831     
   1.5782121352242910        1.6981100703305712        1.3657976164080723        1.5077015695308817        1.2942061373015088        1.6787178285864943        1.4901319363766803        1.6498181065699402        1.5053301673700745        1.4933429019455722        1.2504485264023200        1.5064847435363475        1.4157112252801647     
  0.87995977351596921       0.99962959491915249       0.99157652026900500       0.90645472377906777       0.86696587365222211       0.87911840157702814       0.51042739806269366       0.88960594155770312       0.99049295449873309       0.82789696565042459       0.89245744328500320       0.88132883225408665       0.88300215065028953     
   1.3365431769237559        1.7311256531509882        1.5338051312150653        1.4486255941189596        1.3516499357471852        1.3547778730949311        1.3811428389751237        1.5750794529722418        1.4412952973547211        1.6001085144510576        1.5251100568922158        1.3813640352412100        1.6193362545988104     
  0.90927563651244392       0.99972318070374966       0.99489376388215267       0.93087247173848930       0.89892394060479208       0.90884851981082404       0.57981496892101925       0.91741219805990337       0.99276871202966177       0.84471808245272251       0.91685865528408939       0.91455319761485843       0.91458138249681720     
   1.6237285914479076        1.9430889892499967        1.5322880933277792        1.7703078980732567        1.2834545593974025        1.5969157452854188        1.5332754844429977        1.4891726748163698        1.5339266792870774        1.3938317730167351        1.6657211117563786        1.5856542945597105        1.3773644891191781     
  0.93780293296167505       0.99981880126651768       0.99744869091107902       0.95365712205818964       0.93321915772771569       0.93831659159094083       0.66728717205114096       0.94355681741633102       0.99473618126152197       0.86177968213890566       0.94055257079946586       0.94402941140065255       0.94162104683299741     
   1.6432174690274970        1.8384466546622362        1.4191254612327313        1.3996850567201906        1.2757782958268700        1.4279823174319983        1.6454418805677133        1.3392698629478892        1.5015833404548833        1.5379796778802306        1.4682409529128038        1.6753197107543052        1.4502737160978587     
  0.96775782904238206       0.99990908569623094       0.99898428171106413       0.97702544511784806       0.96358646730659003       0.96823237879959134       0.79621796221836516       0.97039149559485738       0.99679678682993644       0.90829326125889731       0.96827707784858896       0.97385230983480053       0.97071790679526837     
   1.7575952920433138        2.0557929757819338        1.7386177964165026        1.6061840065355066        1.4425292798437062        1.3798127975559293        1.6619003755053914        1.4929455008242118        1.6162530538883868        1.8269433353012352        1.5986911576459313        1.4934352902420727        1.3800668375681844     
   1.0000000000000000        1.0000000000000000        1.0000000000000000        1.0000000000000000        1.0000000000000000        1.0000000000000000        1.0000000000000000        1.0000000000000000        1.0000000000000000        1.0000000000000000        1.0000000000000000        1.0000000000000000        1.0000000000000000     
   1.4009065211406286        1.2687207978140003        1.2994122960698322        1.6191325211152188        1.8027936152094721        1.6603261102917941        1.3434865673145038        1.4340922679117276        1.5349460551209646        1.3961787971129502        1.4972877406491349        1.3549975585397702        1.8359544617984860     
   49.924091394552896       -63.936753966996157        30.846213087177635        23.381713040746952        58.598446863676983        43.853933537610800        87.958386799808977        49.497185398911057       -1.8091319869721669        34.604601550604137        45.886642479903465        40.073099916274749        52.825755602286080     
   72.881945762903385       -48.501709885076522        56.606788630958661        47.311102942498081        44.866020906425739        51.765123365804492        55.799600802865548        55.300544721437269       -14.860144982342160        50.084623450606017        47.780760536984054        42.382224472499338        59.082215981574926     
   51.761948199677683       -33.913071238956611        69.112607951472071        62.572094560312969        39.552004428868202        61.350210922646369        47.149750419387679        62.725891325445801       -8.0317969939355116        42.529030080375179        51.376883788488982        60.481891069710095        63.702082624975098     
   38.486154418839995       -34.103657222590257        37.105831768357184        79.136446485592174        58.518998552006863        36.919553543673544        13.449441224681530        42.082800505596730       -36.213854492785160        49.674597663091880        45.088323699107484        41.233614635132369        48.056022362384091     
   66.289467859293111       -29.016217213738773        50.605083098390125        46.659070751613498        49.606017099947209        60.353635239590211       -6.2062089012840715E-002   35.653986950494577       -11.274224591999607        55.616544594552551        42.766660330316476        54.869409350836960        45.740241160242896     
   47.117123880899271       -14.879978445288238        46.509882080521528        54.700287675934604        49.241906292613770        35.474193394106855        1.4508282861476962        43.612179317939166        10.314826944576469        57.635902197943054        51.133542638705599        48.379010358924674        34.457216040484028     
   48.174534585360199       -11.940392306305803        46.236696858161423        59.353950464141931        53.111001194349683        44.864698620499624       -3.2700150332722377        54.316307638904526        33.763083021366228        55.092662271883768        52.924182104680106        66.445474414055738        37.451719321620544     
   28.117040229398217        70.655981284476070        57.759576122830460        34.613500898031432        28.902034324363491        68.138654846320136       -44.391486141119344        39.903786534874484        82.655810561974903        33.448934416795126        57.663811022741349        48.251949967296980        78.646720125666079     
   40.277286589485541     
           1           1           1           1           1           1           1           1           1           1           1           1           1
   4.5718505896295785       0.39911261471188592       -4.3835973415069444E-002   45.617069675449599       0.37062723489163008        7.2789451823083572E-004
  0.11963183789160051       0.10555588055596381        3.7318756060241307E-002  0.63941275178520773        3.7291707404083524E-002   5.2093713656501310E-005
   3.3577611543425041E-002   59.079708755662494     
