   0.0000000000000000        0.0000000000000000        0.0000000000000000        0.0000000000000000        0.0000000000000000        0.0000000000000000        0.0000000000000000        0.0000000000000000        0.0000000000000000        0.0000000000000000        0.0000000000000000        0.0000000000000000        0.0000000000000000     
   6.7110492473621955E-002  0.47112670394915818        6.8340475302320916E-002   2.0957599552162604E-002   2.7683637015037236E-002   3.2287501924135188E-002   1.1873733441983723E-002   3.2185114319652042E-002  0.33206349368434296       0.18678735934622659       0.12955994632329199        1.5263376973870996E-002   3.0110257589552415E-002
   1.1675113932432597        1.5552703614821353        1.3358320459757713        1.7768043504330329        1.5867251229022521        1.7281596770869705        2.0092213374261747        1.3578976960597404        1.3371056993226356        1.5604130892704433        1.3802410524538167        1.8926558323763096        1.4463998144831702     
  0.13776017092705145       0.57555862296143712       0.14640995419434005        4.3314087701445736E-002   5.6779454853378000E-002   6.3785217599076460E-002   2.1982149479688507E-002   5.8777383747540241E-002  0.56402113490555938       0.22537177562615929       0.20934759797649827        2.9475769464704111E-002   5.8511842790471613E-002
   1.8733792124683253        1.2819570139662828        1.6878114205623393        1.7284123533052698        1.5704383994663702        1.4009617709449327        1.6685078067982235        1.6376721965360916        2.3333562161655310        1.5075477638579220        1.7996474187042648        1.4497459675417810        1.7066392098709129     
  0.16970340982681947       0.68030259856613728       0.20136273636490826        6.2663009638308023E-002   8.7300226121816607E-002   9.3204625093608759E-002   3.0736969248634529E-002   8.4733001584237758E-002  0.66220920103564418       0.25639552212572780       0.23662601567253563        4.2268198629609871E-002   8.9230473009996425E-002
   1.4420333927473330        1.6828139520609171        1.6699399365632639        1.5213362135405881        1.5320898119349262        1.8151251942283715        1.6115986957387274        1.3413244572066323        2.3346977946832919        1.4474250886751905        1.3602805063222796        1.9277395044873580        1.5241997810885530     
  0.18912982236949707       0.76637699202120324       0.25443599449109661        8.2811798948455279E-002  0.11917174182274672       0.11914227017958151        4.0013985497477964E-002  0.10918773444760060       0.69698569637952046       0.28448421394627238       0.26363154280310197        5.7488908728110064E-002  0.12089329621139352     
   1.5467888798732716        1.8880315348610481        1.6006673157687756        1.4808392727399475        1.8735468194907146        1.4232851982182688        1.5584602462278643        1.4837710041003129        1.6334273919103441        1.5754406593572683        1.3592467113382316        1.8295252235763799        1.7269578648367323     
  0.21579964273504304       0.80257404605596150       0.30872377371879767       0.10291992694324996       0.15129543123213060       0.15026787011696868        5.1219409252029897E-002  0.13478512628447925       0.73597057789622289       0.30091646725151733       0.28807834684490174        7.1940744893931138E-002  0.15509119860630050     
   1.6510934837216793        1.4519287588094987        1.4794026341224158        1.5944642484257734        1.7189261253251968        1.5117931551876411        1.4125849922470612        1.8680407642934560        1.9909448590299008        1.5628468512159646        1.5060425315981052        1.6561056255711994        1.6260542592172620     
  0.23942250888159952       0.83679274132424908       0.36659588934902837       0.12521973914146561       0.18173906256989819       0.18155358531997315        6.2613474289915941E-002  0.15796492064725956       0.76487683964858266       0.31962778430236910       0.31253429932415300        8.9372890115071726E-002  0.19643530898340947     
   1.6917821273472156        1.6913884106969623        1.9654894154141982        1.6493417492030358        1.4062818256417371        1.7505591767897788        1.7677138906448977        1.6720299262842471        1.5899583795679981        1.6247495107642524        1.5173634882005766        1.8646597942115473        1.7020389800642399     
  0.26196478522192340       0.87072934215631215       0.41754535699828249       0.14861948388330726       0.21883873506959536       0.21669148083656414        7.5879978886100929E-002  0.18037229504161875       0.78869997182647589       0.33809073663681011       0.33663695941800659       0.10645945522154432       0.23018547894690811     
   1.7266942477093747        2.0278575012851601        1.6029333180506302        1.4003156826350200        1.6594920634022026        1.4625994576232260        1.6916065574888306        1.4706870718975191        1.6233311642925192        1.5342819067492366        1.5316509780852572        1.5885735758893569        1.8402674985361709     
  0.28635180987250786       0.89397448630519394       0.45994027153668993       0.17396422465246136       0.24752391941739937       0.25080212159244780        8.9008571029906891E-002  0.20312654956272616       0.80967106979207037       0.35335861574199406       0.35739037248477740       0.12980548058054597       0.26553191199913423     
   1.4993268628343193        1.7065225283761074        1.3878067802417005        2.0105132698084613        1.6467631372586982        1.5546283203348139        1.4327085854839841        1.6234809719208509        1.5692193908870455        1.5604565483321200        1.5608310437592752        1.6417345746646601        1.6666848824543405     
  0.31148019696528745       0.91233446454356282       0.49973664090835734       0.20047461502053601       0.27788825810035273       0.28177560190395146       0.10317001472693499       0.22634147222507439       0.82693015269581571       0.36622424473953158       0.37726282173073006       0.15145251231302684       0.29733325112287839     
   1.7710613823686248        1.5963441071586177        1.7107491192470177        2.0037279255845792        1.6302412017451859        1.5958344874668788        1.5610224892736477        1.7480307499643701        1.6654858676491497        1.4438418655403971        1.6269042902025188        1.4031283101438488        1.7469904766546835     
  0.34109930859946591       0.92822744323780559       0.53716379239676226       0.22900114010658779       0.31180374399053284       0.31466128609755545       0.11854063455701706       0.25306287292211865       0.84207973382482681       0.38016632961271968       0.40248175182203688       0.17632314657981468       0.32846888671821967     
   2.2310905928688074        1.5665611677576925        1.5724485960941905        1.7419232860756229        1.6255910897640533        1.3763824134529454        1.5531661255259983        1.7416522860761556        1.4778059004984003        1.8198620707356901        1.3608340698345784        1.6389275899939690        1.5732344353940475     
  0.36957209386285783       0.93983477560230955       0.57814590293348944       0.25707546068649023       0.34541137319613180       0.34592341516972813       0.13457167806598813       0.28040098160335436       0.85747176236209088       0.39619212905331136       0.43089999570584658       0.20404868987574229       0.35827216816963509     
   1.7657767321685824        1.5504028138967365        1.7418411902038891        1.3168493372819210        1.5902800328985287        1.5388530953001616        1.5411217136723092        1.5581266217030436        1.5989055545826270        1.5473251714857337        2.0764683248138551        1.7279784798309803        1.3900897551006759     
  0.39824077738971947       0.95039559200538626       0.61924238721078018       0.28547707533253697       0.37597249210429368       0.37600615244462010       0.15325479793945171       0.30828498300094442       0.87029875603657636       0.41099560932006596       0.45887112242727185       0.23125698501232789       0.38833314793819013     
   1.7498815628935660        1.5958565401624005        1.6755793974099813        1.4531956575888227        1.6399051887629712        1.6066798828275439        1.6987086851171382        1.4050578863165524        1.7426908694131913        1.4495479789991701        1.6373776883536755        1.4253998353695352        1.8283952463418638     
  0.42116387008702122       0.95786265728540088       0.65490710521588813       0.31308333415494960       0.40733670476193201       0.41106130306877275       0.17190613567619828       0.34248405488893935       0.88283304144250818       0.42716703488148217       0.49072161971294309       0.26018091314152192       0.41794617009692697     
   1.4093407866081626        1.7271447022059276        1.5448225909762434        1.6704602844301322        1.7955334675927619        1.5894082083543173        1.4546186950114199        1.5006337569995154        1.5363402278382807        1.9003770350303346        1.5639445057117956        1.5077274737685973        1.3919629910969367     
  0.44288798107521904       0.96500891235196562       0.68744464352516210       0.33810580617845021       0.43528480134719766       0.44188367036622189       0.19405883160100168       0.37957111164311069       0.89449187778825689       0.44141705387755459       0.52021786998227171       0.29308559883968444       0.44810487288244677     
   1.4237882881781314        1.5097506524173245        1.7659139648342350        1.7224989887356794        1.4556580378618513        1.7827451618753027        1.3823050183568510        1.4053776366973663        1.5321519911622752        1.7587170626982482        1.7884125814593095        1.5419252319041292        1.4954745094640856     
  0.46647534480847819       0.97058264064906019       0.72025539408527572       0.36509875206134357       0.46357529100223344       0.46960768470489378       0.21461105075695175       0.42672713549602659       0.90380277397799247       0.45535073104938611       0.55003394986306220       0.33064666373547813       0.47513851902594484     
   1.5433249898736601        1.3337014593395093        1.7785518097797934        1.8071312664592627        1.4445164247314424        1.2842749613675066        1.6720796551954218        1.8864720799255816        1.5334193737986375        1.3796125730724138        1.8183406703567671        1.5282575638384066        1.8630425615862847     
  0.49043517332439407       0.97539521730428114       0.75168655470292711       0.39831648423718186       0.49244683117107663       0.49635369267876117       0.24082227956448551       0.49041562598827659       0.91289009294653800       0.46928297515568851       0.57628137917461264       0.36668951716220599       0.50301661171534895     
   1.4759167471218331        1.4160043181064890        1.7355994145798059        1.4864124046805260        1.3625010114790153        1.6416627364662109        1.8233683099622497        1.6272618343174667        1.3217996156995435        1.6884051050711157        1.6228767338403343        1.6231650197944043        1.5130112768976227     
  0.51456534970207068       0.97966824573107369       0.78437402491054531       0.43597630004647264       0.52333677524057576       0.52239740581939065       0.26749013986663633       0.55410173335422808       0.92051724985754957       0.48367934612658708       0.60573019506234049       0.40519352063685060       0.53270481773687950     
   1.4629067329431347        1.4786810453521158        2.0658075668340996        1.6138348554074371        1.5993658193092897        1.6897121020659596        1.7455949240415387        1.6229193633701484        1.4350216288609758        1.4421867650436302        1.5087943279268115        1.7986785769063094        1.5276047890556863     
  0.53909005914915320       0.98285574120092212       0.81392642730420972       0.46363675449269631       0.55709721575792237       0.55462837438660673       0.29682767850473979       0.60863405024979211       0.92800848403401326       0.49694681455591205       0.63522255899651547       0.44263741484663494       0.55957840962995142     
   1.5457334563184220        1.4746354718300476        1.3604941244239972        1.5307412853079849        1.5080850022333545        1.5837992093964239        1.6185386407814180        1.6861023683350578        1.3297672702793915        1.9392459172695098        1.6051241096299278        1.8229938436257500        1.4649593156941993     
  0.56680855460581114       0.98551676455478898       0.83800718697994159       0.49530416847095093       0.59004817895154649       0.58928098942763907       0.33025518591909364       0.64936600447609016       0.93513357159054811       0.50924538700907074       0.66733993955876514       0.48100755518709604       0.58546680784516802     
   1.6911028760735922        1.3389980259870413        1.6856530621529622        1.4383377763065044        1.5412678462840772        1.7348020531809927        1.4617260514109256        1.6635321221950219        1.7457431835580415        1.6016469899339703        1.4643262087935816        1.5801189566583638        1.7660169690378211     
  0.59532673241490230       0.98786054383597077       0.86196405823534106       0.52985598371864884       0.61932022761778582       0.62140336233275228       0.36420832774759077       0.68737348057048542       0.94211091737187858       0.52221561475181177       0.70127123527085122       0.51749194346002791       0.61027298869916213     
   1.7669348701520857        1.4395385856180576        1.7537834531892789        1.4771589292752971        1.6274629148030966        1.6756099003769340        1.3371092690137860        1.9657472883797513        1.3830815591543977        1.4992567475132930        1.7201350382932963        1.7773055868649414        1.5383552441902186     
  0.62144400939920730       0.98987406204222794       0.88491906142477872       0.56895475881337854       0.64861772117401895       0.65337039093101756       0.39767829989078957       0.72271342310295961       0.94876633531551813       0.53599735486373201       0.73282305798745551       0.55632619987207765       0.63569803215635989     
   1.6492154449035554        1.5157742973322095        1.4740813183454651        1.5975567565587490        1.6213018530876757        1.5538348906189909        1.5075403845950868        2.0431471967029449        1.7416739452576828        1.4980567321613929        1.5796466873681119        1.5585476716789264        1.5820342753888996     
  0.65008363589394946       0.99169632748985526       0.90388702521648290       0.60674939347934409       0.67899636378719419       0.68333237287149395       0.43235318370855674       0.74806412962309832       0.95445947192306779       0.55150163355665882       0.76338876601299344       0.59195761890566068       0.66587795027034347     
   1.6699852661223560        1.5771592981264118        1.4762279674548071        1.7183608058008453        1.7184317741965565        1.6170625610534188        1.5651813873292095        1.5218575130477254        1.6178323132169448        1.6188572560808587        1.6633644783678898        1.8271925662596815        1.6275333859237904     
  0.68083102917542748       0.99318250428877142       0.92111793756144600       0.64647154395015338       0.71262892102383968       0.71336247518351381       0.46697570333333227       0.77418145221184298       0.95952259979671450       0.56833202229540680       0.79105875605049314       0.62473776969151273       0.69868453449755119     
   1.5734969181397298        1.9025623798277707        1.5903213253754571        1.5059801767402363        1.4263588361669355        1.8257376003668353        1.8902940731214577        1.7268235308900388        1.5696101921582475        1.9635418333701031        1.9540671200881468        1.5350976389566966        1.3989500647772797     
  0.71014296610801320       0.99439002254683162       0.93487530722398371       0.68918904078161147       0.74377453715812969       0.74459636956796682       0.50533325724803690       0.79742116809997898       0.96457528628132339       0.58543112918510409       0.81653664458053721       0.65543097821324636       0.73071537734327607     
   1.6337922217514158        1.7252595168052611        1.5292783851010736        1.5276657423145530        1.6877518144471957        1.7372807129192038        1.8518277479466319        1.7704901389819709        1.5460476901605535        1.6612543494624719        1.5888308963763242        1.5712032386911927        1.6626135556713866     
  0.74007916545856756       0.99547277409493617       0.94922172792111836       0.73095605939427721       0.77647317640537372       0.77655637365745633       0.54799784651866301       0.82252036862651168       0.96948535759076038       0.60521600151100907       0.84516432039551348       0.68738488222385918       0.76441910382975653     
   1.6119811294171205        1.5584561289742656        1.6723846003463780        1.8002340570266522        1.9815317673065052        1.7633483919045718        1.6864914441558214        1.5644477143711062        1.6091757220888683        1.3850885789717930        1.8358360065969539        1.4131587724313570        1.7390696964339196     
  0.77025737993308219       0.99637826658791495       0.96235148950674243       0.77165166681058694       0.80930387824102845       0.80994557885254093       0.59285506105138719       0.84653612824280666       0.97417306710478102       0.62326103599910909       0.86885499464003513       0.72240885889902406       0.80142311788151555     
   1.7194620421544298        1.5343478003929671        1.4333944384894124        1.5551074787957964        1.6219783590572012        1.5243131800545864        1.8835459454012604        1.7080605083849467        1.5669161503624880        1.5380749148670070        1.5122352021250265        1.4849696276832469        1.5555182205082960     
  0.80105214947326653       0.99726647636380483       0.97186413128266436       0.81258957605076465       0.84220787253356311       0.84134692251508314       0.63886222290123329       0.87026746010954259       0.97935292673717100       0.64182985792864300       0.89061702620921512       0.76460564902696659       0.83684476950630871     
   1.6512810211868700        2.1200620745113321        1.4955317794686094        1.6663251649458417        1.5639390909041755        1.7357311813104006        1.3184271816505837        1.5644701167676136        1.7735350402953272        1.6507489532978541        1.5233954721017604        1.3856328417771282        1.8616833191049025     
  0.83479929186334467       0.99791508927220618       0.98018260049967987       0.85312807506248856       0.87448563908587984       0.87048404943868252       0.68553642856034314       0.89589664760145515       0.98266568750149974       0.66611412136664772       0.91079968287204227       0.80972015191554336       0.87194560186136438     
   1.5191556382985918        1.8924513826028337        1.6709512872910592        1.6877543459944464        1.5618565791947598        1.6417963402144937        1.6973779369338158        1.6322109291675233        1.4353191787071253        1.7992824330777153        1.5088305218008833        1.4792881916007870        1.4737543738518235     
  0.86851218770183247       0.99848568770921275       0.98677389128574022       0.89436327230302215       0.90586707430634672       0.90160179420933517       0.73539863986069520       0.92179209457385836       0.98615384305963294       0.69569948405570936       0.93173650138264597       0.85719858310356212       0.90389756532407084     
   1.4641000005905631        1.7129550406658918        1.4177799351268907        1.5565225061350523        1.7045549207908712        1.6782657416961388        1.5659189420271340        1.3172160052699637        1.5070974280485951        1.8382027943040009        1.4967399244397235        1.5914965244094994        1.5741965300606260     
  0.90354933698142081       0.99898727739023430       0.99224684070473745       0.93205601701332252       0.93771551072216186       0.93337017985946891       0.79308659777151025       0.94905149563586177       0.99034080521278389       0.72754454628791687       0.95453698134127984       0.90367002979759037       0.93599199320622828     
   1.5775837549276084        1.8420163193654708        1.6500704302925944        1.7948156225002703        1.7513889540320113        1.7548389410868170        1.5737535047124556        1.6002726681405182        1.9090641787809746        1.8466254205868677        1.9549963860023436        1.5652916287643237        1.6639762541439116     
  0.94551787930206488       0.99948327485349464       0.99645095064919520       0.96712702085831015       0.96847828734521391       0.96592519050719772       0.85793428458132792       0.97571730677248614       0.99465111177422505       0.78200024754714126       0.97734964764530929       0.95334482210035199       0.96896426243683198     
   1.9319483397853052        1.7832564331647192        1.6679669657424494        1.6232718713369636        1.6188760511266258        1.7197106737133441        1.7643302710084978        1.6934313768339182        1.6870112174537331        1.5863051151694263        1.4556656569986224        1.5434142569289109        1.8612732573268056     
   1.0000000000000000        1.0000000000000000        1.0000000000000000        1.0000000000000000        1.0000000000000000        1.0000000000000000        1.0000000000000000        1.0000000000000000        1.0000000000000000        1.0000000000000000        1.0000000000000000        1.0000000000000000        1.0000000000000000     
   1.5387362304261396        1.5397392134394445        1.6973577020795909        1.4367048405601914        1.7386195372339115        1.5310770804177074        1.6087423361057462        1.5238184152222649        1.4593693118939615        1.6602565975534465        2.1326689920857951        1.6885270899037268        1.5096015893256363     
  -8.7502322355154725       -18.361454528443833        3.1672304102117037        22.396254388180402        13.282175410031625        10.930945670928612        42.093840020134358        21.579443651131722        0.0000000000000000        64.531569698082308        32.472877964194311        19.767769359414242        20.685392445556367     
   23.661012688954163       -4.4045497690300266        7.1480551966143837        15.580585736487912        14.826694521334636        14.972927798177947        37.453539764255119        21.653393015325197        0.0000000000000000        29.768855900143016        18.204847972847045        4.8086583692225915        19.141179955362198     
   23.513628945180418       -1.9868364500611992      -0.40639778538227023        18.572859232614107        16.904693520340036        17.632071580580636        20.309797615375725        7.9805980509877763        15.226289554890162        24.388093385102408        17.576433268917619        10.165930744457098        34.731237113421223     
   15.360074739406338       -4.8894221369236002        12.463426071656682       0.64087847584591540        17.569533088060741        18.996525176759061        13.058897658844108       -6.5229950096143110        1.6382893940853980        12.731957384970562        18.890432018975826        28.535556823884505        12.807202980828736     
   3.8928547297237399       -5.6282281147290041        15.866128789208956        18.992197558225484        21.579984305684956        20.746311469144704       -3.3382281210802653        1.2607515061053065        3.7014994845370186        14.093385479747941        15.781736217826523        20.463788769052019        36.205221432211175     
   25.569697406743330       -8.4616036099439107        13.709537369063892        14.141819586463848        19.662568647221033        23.596598708245224        1.6454500364986697        11.312772249485970        15.853352748874160        17.176694997474737        19.228681221287346        27.424169584567302        7.4374322639135331     
   17.964802605719917        10.865997735299858        22.759639802952169        16.355100728900368        21.975091244791614        3.6721312205640575       -20.238934252356387        23.672062291214981        10.918961233506817        5.1676370615675404        1.4708096134810658        15.229130541567557       -2.2189000937570880     
  -7.3894074250417203        36.859497838036809        24.174580591050791        11.077076804809272        17.093918010615695        20.322612418937542       -33.696822795229082        39.911639874728124        34.926773293286928        14.788027232370991        19.686007691570403        8.5383687872582783        12.544646065251886     
   17.161373998120606     
           1           1           1           1           1           1           1           1           1           1           1           1           1
   6.7238500313137743        1.2969722156382821        2.9631459737929768E-002   17.111807958787018       0.21505875065781835        1.2585809715878917E-004
  0.14871025207171493       0.14385106655791416        3.2943693818950875E-002   1.1510809948243375        3.2930804104308022E-002   1.9745432003337001E-005
   5.0000000000000001E-003   17.613250431860148     
