   0.0000000000000000        0.0000000000000000        0.0000000000000000        0.0000000000000000        0.0000000000000000        0.0000000000000000        0.0000000000000000        0.0000000000000000        0.0000000000000000        0.0000000000000000        0.0000000000000000        0.0000000000000000        0.0000000000000000     
  0.12577525984770790        2.9009275447392843E-002   8.6796804517679255E-003   2.0327782259545735E-002   3.2974342920238715E-002   6.2286187141351479E-002   2.7852375483734888E-002   2.4851143391158497E-002  0.36099222423557870       0.25695771761680736       0.15430176879106747        2.3982215742702519E-002   2.8288303712902686E-002
   1.1323784188807495        1.2218415879091358        1.0147913194151488        1.1111410275042006        1.0742719785907511        1.2908409510866552        1.0078836856809479        1.0081834580808997        1.0803700198944244        1.0143089434961348        1.0937770416750496        1.1798493924954183        1.2612232121591775     
  0.17848747252956745        6.2747424125501217E-002   1.8758168446062685E-002   4.2485321070023077E-002   6.6770418660786091E-002  0.10628371601519736        5.7032769318603904E-002   4.9168060019018259E-002  0.53242542149688443       0.32234299798585220       0.22806908240566698        4.7766858966673965E-002   5.5181197574363627E-002
   1.2104545475464756        1.5992451424897662        1.1080843223642149        1.1635020468168014        1.0791253320754788        1.1262632094083229        1.0332300546962141        1.1170200359520870        1.6810350517593133        1.2266588126585374        1.0905092687057800        1.3946604133921510        1.0933751049200613     
  0.21166018277527554       0.10519231480264600        3.2392252938912729E-002   6.6891385494939504E-002   9.6663958526746044E-002  0.14363375889879670        8.3718651531403621E-002   7.4026461790983114E-002  0.58288829211265236       0.38250896603323864       0.26617450556128708        7.5170643487686081E-002   8.3180226719933373E-002
   1.1935986865973371        2.0710126119284826        1.0349430743514869        1.0802346538746805        1.0148883320244255        1.3399532791155577       0.94247296727716057       0.88915446647515550        1.1605579584243884        1.3099300140422518        1.1480348319181020        1.0361869940166488        1.1190410490211002     
  0.24989473170482784       0.16619564390851110        5.2211445722361610E-002   9.3864954588154484E-002  0.12378521023213497       0.17710029193282797       0.11208345153289613       0.10089405185619940       0.62649311134397789       0.42099101314450493       0.29959531068052297       0.10107907590403263       0.11048580409516788     
   1.2163039730959091       0.94594765871080355        1.0974431654348473        1.1828904488549505        1.0965463902867947       0.92813973753494594        1.3638613042004977        1.0300216869474230        1.2705883355495229        1.1262715017831539        1.1669661167505159        1.1761812275411108        1.0941296776902947     
  0.29138507552877424       0.26472939076242263        7.3996941306581021E-002  0.11848484909196688       0.14928477705978821       0.20733445148679439       0.14209327575112163       0.13018678795122532       0.65966531481354551       0.45142140515973106       0.32599462586213218       0.13355317898483021       0.13831047410564248     
   1.1158706116161312        1.2581433959046116        1.1102093573769964        1.1590624316169758        1.0444166539407527        1.0543549354136410        1.1123776138351251        1.1910906219803341        1.3655959365151422       0.92535434638445513        1.0237996454161513        1.2724732031462931        1.1707569150007944     
  0.33138271540912401       0.36989468007581489       0.10117114202359505       0.14140950157416071       0.17416523887687166       0.23599596670461789       0.17318345728069201       0.16010871214285272       0.68497678038568821       0.47999399447523466       0.35287693833558720       0.16417224010116443       0.17017059586987432     
   1.3435197697747252        1.1758523117342212       0.97682012581734001        1.1204850835935278       0.91138349971235200        1.3153263376200217       0.92584371124088605        1.0196679586194322        1.1529142102785721        1.1449468781577361        1.1294918163563157        1.1059846783353300        1.2348763670129392     
  0.36316315643889763       0.45381034125042613       0.13816040559276277       0.16533140133571816       0.20067202450954982       0.26238474233903886       0.20498217298965474       0.19285161775304357       0.70568145356179235       0.50602465144323794       0.38179744316410452       0.19567626527948101       0.20448340607070845     
   1.0130941190252027        1.3026619282734451        1.0955769748603048        1.0239176430049990        1.1583363507110873        1.1521568079296876        1.0157852975730111        1.1203458657713345        1.1639018739220190       0.99510117650814256        1.0064030212313644        1.0177569623241507       0.99446019097834681     
  0.39512113473568145       0.52221625119533732       0.18476366869441996       0.19126875727514894       0.22819444619896165       0.28570849617468158       0.23780265517684165       0.22384849640535834       0.72582655524843032       0.53564602088977753       0.41036601122364014       0.22562963528879573       0.24137715478546509     
  0.96495005870773076        1.2620951157119622        1.1742195975366849       0.98405684210788902        1.0150940713104495       0.90672000477349635        1.0932787769292935        1.0029201949518072       0.86116328714135537        1.2059966430087248        1.2647445456488311        1.2074376989879476        1.0653948881859656     
  0.42501627120127178       0.57733635432312513       0.23212472146236784       0.21920329025198254       0.25531306081549154       0.31038530883096305       0.26732077300759205       0.25789385175844698       0.74191888691877828       0.56028607135688901       0.44001745540235832       0.25569875426431965       0.27870426757953831     
  0.98693181008860731        1.2622244307334913        1.0189892570706665        1.1202530547447151        1.0754426231759773        1.0160555110079579        1.2569878606876508        1.2676589365024773        1.0835313604255690        1.0628623946385978       0.97515077211988932        1.0111818985062622        1.1642959820254413     
  0.45477517983767368       0.62115199857856596       0.28381979145926733       0.24605435397419828       0.28412596323416883       0.33420791639773434       0.29814471462330089       0.28960653600265629       0.75734160876683410       0.58182124002179192       0.46956219676050892       0.28789004434454613       0.31413234536428036     
   1.0207243513383157        1.0525248880527132       0.99496302779338575        1.0270861510063796        1.0400118053065217        1.2600608206081776        1.0731538783640027       0.96759902792354269       0.97979769015518037        1.0229744201118740        1.2124831605355293        1.1085345759235159        1.1366381224230087     
  0.48806144497960957       0.66105922579303888       0.33308920115175722       0.27322273467870362       0.31409152572412941       0.36303753636174507       0.33148876364523938       0.32562095102178440       0.77135649327573674       0.60223237319494549       0.49905038458313272       0.32391582596643753       0.34953703597555885     
   1.1003251571867230        1.2293643842711033        1.0665560266029555        1.1815481671245711        1.1210759022519390        1.1426997008639386        1.1795500253535200        1.3977828314543717        1.0767379899144462        1.0408244847251094        1.0312982757555778        1.0654663713469654        1.1270836359635878     
  0.52113096337320886       0.69834689736010791       0.38003831474428057       0.30135813039198006       0.34722616137326456       0.39043574173767875       0.36635465697201341       0.36174481771010919       0.78423221711952973       0.62102522571603258       0.52585069724600408       0.36102810374820687       0.38086682249574533     
  0.95126464459425208        1.1205538564138158        1.0091224654473783        1.0530453199507077        1.0793182630993852        1.2510450792706496        1.0286903012312631        1.3579882610998704        1.0785954892167959        1.0964872992046124        1.0369000126634098        1.3040322158195410        1.1595201572981568     
  0.54965536940204995       0.72872896262379117       0.43301974962446277       0.33205621379277428       0.38137564193246359       0.41757017442393374       0.40055939343186625       0.39855481771514434       0.79841997039594059       0.63922778546401848       0.55173516851248028       0.39403813938347948       0.40963583333618814     
   1.1231809717250825        1.0727602802264851        1.0864982627311974        1.1866544621695425        1.4358537455728111       0.92660840087236551        1.1566007547867578        1.1326214881927874        1.0254361517026416        1.1626840684561759        1.2259881347691945        1.0202883228720501        1.1547590962042711     
  0.58106309958434188       0.76106017188134090       0.49192150029317600       0.36558012227726799       0.41600314358794382       0.44248730929746050       0.43218571834250730       0.43043613452470386       0.81282195080934849       0.65927804130297185       0.57836391132326481       0.42571269256792665       0.43962284740378871     
   1.1058765825271015        1.1699571869968721        1.0610348474472564        1.1079125912205723        1.3183875677746570        1.1719420034850845        1.0284630843953144        1.1817498081399285       0.98979039246085465        1.3544496249597302        1.2522726258199264        1.0870500362914477        1.1339396699322322     
  0.61366687661684149       0.78644143072046779       0.55717995327725278       0.40136872327423079       0.44987190853426673       0.46790444034743267       0.46429616924472306       0.45900374284678808       0.82693520728734193       0.67763832773922716       0.60724770385614046       0.44934906903384414       0.47044010402051373     
   1.0550575258281385        1.0763257443432888        1.3993350712897090        1.0521745616343983        1.0442167159432374        1.1765135116367904        1.1925540266672034        1.0750271571799912        1.2113030550136004        1.2267760704324322        1.0154545014794893        1.0221602502861362       0.98023304402430655     
  0.64604888361869239       0.80752514062496639       0.61798195112036025       0.43972691256657542       0.48127437073219848       0.49464593754736369       0.49810309034358868       0.48526137260978058       0.84084389517439773       0.69200338678601769       0.63362298040665443       0.47335005545119352       0.50197870835813119     
   1.1983269250457498       0.84471343311083835        1.3638171147617966        1.0511526585954662        1.2190709786937093        1.0014587240378705        1.1058433087013035        1.2266938741027533        1.0209455359482844        1.1266501802354374       0.99093494178874575       0.98849924116697985        1.0599946581872186     
  0.67508864434080607       0.82674861629019614       0.67535744053789937       0.47481518549774532       0.51308281429119940       0.52197022656648251       0.52956624925021067       0.51214580899967033       0.85317131151667469       0.70307276408561648       0.65921440449741719       0.49909055375734307       0.53247128760268858     
   1.0023168023463684       0.98929658279939270        1.0418243733410908        1.2549803722084425        1.3501834820326528        1.1400234649173853        1.0324893039000096        1.0564857956860321        1.1040849995155035       0.91394485045192642        1.2262986868045114        1.0839087316827223        1.3015115179149006     
  0.70191303132562910       0.84561342903156400       0.73348501643224973       0.50957608116562281       0.54402514243732503       0.54881482793467262       0.55735235569572217       0.54111438820601421       0.86460113827215246       0.71520078219723660       0.68560275945042581       0.52760086540302520       0.56358534612729350     
  0.93512145863481044       0.88030877488812942        1.0923167022919404        1.1620786228086530        1.1090640491984485        1.0428236409185034       0.99725699830355174        1.1752857939924171        1.0062386286811420        1.0695275719975583        1.0318520604480732        1.1580814264916734        1.3728773568761816     
  0.72802131435294759       0.86501257552384403       0.77850821819303284       0.54284026771492311       0.57626273188737298       0.57619842174691993       0.58532308477735329       0.57083733906153145       0.87506799399671742       0.72728962115918860       0.71104464200995410       0.55696812183233801       0.59387151651893944     
   1.1073057584562491       0.97063666069403698        1.0339962627163248       0.92896548190246520        1.0770127311216344       0.98773952273606680        1.1288146884512535        1.1084991681569349       0.99092968267934056        1.0489214681977048       0.93138637897376386        1.1732275753037029        1.1900154570494048     
  0.75472368414241275       0.88009212770277578       0.82281147879678829       0.57970309684893628       0.60874070275840353       0.60067034386000107       0.61300691882767977       0.60079400705664232       0.88523344350548905       0.74080953182373233       0.73449724636619484       0.58459972721945830       0.62769657396186429     
  0.95007357769554357        1.1292361727135360        1.3600083270600403        1.0886265854234516        1.0817742687668381        1.0626633018737115        1.1036575695444499       0.92040628610998976       0.99966278106778794        1.0151966082843780        1.0200102503270205        1.1842738758059048        1.3167371179174823     
  0.78169598285570308       0.89445123397535042       0.85922952556853216       0.61669290336056737       0.64159392504850832       0.62672502284185316       0.64815163608279802       0.63087232999176024       0.89544990590181117       0.75515012223643263       0.75794157826164177       0.61467361650940455       0.66471154965407797     
   1.0646975091502802        1.0128751681423040       0.90555169019149695        1.0998910592444597        1.1124059328883946        1.0375927423130094        1.2184407976734757        1.0050887676073110        1.0730137223551464        1.3607036183664563        1.0600673580261746        1.2012739558637866        1.2107310094138710     
  0.80766434572641610       0.90827177446987128       0.88854630743781771       0.65708028674222718       0.67705361024103128       0.65242495051299820       0.68426771953634058       0.66369122175971906       0.90431208584657818       0.76938341177902714       0.78313181127821496       0.64449095253101096       0.70102472596921273     
   1.2729505363738831        1.1586162381986218        1.1556076347801414        1.1684529476846393        1.0250050711005030        1.2260808166663186        1.0771993329107150        1.0853848838705726        1.1425010182600641        1.1981561117310835        1.3166181320844608       0.98974520875412086        1.0969687359832647     
  0.83234684784829094       0.92181447907959069       0.91464534570741718       0.69632887520135645       0.71232683975143207       0.67998382140447045       0.71765323216258337       0.69772296677271317       0.91403376915631551       0.78346396553555864       0.80838559878658522       0.67436128847492938       0.73545914052077266     
  0.95597063988789877        1.1128020996323500        1.3198976501565285        1.1447114400861329        1.1746184068741432        1.0076759272906963        1.2853340888237001        1.1362239714156159        1.0037499058326766        1.0836153545140681        1.1578369186163446        1.0771961854683283       0.97186136198007034     
  0.85595072924139626       0.93430630924453972       0.93650833908538111       0.73377027848535004       0.74929066810049827       0.71361849609718109       0.74476296411734089       0.73390715095035541       0.92319565163756623       0.79786849216973466       0.83265387969798055       0.70558644157301831       0.76770869213695425     
   1.3414063762496746        1.0536444839160175        1.2367205031230366        1.0859546587421700        1.0627630275061444        1.1886124141833532        1.0836553729601988        1.1370823214108488        1.0027194381103228        1.0070954030453518        1.1098228608792797        1.3171902512517051       0.97281458961277345     
  0.87796186448839542       0.94483238299183647       0.95322736109187178       0.76716387762576643       0.78427097126405287       0.74409204708154808       0.77321734251217633       0.77242372735822395       0.93290879173956276       0.81134735242306488       0.85609588394422109       0.73911003694557287       0.79848674582461243     
   1.1367665951367645        1.0184878390492325        1.0109323796517442        1.0480440181050223        1.2347330121917519       0.96642274912144999        1.0241313950354491        1.1884390726394458        1.1537581909780563        1.0354483741975904        1.1498501918237807        1.0991104422631295        1.0050286090907390     
  0.89777499006437611       0.95447367734536082       0.96664150134296678       0.80001755771242444       0.81406949792397609       0.77307355871188888       0.80351677204913696       0.80368679222821260       0.94225692371969638       0.82614436791177592       0.87766262946088713       0.77503526091337949       0.82936278485214610     
  0.91554524172173224       0.89272633328669715        1.2791186619958113        1.1253927559620751        1.1172661102675256        1.1815383808722748        1.0796630557697229        1.1917248215536611        1.1643559532745869        1.0487228016958632        1.2401529002960816        1.0999273410122850       0.99147183715530618     
  0.91471873951308991       0.96386339678679611       0.97534473921063480       0.83251190204066461       0.84341102844340554       0.80230592172548842       0.83760348997519340       0.83520412358371809       0.95183011692836528       0.83960586472544019       0.90011121104990488       0.81569674660830582       0.86008482882135739     
   1.0948510141070911       0.94264912295538661        1.0301612778789335        1.0256413806683060        1.1141865848659589        1.0650498003167372        1.1581485306650114        1.1495342207669150        1.1781605914991466        1.3512134365022599        1.0850961776695642       0.93376314648743663        1.1127299188715072     
  0.93078291108498090       0.97245840614074952       0.98220942023204882       0.86815548299861589       0.87263782342966445       0.83425314057004729       0.87189533377410910       0.86527626629786336       0.96146184261803047       0.85479141435969508       0.92138686433774564       0.85752276283048223       0.89374177836200563     
   1.1464816846210504        1.0641571577606990        1.0272511123831067        1.2552475064079249        1.0545592655184135        1.0428421899562481        1.0907224795648369        1.0454736831350333        1.0828419622200640        1.0176630129159263        1.1175294934831517        1.0600880535346107        1.1826062625086187     
  0.94640946136955140       0.98009379380662598       0.98765197434997920       0.89911350671436496       0.90497066747889254       0.86779833777483817       0.90514698449172748       0.89664007934403189       0.96963974757270543       0.86920398076106398       0.94339238471544418       0.89665887214072448       0.92059447190840438     
   1.0926154610928214       0.91977575052084448       0.91889058381472011        1.0744569442664853        1.0177535738841113        1.0427624941387108        1.3957816275796140        1.1036568338712931        1.1296719440504088        1.0935478244368499        1.2974525484986634        1.1539263845364180       0.97827225860550326     
  0.96364889909550921       0.98697780980694405       0.99206555232971694       0.93068194057695786       0.94013884818220028       0.90419247827158389       0.93729882213708671       0.92917983404949167       0.97806923536269441       0.88736769609899036       0.96309144082620357       0.93060072820949169       0.94572764407329213     
   1.1957857307827269       0.95196425767005943       0.97770295341639735        1.1795909168143224        1.1780686527819593        1.0410672332857462        1.2279782718748233       0.87026511353460234        1.1387626292625916        1.1857797272144690        1.1213243665029118        1.0644989824258668        1.0412222872680121     
  0.98090726518173355       0.99311040763967373       0.99614128469889984       0.96499060247472712       0.97247183658532466       0.94562458161852991       0.96956788708070107       0.96301884909420632       0.98818425212802730       0.92832281601546662       0.98282595037039777       0.96520542850688607       0.97012359955338590     
   1.2524258839342843        1.1218943967677124        1.2601775747323996        1.1740150911673684        1.1028348319257750        1.2282315729292923        1.0469856969721236        1.1368316909903977        1.2874995279001220        1.2073557604350298        1.0562750495598636        1.0409819763832686       0.90559387876110398     
   1.0000000000000000        1.0000000000000000        1.0000000000000000        1.0000000000000000        1.0000000000000000        1.0000000000000000        1.0000000000000000        1.0000000000000000        1.0000000000000000        1.0000000000000000        1.0000000000000000        1.0000000000000000        1.0000000000000000     
   1.4920894148480421        1.1536405102990979        1.4571476719748988        1.1018846212223223        1.0532178650028718        1.3383672648304066        1.1424161498837841        1.3752407508208129        1.0471165305171808       0.96726275352035607        1.0029300474968175       0.96860423277738172        1.0200666495468700     
   5.8012552927543055        10.935407890933844        11.195200235387350        8.5213698291498936        14.541930809783768        3.3176554929845099        6.3570374986106399        7.6849782347359845        11.489935224171814        11.074610500505731        11.157620409917870       0.24369828422333306        3.7302011772107502     
   2.5638937038400584        10.101504630239903        7.8958798722861747        9.8884751718446751        9.6476586898660415        1.9408253032128402        8.0169726337533671        7.8423302081375370        3.5171830340023655        4.2051649748795654        10.920753373063963        6.5986612298366998        9.6334615234727483     
   8.9138045764810325        8.0085411316167541        5.8806932609968756        11.073961850503739        6.8852142592653856        5.8319947080936529        5.0238905986464086        6.0460958940930691        8.7803644331644168        9.2314455774211286        2.5675717886871015        5.1978928347097177        9.4290896951223218     
   7.2986790454676536        9.0491095350013904        2.0482522930315761       0.87111696296248475        2.4318845958076984        8.5989494160284785        10.738677630358996        8.4620137377378306        1.8494238080489034        8.9065001905366756        3.5427670590941549        6.4798256229224300        9.8823106434661003     
   7.5564379625368456        9.7813548280470144        6.3740052992645202        11.653008989503189        8.5151770317514579        14.388902547150721        9.7120576592938708        7.7819728357220743        5.9576202202234203        10.158832549346030        4.2934521062272735        8.1398183422891499        10.806696208973010     
   8.6787678470022271        10.515783295546594        5.5591732022170115        6.1622437026824786        7.2573445774891425        10.258671576283842        9.6753455491265150        5.2159463169931053        9.2939024189572308        8.1302858733425172        12.080503935812780        7.5952805748980801        8.5406460756208489     
   9.2609903748225513        10.195775237166691        4.7296854745863666        9.2888839550004718        12.872996250720210        7.6749304127900251        6.2787869498352418        11.310117013725725        9.6674788226416837        8.5158491307108797        9.2624024597895378        6.6568475900332595        7.2029324897043363     
   9.9910010021810542        5.5390538459716110        8.7884444887117077        8.8748462650916817        13.934161720545386        4.2637776341415750        12.588393991430214        9.1140220956298617        6.9629878920998962        11.825620050661897        9.4919203725444170        13.773750334759306        5.0865250723761850     
   6.6476515960587304E-002
           1           1           1           1           1           1           1           1           1           1           1           1           1
   7.3109590578846237E-002   3.7435157827280928E-002  -5.7410508540201873E-005   7.9235745612813870        1.3411180330254225E-003   1.7536102803917407E-006
   1.3437772540840652E-003   1.2877693140989960E-003   1.7610794617349960E-004  0.62045135499767823        1.7598466461616003E-004   2.5095525092569408E-007
   5.0000000000000001E-003   7.6925016777295143     
