 scale variations:
          -1           3           3
   323.80685496740051        284.72305332753325        377.65016562311126        278.36857126381358        252.04388673786278        311.91100717374854        365.15891113296777        313.70625192545219        438.76799875795734     
 pdf variations:
 NNPDF31_nnlo_hessian_pdfas         103
   323.80685496740051        323.51571582743446        323.88680515594581        323.64913427323654        323.79102511706702        324.22666974259289        324.21028357530770        324.49158606126952        324.79539283766320        323.51330770585167        323.48938640168558        324.84050346406138        324.46544675522910        324.68369067972191        324.50868950166063        323.51199209151270        323.65526646648550        324.00881775491956        324.03051877030475        324.06957412021137        323.88110120228004        323.90536171554902        323.89132920356860        323.43132993086425        323.53705138244794        323.83650038554430        323.11065185842403        323.93981365058261        323.88959704628320        322.88963538508892        324.19379445468667        323.66046214850940        323.59294280010482        323.46719267761495        323.92865321226560        323.45026491265071        323.46792241293332        323.69600133432226        323.66232482256993        323.98624906537691        323.70818786128058        323.66583934068569        323.74748570092578        324.22170742860754        323.36896934704600        323.66471692841617        323.70309538381179        323.98517311091911        323.98170371438016        323.87382701725460        323.80545848090742        324.18831452525552        323.99878445308883        324.03868130391578        324.05347556694699        324.14843245926977        323.67749804340531        323.81351182116418        323.82372523244209        323.91058736936577        323.63599300083433        324.21352461150428        323.60218676950211        323.96169479305200        324.15041820704141        323.58165162647111        323.72115744181690        324.06577418903925        323.76921369305177        323.76645009020410        323.86481087193300        324.05284297768026        323.48006105873776        323.69471166324337        324.01250548427078        324.02660726133155        323.83498619662885        324.01859001283560        323.84005051124080        323.71804941042990        323.70666234458974        323.88552746554831        323.82743586840621        324.03665294678240        323.86970863952615        323.86030377946429        323.84015799916131        323.99056618795544        323.74703240808901        323.87937531807182        323.68906011045868        323.71687157038815        323.56911939950470        324.11638652813787        323.65303728853445        323.74916898001294        323.93706278085580        323.44175571649504        324.13381136140686        323.91977244342428        323.74055294648753        313.37753655860809        334.68768320948641     
 NNPDF31_nnlo_as_0108                                                                                           1
   333.74877899064154     
 NNPDF31_nnlo_as_0110                                                                                           1
   333.51940564877100     
 NNPDF31_nnlo_as_0112                                                                                           1
   333.99279857749946     
 NNPDF31_nnlo_as_0114                                                                                           1
   334.36818546197861     
 NNPDF31_nnlo_as_0117                                                                                           1
   335.02127760776068     
 NNPDF31_nnlo_as_0119                                                                                           1
   334.66408671758933     
 NNPDF31_nnlo_as_0122                                                                                           1
   334.79973654321776     
 NNPDF31_nnlo_as_0124                                                                                           1
   334.23080950389738     
 NNPDF31_nlo_hessian_pdfas         103
   331.05145732386819        331.44220978381190        330.76197835297990        330.91137440853112        330.86773425799390        330.64681471313804        331.05185502659225        329.99931500315734        330.19943230381801        329.74404842056947        330.62768247643572        331.64979149672399        331.49921992083000        330.05337918368582        331.62545703488018        330.96225022580506        330.92505718719724        331.35408112018388        330.90611569337142        330.78949057888394        330.58385508361749        331.25013759340499        331.29617228575285        331.68845941797275        330.75535536167564        330.64863219350951        330.84700719518469        330.98694437190369        331.25623521263617        331.83852413134821        330.70818078721453        330.04778176713546        331.24407998702713        330.79900815340642        331.07717365376448        330.96085925881505        331.31245088668328        330.87185716817402        331.23800564732909        331.13127223558678        331.03549918773342        331.18983486882394        331.53128793811709        330.68667169376778        331.38119570183630        331.03435362057564        330.78226889984677        330.76144398733652        331.40230870134826        331.14526547989726        330.64226675873613        331.07280841919828        331.46717993638254        331.23149813582148        331.44362338176853        330.90390832198869        331.51467244613696        330.96608029268276        331.13124284843241        331.32163477398075        330.94636959121766        330.78579140250969        330.75168258292990        330.80656404720622        331.08428262515139        331.16029891573027        330.62411743709907        331.27732671376964        331.21660606348735        330.91981532353941        331.34723665027309        331.06387156890844        331.05609410427866        331.12705622311239        330.57270192700332        330.86812717891007        330.86112880041065        331.12155570727407        331.04544492225841        331.04973672421829        331.08296140566387        331.03086087956723        331.19736792583649        331.14680939657956        331.04490550033904        330.95208002473811        331.09803108427047        331.05707041503638        331.16124972196724        330.90300137919741        331.04257406765134        330.89138623390869        331.09794299241537        331.15412095352332        330.95285637262930        330.74617529866794        331.28037988794381        331.13139210648137        331.11342396279053        330.84531284745793        330.96692040799900        330.66254621433177        331.62044993965742     
 CT14nnlo          57
   338.46219081234318        339.57084281307209        337.48823910643159        337.86449513989493        338.98026357073735        339.17303632270171        342.33388101418410        340.42529351696589        336.76229413586145        340.51187399095818        338.04500770335244        339.22284930380141        335.85478842451329        334.47150066607736        335.28065908280189        339.66671599893624        334.23638677076281        340.09193382770047        336.89816225191782        334.00038162460112        342.80567376823421        338.43003761905561        338.40965247282406        337.79139783081757        339.09000102263622        337.37223802508822        339.32639460051354        340.18074438334361        335.45639259414361        333.58009379225291        341.37154023265413        336.92577944215634        340.53027179465698        336.87524543234565        339.86634289787440        334.21368615145576        342.28711642652570        344.75684174806554        331.41006135255543        342.06334274395681        335.55393795906446        336.46150313900034        338.82403279799854        339.03739722070401        333.65661445146372        340.15216005808077        342.23571467516018        331.63210919346062        347.31382419971538        339.10126168243926        338.26129667432645        340.23308467276081        337.80497824649683        337.68783754409282        340.28806395716890        335.39720521889217        341.43516140640804     
 CT14nnlo_as_0116                                                                                               1
   340.47077262941491     
 CT14nnlo_as_0120                                                                                               1
   335.99298358177475     
 CT14nlo          57
   344.52563085909088        344.68296795701440        346.47727277894865        347.00394278548799        346.97670818166813        344.50447759585734        344.36044184414072        341.77221423285386        349.51376692115559        338.93626108374332        350.32653994141202        348.32907124995944        342.28633097653801        335.22568990411384        349.37932446174665        344.95174768525129        343.18722693418817        347.03396713252596        341.63983437813835        346.03887038053682        342.54285584440498        344.09516714130848        344.76936943007246        344.03805582445062        344.92645418658486        338.43782838987772        350.32286827949082        343.89527983567780        345.25324077187986        342.05213433189067        345.36355304207041        343.92374154963267        345.29176836605359        345.92076992775048        341.44805789122483        347.34520845614355        341.75880369771778        345.36462603458421        342.53447845797967        341.92214297120404        345.35869791492809        347.34629505223813        341.62390383219912        343.76718760966929        343.33145497530523        343.80616733061004        342.48724343175303        343.56139693071873        347.50360486690931        346.80522510337391        343.54090267994729        344.07886469991416        346.04955039587219        340.90897902472534        340.62302582401009        342.67097200327606        346.41102577696483     
 CT14nlo_as_0116                                                                                                1
   345.22347703389272     
 CT14nlo_as_0120                                                                                                1
   343.21803464408475     
 CT14lo                                                                                                         1
   369.37663639224218     
 MMHT2014nlo68clas118          51
   335.31584481975148        335.46935636324491        335.13456377649743        335.16047768713355        335.41689515522501        334.51240874813845        336.05370980753543        335.86722640136793        334.69169773691021        335.53542003364186        335.08913425760733        335.58328542698899        334.71803889951809        334.51632947748459        336.73933967129767        334.85191073282493        335.57043338134912        335.11368427920934        335.51111283131462        334.71214682167255        335.82328071739562        335.67095987901979        334.87114566963947        336.88336323363734        334.25819721006906        335.32863412903134        334.03318368189724        336.68482499778418        335.06198036456954        337.55284124928176        332.64141638649568        337.44592337266175        332.73574779401110        334.86396585701948        335.72583739434953        334.43277969289369        337.49844378434386        335.20467794098852        335.82965042927128        335.24658751072593        335.28883074855838        334.98068271826310        335.61750185775082        337.65893373795484        334.86407804883498        334.79857397328453        336.62400527375365        334.42968988231502        336.17066822327729        334.70663287691582        335.88077433546039     
 MMHT2014nnlo68cl          51
   334.59612862477275        334.82905966227059        334.30251018705184        334.68411801274408        334.50729230495068        334.34918912000188        334.69251598354288        334.30458731153300        334.87329510112966        334.58900777401180        334.59398415134928        333.14872047050079        335.21111765143365        334.50183683603160        334.71098716321643        333.17446632991943        336.13304744700423        332.96289458435496        335.43569395757856        334.87337305565205        334.21682939626908        334.31244347815033        334.78246033363911        333.18898240903542        335.62723252507936        333.84431729798092        336.39964509532888        335.89276203364744        334.48215017200010        333.07454753881808        338.13690130005529        335.13277555196413        333.38134267054704        333.69438377899888        336.41714234297262        337.27004110502384        333.41765856179245        334.65798952549591        335.01994701706138        334.64518634325617        334.43952991655715        334.91952583234126        333.62550054726347        334.85557904142200        333.79808700072232        334.70951855009952        334.81307878794610        335.35811755507314        334.29973064602279        335.26263766928821        334.51907271471350     
 MMHT2014lo68cl                                                                                                 1
   359.10279058805509     
 ABMP16als118_5_nnlo          30
   347.94661487758668        347.91604109863351        347.86985412835145        348.14242089403353        347.94159546275807        347.50393105506299        347.52768505708246        347.46686147403642        347.30844364228471        348.11292752376534        348.19874896780971        347.47500781043829        348.54888970061404        348.11954782497281        347.14337672481815        347.72518306845780        348.11985153618184        348.01449347250445        347.24865870967619        347.85974186589903        346.47856720695319        347.79262488813754        346.92007194320809        348.04358334847365        348.89000996067597        348.98555298472769        347.49130100024985        346.97786790253650        348.23347755036059        345.94904617256014     
 PDF4LHC15_nlo_100_pdfas         103
   336.80380362781568        336.10219407871614        334.78768780328818        338.24418882375812        336.68456304077142        337.89201916993170        334.27291688743099        340.65606436341022        341.11923245511804        334.64820006188552        336.31529260832235        336.51024622709951        335.33094820708766        338.67561944029899        336.98319983590596        336.11023135013801        336.77247475977816        336.35403027605474        338.25521464261726        335.82539603807754        337.17075579789037        336.03277005123294        335.68828996802597        338.04088585021327        336.52872186758697        337.57274440141953        336.49637226550487        336.29018022328250        337.37088751647889        336.38289811904059        335.82343231653545        337.00628125031471        336.39815204074716        335.59127318848698        337.00403189696351        337.56848092664671        336.50638181357198        336.74342949799802        336.89305447101219        337.36571796529216        336.82753681020256        337.31094009611064        337.25320403463411        336.46956057861172        336.83121996170922        337.23251945307601        337.17816171439262        336.35373282299872        336.21852202743185        336.79893363273101        336.81468457744910        336.80460504844558        336.99960549383451        336.82293464651798        336.80769567839656        336.85312957607198        336.79535891232501        336.83839523880692        336.88223729300904        336.55474182249304        336.54537271935862        336.70017150494101        336.62072511164104        336.81512771862748        336.75841800168797        336.74935651097820        336.78023049064922        336.84376451940585        336.82121193905823        336.83911064463587        336.73059194436388        336.69528104934631        336.75785284759678        336.60250865286605        336.82522143825281        336.76064534387916        336.82298165002260        336.75512757717496        336.88434141597139        336.93575754863798        336.73460576586069        336.78974911048908        336.67736891146814        336.88736471783517        336.85448869695159        336.82518372575692        336.90948950353913        336.80033255475024        336.70993383150659        336.83577655049561        336.72269586983180        336.72329745993858        336.82132526454092        336.69094479571089        336.83536000032171        336.84742950003601        336.71328469197806        336.87776301130401        336.83290540928749        336.81041833136237        336.83552378016782        336.85642465371399        336.43139304601243     
 PDF4LHC15_nnlo_100_pdfas         103
   335.55158684909748        336.48142603306570        334.55410588758582        336.32306909116045        336.33920909610788        335.41858675877910        337.00894904129916        338.31832428674744        336.95576107131677        335.66889769146849        336.43434617362732        336.65254481827895        332.32284676050483        334.87970736860893        333.22574933998663        334.81366566436475        335.20876436945417        336.01048420719087        336.06594158482233        333.58307552109545        336.70450335043881        335.87920089546691        334.64119861008555        336.47477724990404        336.68655943174690        335.69440568042114        335.09253858359642        335.67856138673341        335.65468877398183        335.46855161798021        335.82219058327297        336.55690720883439        336.41298951704721        336.98927653885750        336.24313681903277        335.16027509975322        335.86021540828580        335.23731291276840        335.69880669445524        335.39593296206272        335.11856759129870        335.75016573615954        335.37983064789921        335.09776214977245        335.34153522295549        335.57741165116477        335.25109481546207        335.15997221381275        335.75869716480452        335.35196340205619        335.83035028945704        335.78316325215064        335.77404533157335        335.83619047569357        335.43362396334874        335.77282291931243        335.69820121237342        335.32187243751952        335.47212714960727        335.53260485847903        335.47797504559577        335.63276998845470        335.62021658267400        335.55981964125004        335.55637389024042        335.50645523077372        335.52090290973217        335.55992213030811        335.66983705685755        335.69659814255863        335.55232574700739        335.69144928299806        335.59010032188138        335.39475432069781        335.56484233674149        335.56913474969025        335.59054226640637        335.60751004421024        335.60529522815483        335.47819433550899        335.68722524298101        335.52641661266540        335.61965685878744        335.47801430678157        335.45569829694949        335.46969286322536        335.64333381643587        335.38775852792588        335.44970713319566        335.47601093669374        335.57067222918596        335.52925312185471        335.50747087049371        335.50888943831205        335.48489996794854        335.55517781944411        335.51477661156747        335.58781872155748        335.60235554012013        335.53176660957905        335.54136930976046        336.20852746352182        334.00399501625509     
 PDF4LHC15_nlo_30_pdfas          33
   336.82353812295560        334.90728180621659        335.47010880693995        336.88974188898334        342.45898881293442        339.17178322722032        336.83681303820441        336.51273837929358        337.21296451705109        337.14926657678404        336.77989917772464        337.34726939454492        338.45515133796789        336.60678990518988        336.98634287040170        337.70021522244861        337.46208213563091        332.70851133836214        336.91189075325855        336.93311917074254        337.64263395007129        336.36595853732666        336.42082769791153        336.85667552291920        336.08594224767256        337.13617067943358        336.27672803643134        336.99094598406350        336.47416498850771        336.77251338938993        337.00243057937519        336.85642465371399        336.43139304601243     
 PDF4LHC15_nnlo_30_pdfas          33
   335.56918146394548        337.32163334346626        335.06813520451249        335.20342406852808        332.47590567204293        332.51604734429418        335.66558093848829        335.12778611700662        334.55301414092304        334.28262484871163        339.00933550944859        335.27674045574338        335.62099149749861        335.82320987745186        335.39301887572128        335.21227240464077        335.06551450328811        334.39192996492307        335.66924194033697        336.05387366156805        333.71254072723559        335.69630594005679        337.23232174252911        335.55777658747922        335.54521161822021        335.44959103333866        335.74698767917579        335.93192731258068        335.84081485094163        335.03755638446199        336.04029705736298        336.20852746352182        334.00399501625509     
 HERAPDF20_NLO_EIG          29
   373.70518435618669        373.69761749260033        373.71268351187211        374.12707102790284        373.28239400286861        373.35328337537993        374.05508029820521        373.31201870560136        374.08903139888395        375.68951178688656        371.72922618586040        373.96722662808878        373.26382178544964        373.26030577554872        374.13336894220868        373.47255305585458        374.38103055036464        373.48101378148328        373.34655653515620        372.96689791057855        374.65511579683920        375.00966267222964        372.11127887303343        371.22833806580360        374.81293293990507        374.59232453105687        372.76619271249848        371.61705566920375        375.48566592514516     
 HERAPDF20_NLO_VAR          14
   373.70518435618669        373.71096679972652        373.55764925514728        373.65242664625998        373.63066933214685        375.73962333704628        372.15100106800162        372.84507463539416        374.57455860934920        372.55291072233433        375.05685357059747        373.41892483099372        375.18187256117403        371.94564599903134     
 HERAPDF20_NNLO_EIG          29
   365.10468113156685        365.23521856120902        365.06430542947544        365.66378808135642        364.63451501081914        365.10344405375383        365.19341499270161        364.51631991043905        365.76092853762486        366.56200203203053        363.71409224018458        366.18402236233550        364.11255177917974        364.44619685173643        365.87979328887798        365.22863123800551        365.86248607219142        364.96453766090661        365.25688352338341        365.26082347995498        365.00477219490926        362.40892005455703        367.54182525655688        364.72759110041216        365.17089028340388        364.11685252587620        365.03343252786453        364.11042926824803        365.86334049788883     
 HERAPDF20_NNLO_VAR          14
   365.10468113156685        365.63126514330503        364.45216245371455        365.73612673470808        364.65795290234763        364.27818546137496        364.97524378832304        364.31134924117873        366.54343031849186        361.62820208594275        365.48212931631326        361.57696704644923        368.76793819158189        361.78053128858909     
 CT14qed_inc_proton          31
   341.50982338317027        341.45368779121520        341.39784674804434        341.34176428529184        341.28550504623291        341.22979869441383        341.17392627019905        341.11840642599810        341.06191596142378        341.00618149024723        340.95075959413430        340.89464096362451        340.83854956426489        340.78232714598289        340.72717831416844        340.67127201351360        340.61532734252046        340.55996661740897        340.50332948799087        340.44798296779709        340.39200107329117        340.33588808780837        340.28032845432847        340.22435405228401        340.16835937010774        340.11252010013754        340.05683455873879        340.00110308690915        339.94526475870015        339.88938322591730        339.83428934270228     
 LUXqed17_plus_PDF4LHC15_nnlo_100         108
   332.99778699254620        333.90151269612574        332.01428905828413        333.75121186119190        333.77304203703886        332.86401893844834        334.45114431166195        335.75688840336250        334.39093414740887        333.11131108669184        333.85964527782653        334.11404742571841        329.80354385989881        332.32426358207584        330.69515330245520        332.25074537038506        332.67992767187388        333.44057539267038        333.50782062205781        331.05938173363143        334.15111509873094        333.31417355548859        332.09415530521119        333.90550405723138        334.11165233020034        333.13559913366362        332.53260636561839        333.13597365340104        333.10458651147292        332.91245314154844        333.26083402098038        334.00153950289490        333.84665445153070        334.41884974403769        333.68638241387913        332.60750920355071        333.30586828419132        332.68433558345163        333.14324500165753        332.83655936368905        332.56719287501187        333.19639770340882        332.83067483122670        332.54900063353375        332.78879603875208        333.02432125545715        332.70251631358298        332.61124967094418        333.20613047842113        332.80167733102957        333.27470935116605        333.22657921590519        333.21885278469296        333.27855566318601        332.88052614129214        333.21702809659172        333.14064901878709        332.77210228546051        332.91920812577155        332.97872134820199        332.92625023796739        333.07907010765899        333.06551558824401        333.00258484612755        333.00547572085799        332.95184894145933        332.96606404060162        333.00479174457098        333.11520587491589        333.14001498028074        332.99779824212590        333.13644149549896        333.03378410558656        332.84273147824149        333.01166859318255        333.01616966349440        333.03761217027630        333.05266243627614        333.05063109546114        332.92400860657489        333.13216364714680        332.97596279633967        333.06558643674697        332.92521404821360        332.90186206875387        332.91527494725176        333.09189395923391        332.83326821556244        332.89531723673485        332.92174262388176        333.01520021137827        332.97363933690343        332.95196281418538        332.95602086457080        332.92947045624879        333.00099189078446        332.96282080056437        333.03492481553059        333.04623060071702        332.97815565265336        332.98850517076153        332.99585889036098        332.98526924637804        332.99976289701743        333.00010060022913        333.00358079453412        332.99861980423111        332.98944451513898     
 NNPDF30_nlo_nf_5_pdfas         103
   330.85979814496540        311.39031425995705        327.59012582761801        333.95526580438502        332.32474235320370        315.23080734240051        330.10103545775110        332.20346426299437        323.89050229111638        329.19730765641253        334.45951241542338        340.01595291408233        333.76212891928640        332.94156688476784        335.35460554919825        328.52095964381368        325.69640389376843        327.74997718121216        320.53773446945365        330.85444103177792        323.17958198115957        337.09187883083518        329.54366058902303        343.88602830182037        335.20536600054936        332.38667063840251        327.15043616346537        323.12511816092717        335.08714157648166        325.79530498666549        329.23565821142813        333.55624408596344        332.57940276823194        333.51999876794906        337.74041018444257        336.55417607889166        331.14807274193731        325.27867215260846        324.96661623122657        324.03353007761109        334.67768206800497        334.77966263645237        334.53537695803817        334.97918057462516        330.74840888916532        337.77238544438444        334.23452087765236        325.16763245162531        327.22239388484991        328.35165363572366        333.97087475256751        335.33996795758719        330.42999862109644        336.94898431058283        332.16569655378288        334.23426701989160        326.86879981072673        332.69724896089662        335.55642907306185        327.13831412280325        329.21459485737353        329.07200700263974        328.89946782061543        342.78912477385376        319.68276839783249        336.09789003216940        332.71786408915659        336.66068484752043        332.39148686683114        330.73180866527844        329.79364637892542        336.07167716691458        331.37276736913867        323.09609515236207        340.87673358332381        329.45569029179927        336.48472954421129        334.68414976137933        334.79527955046808        329.61063936391173        329.79100636297130        337.32284606159442        334.48972414222607        322.01009294238077        333.17669267403272        326.03570727664504        329.92618150671512        335.28589434683664        332.96814274203882        324.66953624993300        332.91610660716657        326.67283140788237        329.10532053762142        325.27930653122053        336.95827055354465        323.10785703047236        332.05182441918532        329.03536987804233        338.32415325945118        329.89971808385855        318.31061920339232        330.48973612739002        330.15992994225957     
 NNPDF30_nnlo_nf_5_pdfas                                                                                        1
   333.48389429105833     
 NNPDF31_lo_as_0118                                                                                             1
   383.72833057432877     
 NNPDF31_lo_as_0130                                                                                             1
   383.91070660505648     
 NNPDF30_lo_as_0118                                                                                             1
   374.68673286440577     
 NNPDF30_lo_as_0130                                                                                             1
   395.00395184689921     
