   0.0000000000000000        0.0000000000000000        0.0000000000000000        0.0000000000000000        0.0000000000000000        0.0000000000000000        0.0000000000000000        0.0000000000000000        0.0000000000000000        0.0000000000000000        0.0000000000000000        0.0000000000000000        0.0000000000000000     
   3.9856834840248205E-002   2.2887267546690574E-002   1.0090314836443343E-002   3.0392405521136704E-002   3.3005608390139780E-002   4.4882091578873455E-002   2.9070550566247688E-002   3.9545586856317261E-002  0.14159224410041674       0.24469021852190839       0.18341883416558558        2.0269417961486638E-002   3.1026379499815595E-002
   1.5820786304830636        1.1773741529098061        1.4707197216623520        1.3298061349660237        1.2055695160202082        1.6012680255740954        1.4511399205320306        1.4066496656909475        1.1379795935617028        1.1961155994649824        1.6972326230995636        1.6335878067279257        1.3488801791830893     
   7.3705738009529218E-002   4.5774535093381148E-002   2.0952203832724441E-002   6.2174311401575699E-002   6.4325019390232996E-002   8.8799738595278163E-002   5.5088769828400545E-002   7.1109305836575543E-002  0.25430827814168117       0.35245743090684289       0.24216924471588583        4.2211183824204648E-002   5.6170729106986353E-002
   1.3111933015955635        1.8344702222159051        1.4048856985895335        1.5442833957138138        1.3941605724751667        1.3504859265694944        1.3863625680168419        1.2584319320663795        2.3620137320543311        1.7748377787249185        1.4964004082141467        1.4188455123318284        1.1989403531645495     
  0.10339861390171176        7.4920305497309797E-002   3.3733697815581214E-002   9.8202725025145987E-002   9.1941840043527068E-002  0.12580404638774079        8.9022732863881321E-002  0.10253821984779543       0.29435593705369417       0.39590395271259937       0.27894842843869466        6.7093237976112746E-002   8.1020486540842512E-002
   1.6082170972336267        2.5229441001976607        1.2771353758660893        1.3372653066420916        1.3270211508647722        1.4946547017291680        1.3291814567539835        1.3326708998537666        1.3334077785500291        1.3185647638785827        1.3401418697884049        1.7256451609460204        1.1431102945125753     
  0.13426986257323684       0.11124436591359353        5.0620367801447297E-002  0.13489654656738764       0.11864630887704833       0.15903265677747797       0.12028251216447490       0.13109076562733998       0.33360895825846631       0.43271432018273648       0.30831178441541796        8.9610803174099279E-002  0.10532961895652176     
   1.3349965081189483        2.4974965008551551        1.0665223169119722        1.6226456237442453        1.3509794945635329        1.1868104448752261        1.5058699180354744        1.2740715317196389        1.8205895621186661        1.3094736308833721        1.4072098363417394        1.3350247377109987        1.3171491031755340     
  0.16855152477571930       0.19797036288464501        7.2104718945209256E-002  0.17252819110516934       0.14931067814499943       0.19056164202956580       0.15324517896772183       0.16307864773592973       0.37069220034002698       0.46289313527836978       0.33623840183070564       0.11836530795190037       0.13092282475076072     
   1.7179079467410436        1.2206774860307548        1.1600046199527931        1.5567648185717711        1.5211951559350181        1.4115863823870949        1.2480846728993611        1.3060606324321504        1.4620278456899709        1.3570205279005949        1.3968656591146291        1.5414524948705310        1.2403667930968556     
  0.20266153961400674       0.32667921435374753       0.10168055922008584       0.20955258290205925       0.18015662058452514       0.22061075375737541       0.18558111967012370       0.19379114083139076       0.40129937407570115       0.48703744770872781       0.36433136288081758       0.14365717061465133       0.16186381109147899     
   1.6255009824652920        1.6173289155448165        1.3513100346608029        1.2668023399297532        1.3621608488347310        1.2035736550350891        1.7272082391418881        1.3166268659382212        1.6047302218672377        1.2140336093453228        1.2189325956031298        1.2591751037624608        1.3380652522528240     
  0.23546811122040448       0.41415926440250816       0.13704855165578828       0.24773567749897546       0.21170561065986709       0.25379817029726010       0.21981410618238720       0.22369020453621402       0.43146989504765487       0.51202340354220377       0.38954586347459846       0.17277468445969496       0.19506747304716285     
   1.2940018710466985        1.5391121247363175        1.3456103243031314        1.6412119992962630        1.4512643843941748        1.6423756963850733        1.5938712303125970        1.5806946896195193        1.3277520392426974        1.4618532623181695        1.4243749271880326        1.5713852774477324        1.3277813122906859     
  0.26389401885719599       0.48096615992874114       0.17518030221672570       0.28719133717634798       0.23812144999539903       0.28811532496168923       0.25563583343478369       0.25483301782516760       0.45832946400171087       0.53432638537565236       0.41415115227927540       0.20342321626688159       0.22960619346621272     
   1.2460358810826835        1.4767754757576574        1.2870092010767502        1.4085028082105853        1.3972620427885716        1.5569845331753640        1.4256583855337772        1.4071083150920398        1.6966604319759138        1.3424606226320073        1.5202879867594432        1.3901607146578743        1.5484004471294368     
  0.28976363171333691       0.53957877952785394       0.21953313660754961       0.32697863925029663       0.26297937683910294       0.30923268197327086       0.29321153670409911       0.28468531866875979       0.48251355271661239       0.55631356717386959       0.44967055998790739       0.23028413799255806       0.26217479448106618     
   1.2739470234641992        1.1522812689799273        1.4159590473527739        1.5304492841848074        1.2467310549988444        1.2206880124220405        1.3874433921130322        1.4580282581926247        1.2224004942315394        1.2041370403941063        1.7142319734467930        1.1438763801709231        1.2034075523253922     
  0.31486790307134999       0.59528008224104423       0.27863020785915454       0.36609126981838713       0.29000267070944591       0.33160755485968002       0.33431329948535288       0.31311729776902658       0.50432975442887462       0.57695768702219641       0.48206143408652136       0.25697031303639600       0.29378141580220335     
   1.2061882907545580        1.3420286870343727        1.6468790182354305        1.5307869420828852        1.3332453003768037        1.4406379480818468        1.6662554972385777        1.2947874303707703        1.3160386830951047        1.2747632509810902        1.4015228485518456        1.4012251035521657        1.1081371846124954     
  0.33781541031068996       0.64084512602001376       0.34953116879121121       0.40444509433303588       0.31626461952561447       0.35202545882539704       0.36481010594703456       0.34515502827435879       0.52441191665472531       0.59616603988624484       0.51353677034572942       0.28581662264213897       0.32695323610610760     
   1.4243215885454348        1.2958202289285556        1.7076281149419796        1.3442298764111196        1.2685981021375845        1.5087031000305438        1.5013907263923194        1.4048638867552659        1.1772947476771851        1.6470061149695585        1.3723377995107489        1.2669429347408272        1.2335520985552779     
  0.36625165144649474       0.68066052330048110       0.42267047861954760       0.44294466315160591       0.34784793116181051       0.37265718165160733       0.39632706484215291       0.37853210561776263       0.54561577483435764       0.61548826921658240       0.54308260280343590       0.31360588439893228       0.36407196946890324     
   1.2641453335152102        1.2437887949020059        1.7259230153004645        1.4000206876087065        1.1939537172933887        1.1453685810964134        1.4360925110357374        1.2438045595630738        1.2753095139917168        1.4146658240145331        1.5245957537818935        1.4454508118779110        1.3237687881223665     
  0.39578291283264322       0.71657349451838293       0.49272968965174990       0.48184944068553209       0.38290638570622759       0.40273148973498646       0.42384944530836222       0.41215733096521295       0.56802301330990657       0.63466503235838034       0.57211727499058906       0.34740951133501086       0.40033829556155043     
   1.3376676156213017        1.1695705101732188        1.2853247415986546        1.4769354711953782        1.1879996303497564        1.2973161297738318        1.3453922590204677        1.3774601299752012        1.5032571785143163        1.4245500125304915        1.4273724657055991        1.4012727626347885        1.4547800142690177     
  0.42838646231330446       0.74668412066249490       0.54520465126714590       0.51143925661767364       0.41629986501565708       0.42739949776389924       0.45376380306863717       0.44486353194006584       0.59228522184146559       0.65341878377656304       0.59942497537399553       0.37870124940788163       0.43096025741129107     
   1.4538089912721786        1.3475735767221686        1.5606556891128989        1.3334471303081654        1.4319474794061995        1.3536485706203465        1.3585562505358486        1.4224499648830540        1.2094292812392151        1.3618817860627881        1.3821043162308257        1.4638262990894841        1.4137955916463445     
  0.46283765077161809       0.77461572688148139       0.59543367603182284       0.53993786180839831       0.44997955248819899       0.45309832775918812       0.48476300837373271       0.47738433696010635       0.61604967767644059       0.67313199733176510       0.62786221208759196       0.41361336114388264       0.45863456654740453     
   1.3195671892785850        1.5328341464278739        1.5627151542963007        1.2498107713938074        1.3897914710367931        1.4106074847606969        1.4442298900373338        1.4572904050488409        1.3221301928522182        1.5110355977250680        1.3538500001763996        1.4162875298629229        1.6264821414857644     
  0.49991184384911042       0.79740051138879320       0.64526746939802859       0.56722281353875692       0.48525073664311574       0.47318641227646208       0.51730370980374918       0.50978378170234873       0.63983440908102129       0.68838718536663268       0.65489141071233103       0.44702668706767762       0.48660267499164184     
   1.4290379887478120        1.2602701917054315        1.2683268604124482        1.2303168548437626        1.6900290165941736        1.3192544708390390        1.3809710042179051        1.5554871641294670        1.5181094275435334        1.2135565597129279        1.2974106219321080        1.5516265922371915        1.2699427539357571     
  0.54161301912589233       0.81928980715228272       0.69496332696928320       0.59161918065422936       0.52037832120929028       0.49494019978243992       0.54553034118345645       0.54435643490736640       0.66350619778644482       0.70113869403018259       0.68235995366893132       0.48066878053854201       0.51729227686347468     
   1.4068295784942231        1.1807314476334760        1.1841684537294606        1.3638154478824818        1.5179451622556630        1.2540235808763818        1.4077953789490334        1.4654077056312949        1.3692071966643511        1.3786921735324784        1.3721650046539244        1.2043273763499995        1.5223238178184069     
  0.58099360879388928       0.83915084653527738       0.74459503875922572       0.62203822702314004       0.55603556220306349       0.51902200384668207       0.57623084710137940       0.57474488839172089       0.68710551083814542       0.71432469220487649       0.70962883160150747       0.50945962234022257       0.54563909234658781     
   1.2834448552293576        1.1318556120124019        1.4247501291249856        1.5873825546691029        1.7617132376739957        1.3843852574607052        1.3395126322352104        1.3908321623813413        1.2721302256450606        1.3882196199366086        1.2730015865704638        1.2828041454704875        1.4089759410055562     
  0.61546101509772300       0.85875398875207887       0.78959401802322471       0.65184872381306191       0.59172326782963769       0.54656489448108325       0.60514289253788567       0.60037619461357528       0.70823037039206627       0.72820578335113428       0.73780547310597933       0.54182050881548760       0.57453112475379864     
   1.4097347034446162        1.5307571325105769        1.5731841906703814        1.4804014541246966        1.7505901706736970        1.2377479935273219        1.3450374023019236        1.4500894762061067        1.2331329244921414        1.2080575760880568        1.2693491453244390        1.4460300742795908        1.5790308091465746     
  0.64602302512809484       0.87476507843717100       0.82529167534166015       0.68477688698423989       0.62808217065234007       0.57565590626144980       0.63732730721019293       0.62539612744565409       0.72858485582432109       0.74365763570009136       0.76681760508074581       0.57070658951669850       0.60705453909040452     
   1.2908518601210219        1.3475656441721158        1.1721447076352545        1.3438795433672719        1.4234662404197462        1.4483166592235956        1.3656393086679353        1.3819166984277358        1.2966853756033938        1.6928295901336556        1.5260240595383048        1.2362722648432649        1.4481097516381209     
  0.68069034743291945       0.89024368514839791       0.86165961026349414       0.71365658855173586       0.66290123350817787       0.60452745611811720       0.67086918664293216       0.65013461986909826       0.74481769144745003       0.75735363889720775       0.79266646611752167       0.60046346115400839       0.64408180135670634     
   1.6185483671296208        1.3549493802278039        1.4931545538955779        1.2763015282468828        1.8541992735511839        1.4324444258153031        1.3779477962734603        1.3509556954545927        1.2870155261979415        1.6928500983466834        1.4274491009445631        1.3305839654142440        1.4581296464569637     
  0.71549989770149280       0.90546506096660706       0.89166749367255682       0.74046065769248981       0.69293765329517598       0.63347592069219105       0.70488682895515264       0.67715555497756463       0.76055361896985896       0.77064447114280932       0.81805943582400698       0.62964583198665869       0.67943929604424402     
   1.6565304775239569        1.2191553972444087        1.4289772948833137        1.1327130707721140        1.3931503394203013        1.3897550252863795        1.4778400710314168        1.3576256290088959        1.1885118423506480        1.4577442068771755        1.2842458469721989        1.4080980238834839        2.0162449380481924     
  0.75031325846356822       0.91814745032797485       0.91398423022724840       0.76876408223285408       0.72669833792527105       0.66298653392143014       0.73875027289209139       0.70975362497515471       0.77725966066828411       0.78233002495705128       0.84254093582085587       0.65894123323076681       0.71488204365479857     
   1.2276970403569787        1.2006933577548333        1.0671905114754532        1.3746538410315443        1.4971620420821927        1.2564370906606683        1.4208913835499568        1.4844482452529473        1.2354821145681367        1.5051778584422550        1.5604181700571822        1.3846024337800287        1.3926774527506109     
  0.78496354169887828       0.92974406364797346       0.93363527268248880       0.79518405799327285       0.75737078014498516       0.69355149166669128       0.76940663552012278       0.74127075332855541       0.79994195790067524       0.79426974747484647       0.86444677828985950       0.68891352194144373       0.74746529384863192     
   1.2604292055758777        1.2311828096631161        1.3440857586429715        1.5545838594386510        1.2969795127223618        1.4069799879749612        1.6224509000979168        1.4763935733689908        1.3256599026171276        1.2987339767102810        1.2562578102210018        1.2674590734914719        1.6474171068786698     
  0.81726242303998620       0.94224688379184640       0.95023241600011987       0.82130201150682736       0.79066799395527088       0.72556353198431689       0.79869079718314184       0.77473178527669406       0.82227748384878196       0.80669305899180765       0.88413574228335323       0.72261832706265305       0.78131082313844291     
   1.3175764705589796        1.2343009139313854        1.4751486765389390        1.2691892451813385        1.6099849123246239        1.3972710627342475        1.1007205937274511        1.2860267747016862        1.2161017784399826        1.6262850760724079        1.2112584143938330        1.4653542922279359        1.3693116834637507     
  0.84693048674022631       0.95425623002054993       0.96364565980490779       0.84906770468019899       0.82495173868399441       0.75536915368002444       0.82157264197292124       0.80641446855091670       0.84400448657674132       0.82126238400772289       0.90091890238756900       0.76016571959785606       0.81518702744264326     
   1.5883474556122341        1.4826817975295492        1.5827137322028790        1.3163181870270189        1.4937435207477203        1.4270553131432440        1.1930122608731730        1.4394114112986454        1.2678320055829586        1.6048092323691938        1.3374017393552666        1.4136114243546940        1.3087146645294834     
  0.87595611019699859       0.96438449723311415       0.97374259928132056       0.87709306467046699       0.85776488218148217       0.78906539360984662       0.84620102641075512       0.83829734197074091       0.86630515790808926       0.83781410541927392       0.91645707636150864       0.80064304625146621       0.84790700910482730     
   1.3481460522216657        1.3219108057758222        1.3757874170497721        1.3867555970751642        1.2788047056416163        1.2479905099345945        1.2094051319538905        1.4721461988025142        1.3117509341123872        1.4044575613924410        1.3291550001529246        1.1388467027929583        1.5275188406824960     
  0.90798376620895216       0.97278254893842753       0.98197769681257741       0.90467789713915714       0.88941254170882922       0.82580218961815699       0.87190455868508043       0.87001868308664543       0.88723034070581253       0.84945060706374897       0.93051957230749116       0.83817874172894469       0.88014854521262287     
   1.4364666753507089        1.2739526007907820        1.2972085116832874        1.4868256677038094        1.2299357749465443        1.4693485673629145        1.2201410681034806        1.2444907539707102        1.3224636591279275        1.2166945525935084        1.2705073422534676        1.4435960666006624        1.4698090247111464     
  0.93777001608741906       0.98060316315252261       0.98830807810981913       0.93150388146084750       0.92093890447937465       0.86533230349263257       0.90053612720157383       0.90009966725720125       0.91198155621696608       0.86301963031876994       0.94578497151030494       0.88019653716960689       0.91074535083337738     
   1.2710382398768914        1.1740721190067336        1.3103474803499540        1.4123524515412349        1.2881150728989277        1.4250788376255483        1.1508724165356687        1.3043223147952077        1.6465152719061162        1.2578031045485456        1.2280669442752234        1.4543568079444014        1.4282743015173758     
  0.96125251380169541       0.98775585844673064       0.99361950311604008       0.95716969407104668       0.94978033347105495       0.90580299604495496       0.93433567987980271       0.93487622944735327       0.93597208253821629       0.87801919298821895       0.96225889709760737       0.92068023271427579       0.94216025408749082     
   1.5069944866243654        1.2766289221639684        1.4104066203474079        1.2595732681245659        1.1859808073077751        1.5781960092769003        1.2871158686647666        1.4776915540433209        1.3756250488926018        1.2475820318501598        1.4923286989065059        1.3876471874539109        1.4447401647217974     
  0.98084910993800345       0.99421249001933187       0.99701073793617301       0.97861746748051837       0.97459505533369839       0.94579664903187832       0.96657976588015848       0.96646367167730063       0.96390269456620881       0.90366286794333273       0.98102394900531320       0.96023348676271403       0.97051852267250771     
   1.1961403024921256        1.4281836365868250        1.2368188447694251        1.2911254726182184        1.2282965639153989        1.6804550862068590        1.4064755813295065        1.4926138045326216        1.8077962994069749        1.2199050444646760        1.2525732520799482        1.4777042073292579        1.2289902690803556     
   1.0000000000000000        1.0000000000000000        1.0000000000000000        1.0000000000000000        1.0000000000000000        1.0000000000000000        1.0000000000000000        1.0000000000000000        1.0000000000000000        1.0000000000000000        1.0000000000000000        1.0000000000000000        1.0000000000000000     
   1.3698754552332644        1.7141741353848452        1.8634999420313678        1.2354867157493634        1.1675590665228428        1.4084237886460458        1.4993505073456761        1.3077473896575604        1.5188342460086304        1.4515032481483010        1.5020579181835210        1.2770173286953777        1.3597646816077766     
   7.4859391632280206        14.895924029320508        9.7536849906538894        4.5659639570826851        2.1007095228849000       -16.651342216709011        8.3718439523838075       0.10918584974172596        14.163748758919247        8.2519084376927943        10.234388887250201        7.3432218051012015        11.542352121369543     
   11.549128646833539        18.452871354415553        9.4645126579069530        8.6277409831606651        9.1255391744827463       -1.3677865357612968        8.1502352554788917        6.2617091146232307        7.6758653131349543        5.2180021375894823        8.1969648442301537        9.0042909718357418        18.808004727178528     
   2.0620399710212709        14.202049545708086        7.9370379197313561        7.5198047591325796        1.7335872477581580        2.9817428770945673        3.4460275254210400        10.798881069260714        13.120434610993797        5.0785897830974198        5.4067399261953835        6.2721787569769729        7.2292861723519621     
   4.8032730989815642        15.377015959820648      -0.55373147307511994        6.4354732561823802        11.412040645945901        10.536767337669197        7.4312157165814146        9.5490174848361669        11.118723171077425        9.4408227187129405        2.4350621195741811        17.333770771853256        1.0296891956852849     
   6.2935494936985572        10.171031220737390       -3.8250340114803136        6.7931617178631019        8.1533190507896247        11.564111307349124        5.9822446274110401        2.6317226296993681        7.2295730723196243        5.1444015172894657        5.8327716401733891        4.0051919861853964        3.1225649056998863     
   5.4107824686208534        7.0581576044578371        3.1540804026276228        4.5542177340010044        5.9394337039143625        12.750393700398639        2.1615462757413408        9.6083935731075485        6.7014581626575342        8.0974356600131419        10.859320131894171        6.8764469085310633        1.0636838624096132     
   9.6042796258115928        4.7797299828814301        3.9974022947387571        7.8330237396553661        7.6292209755152891        15.842938594946130        10.092884912931813        11.762179445776535        2.1163834877403631        6.9165472589224537        6.0903723608142402        3.1099338469930040        6.0044070978997359     
   5.3272757579476826        4.5425912658020620        8.5895945457433669        7.4206649394506732        7.0997252537707478        8.7600561080035444        10.358970814070771        4.7351854484183660        11.663397751895317        12.787542993082708        8.8809224665327040        4.7086762268909741        9.0315896169737631     
   1.2390160816389486     
           1           1           1           1           1           1           1           1           1           1           1           1           1
   1.5178981697705780       0.78624787547846753       -1.0682108496477495E-003   6.9348246535845197        3.7957903085827895E-002   3.7609115225703299E-005
   3.1824908246146491E-002   2.5290306281705494E-002   5.7714277084073900E-003  0.50579497311225341        5.7695197494303701E-003   4.6169411097971484E-006
   5.0000000000000001E-003   6.5735170526616331     
