 scale variations:
          -1           3           3
   12.452939529257405        11.942107916445263        13.082942673950591        12.641341439390791        12.227267382076562        13.148600266841935        11.895535807229688        11.318437522309495        12.610148171574178     
 pdf variations:
 NNPDF31_nnlo_hessian_pdfas         103
   12.452939529257405        12.482297775171187        12.405904581484839        12.438477127991117        12.005265872979809        12.500028790401808        12.675498632036367        12.495005385377889        12.625894389251478        12.080717378314542        12.763190431468411        12.605933411426097        12.255986486669324        12.473898080604085        12.120046534660883        12.339421725856440        12.201937964202127        12.558483214354194        12.561200872191236        12.452626709303516        12.498060611257117        12.323483555479427        12.396611842332208        12.594525506603290        12.496886284850172        12.444221674284883        12.511215822170975        12.466495994894846        12.464169018498005        12.488749650567822        12.420440352435090        12.385319110610400        12.388276046252372        12.556094450595946        12.468292226682401        12.267608072419380        12.419091971712126        12.327092707039260        12.403835059597039        12.445855494368519        12.474321093787795        12.441945880004557        12.597134194661162        12.524327671408807        12.410352397859503        12.578997039797889        12.444702831138724        12.461910873605859        12.485150562023925        12.454291702651313        12.521074463375793        12.461140552402934        12.472663425455153        12.486525825629860        12.444001696297576        12.466643928169837        12.421302826244650        12.492973680182295        12.446057871906490        12.442999951106490        12.472937331580496        12.450760229000707        12.447393865181997        12.464887476695424        12.421509311963261        12.466348273172251        12.466996534194376        12.403168998846166        12.483286821366066        12.467887168649135        12.468183509221831        12.426451950383120        12.435821435087430        12.496019819075585        12.421514938494223        12.416861584445130        12.452603499757258        12.446765052434191        12.455613974619219        12.478188200143014        12.451907757608836        12.458756503003567        12.445942198199075        12.473586716769855        12.464776715468121        12.450944715447029        12.428908602989825        12.410841193639122        12.462915741293148        12.478417253000329        12.489682622313222        12.459100485347566        12.433801952104156        12.441925940578653        12.477670309134439        12.453843288979522        12.460198005175569        12.458576053066912        12.455188977759040        12.461421292130250        12.463848494652822        12.162635388718609        12.670412219139099     
 NNPDF31_nnlo_as_0108                                                                                           1
   11.100001417210425     
 NNPDF31_nnlo_as_0110                                                                                           1
   11.469154786074656     
 NNPDF31_nnlo_as_0112                                                                                           1
   11.811329669374450     
 NNPDF31_nnlo_as_0114                                                                                           1
   11.916731440275289     
 NNPDF31_nnlo_as_0117                                                                                           1
   12.431861786870037     
 NNPDF31_nnlo_as_0119                                                                                           1
   12.548295368381620     
 NNPDF31_nnlo_as_0122                                                                                           1
   13.019354712394957     
 NNPDF31_nnlo_as_0124                                                                                           1
   13.319221321608790     
 NNPDF31_nlo_hessian_pdfas         103
   11.835347344544815        11.881835725794101        11.793233558049113        11.825384074191540        11.413528539594250        11.717431292379253        11.974506191273729        11.770789995077038        12.006657639208491        11.762395859841590        12.324185376745890        11.917876443656446        11.642119347037308        11.863051367865129        11.592367941216882        12.134438299741202        11.614456811785935        11.878082888721089        11.736599952008541        11.866435471848312        11.952203482178779        11.662601194562283        11.801078500927098        11.780977534531598        11.819032279054500        11.907720871237029        11.856326330065951        11.842888358205922        11.850002183423751        11.790231326036153        11.798683527069288        11.860173676843999        11.827995234733283        11.840298283043364        11.856141925855969        11.842235527467917        11.865981707385334        11.903265670885396        11.873631867005763        11.792430819744718        11.850506004860900        11.819847350085642        11.939670383407604        11.940210416579951        11.876041053113784        11.956369957917538        11.759646188284304        11.746226056472768        11.834405237512469        11.830876725412594        11.747269414051848        11.789245001152979        11.830093561187722        11.835585609738198        11.804420098516170        11.792047532493051        11.915473094196066        11.819248853804510        11.866823830564673        11.838479569593790        11.832350284170406        11.822003502271860        11.870744579530294        11.845941169630049        11.819908975562253        11.850308773723317        11.845977202288335        11.802635527013466        11.793716059937996        11.819261009333088        11.805191977498961        11.818006935291955        11.857924632547345        11.829523982480769        11.888969014983260        11.817474752459617        11.816802603409695        11.851899095014112        11.838996977130510        11.864579055643855        11.831977947229655        11.852487031566387        11.819438031069609        11.856389414359462        11.820847881477906        11.842534150804195        11.821954356369190        11.845535438655437        11.804315578190419        11.852855466792278        11.833567690843211        11.835698381875776        11.853625319083847        11.805734118802633        11.848501828958270        11.868565846796429        11.834208563091549        11.840245716853008        11.821219921211039        11.819693040109581        11.861119615235431        11.628715728934562        11.980028751652112     
 CT14nnlo          57
   11.777260541900546        11.593370860934996        11.643776214049449        11.771131310863662        11.746908758981988        11.609271457084168        11.909842045287441        11.786851247353269        11.497612396274111        11.833994673784780        11.748797183176920        11.112002787815602        12.238522341110098        11.648475693046120        11.680620250602740        11.783763669064044        11.702096222956088        11.849508923792154        11.697412652153540        11.787123960838912        11.774176718557067        11.834882021958279        11.740246884121669        11.705890766325089        11.851390671563752        11.727192995543433        11.818628282097887        11.871401610931095        11.616674358343886        11.639858054938820        11.856842303744807        11.691469170729093        11.893145950619768        11.632283573855098        11.902776114199321        11.655177584610804        11.880791154747175        11.833500260630686        11.711477218271273        9.5140428134232380        13.868937743282128        11.458083368573575        11.893571538406707        11.991883093164596        11.436405785246516        12.000005115935233        11.757406181531032        11.928385614643799        11.771856638685872        11.702090626121207        11.973913581678062        11.859160030296369        11.786134628078786        11.696729906070070        12.189184143231781        13.569343876889464        9.4240727203122283     
 CT14nnlo_as_0116                                                                                               1
   11.508457814687727     
 CT14nnlo_as_0120                                                                                               1
   11.974290927458991     
 CT14nlo          57
   11.275801075777753        11.324933383805590        11.327167193230629        11.534018958660493        11.169022836956611        11.516851173574825        11.143397352383349        11.438760883443695        11.227182014207372        11.086452261078621        11.390510147676824        10.905469687926217        11.579168311330625        11.317034177898773        11.117096347830007        9.2901353812775902        13.532919045657845        11.039638644663384        11.543320195780069        11.141353933789285        11.407580088360255        11.034974762598321        11.732607250333881        11.268956599963250        11.261019538939713        11.245162202720319        11.315383686122548        11.267603822175328        11.271959421612273        11.346893080682147        11.249847315832060        11.253372686435217        11.300066850860576        11.328048414971835        11.150476984410293        11.425981890241840        11.135858763767121        11.347825964455692        11.063129060783130        11.614430746249170        10.754602545226321        11.266772212636823        11.310832919268357        11.160989935180787        11.330317909828327        10.831924963537503        11.484652842285456        11.189116548254479        11.226291792355475        11.400220093905510        10.894452999898569        11.141894573884731        11.133441291458023        10.828102155758707        11.199034057955824        12.727328475568219        9.4589338351888284     
 CT14nlo_as_0116                                                                                                1
   11.023441142297912     
 CT14nlo_as_0120                                                                                                1
   11.491217547395287     
 CT14lo                                                                                                         1
   8.2490051975810594     
 MMHT2014nlo68clas118          51
   12.072634949982003        12.074453917401136        12.071217227570223        12.051585848963889        12.087109595175395        12.039773651589798        12.103356734648985        12.027277421347193        12.123955796419294        12.120048923544015        12.027180883136715        12.040358953566997        12.144556578825945        12.029049244530514        12.149438880975731        11.991020216912494        12.119263216708340        12.044027018761401        12.102996306626896        12.092252457205081        12.054332794502972        12.042251789851891        12.114979019868191        11.953017237210421        12.156351679728136        12.017136536785163        12.073533041607810        12.124488466410199        12.070256847626915        12.146588714290797        11.986039827739368        12.140582114942003        11.992768150920499        12.098214046953611        12.045031337163701        12.090649406911361        12.061692172142635        12.193009417566385        12.001714886661940        12.198666648925141        11.939652589124552        13.718894020132970        10.496898894942857        11.097674461445038        12.742680716312968        12.402841929349893        11.183616075023931        11.917490912686240        12.279363503568621        11.983799416716582        12.117482463555071     
 MMHT2014nnlo68cl          51
   12.492954567251655        12.488349284487926        12.498520537578251        12.511511790617522        12.474236795635019        12.448913052392660        12.510332322874319        12.409855799120985        12.575881385627873        12.533159640126117        12.453830176422198        12.534692761824887        12.475477021752361        12.503704027866238        12.478998356041282        12.416439808452630        12.574577724014194        12.521363551340453        12.468489671464358        12.440890282959934        12.565217973922728        12.612739734495618        12.407973779656409        12.497571076818137        12.476520161857612        12.529547225429987        12.402555539564830        12.557988734122029        12.476153589301221        12.438853929424207        12.619134958985228        12.515596445842593        12.450303938836919        12.487823780879117        12.515825204991916        12.465511555023294        12.516894074585677        12.503420395408288        12.498702075355931        12.645478747351120        12.388357230418658        11.343919216440003        14.586662331786016        12.387616834752464        13.105080000132759        13.223557962791659        11.886754132955932        11.855788872400764        12.746623888369625        12.191396347180856        12.694663392020068     
 MMHT2014lo68cl                                                                                                 1
   10.345092627774235     
 ABMP16als118_5_nnlo          30
   13.906027840212502        13.903948717591062        13.902082977074858        13.882763830799284        13.908030063415028        14.045720692303824        14.047918855865774        13.724573354157716        13.947801858527246        13.893348164071538        13.913428113486489        13.918068151770324        14.014193425026328        13.968977626267453        13.988675906096834        13.932716293719313        13.946918351876695        13.907847018384711        13.891307116138723        13.895448613480918        13.866372037635127        14.119774765492490        13.885725553331392        13.954432484692472        13.987606085099838        14.038065178985075        13.872308996409373        13.864065517449184        13.949285100014073        13.729529848870516     
 PDF4LHC15_nlo_100_pdfas         103
   11.362009038673154        11.431986894144440        11.507914177396298        10.361397283681132        11.656929194153676        11.326152467143789        11.659219596392775        11.391487584007102        11.826772797245255        11.304792665990433        11.132645671937784        11.956596744334288        11.297828510357981        11.109453328930730        11.692779698942566        11.181770289215244        11.890329357688364        11.078014790464454        11.110814956867443        11.595250550351697        11.635959878556152        11.313815525178395        11.285165413140817        11.134434540038939        11.375807450747606        11.399281418180610        11.404674498216327        11.236063787452194        11.287480686698711        11.436502779296859        11.428804748324517        11.364512916283102        11.315640153445456        11.345636439207162        11.421539130817791        11.390105737823628        11.391865596030868        11.374136606023928        11.351825977035919        11.344286602869808        11.353936921211353        11.426586441155459        11.367133230959286        11.338594382474380        11.397628283772343        11.348192346084964        11.401974770510463        11.307613512584497        11.303988079631869        11.350017039859534        11.340089252467184        11.298877074973205        11.317309724673294        11.360658152507501        11.333978313119189        11.310957137049693        11.298057816393374        11.328961717013218        11.385879784898972        11.371888788948525        11.356434110952701        11.358273737160820        11.374046950717354        11.356226067073333        11.359575756381044        11.364341236580584        11.346895877385045        11.365545086152654        11.382947484622134        11.377620422401129        11.358474098569758        11.361671621413777        11.385668911140083        11.363234864348742        11.364699939226169        11.356248966182573        11.369275765457417        11.356483795131410        11.350819880245115        11.370381496292104        11.358584729992284        11.367778257958062        11.358860071453375        11.360879278169099        11.375021651367424        11.359945742130465        11.370379937008945        11.349104022931339        11.353517559831239        11.361958632901040        11.358538935036790        11.359837909235946        11.354450851606199        11.361844226117274        11.360145203550308        11.363576475979407        11.363982443415122        11.360405212933840        11.367126339719135        11.359079619887158        11.359845085931862        11.166898611501711        11.601307923210260     
 PDF4LHC15_nnlo_100_pdfas         103
   11.830095406219042        12.050237165625125        11.871850196540697        11.750678662844424        11.315831456938081        11.118677989869933        11.419131661336291        11.635648167752699        11.861092274257995        11.764772398934605        12.210467750661207        10.955418183201573        11.598410781569896        11.679467555207772        11.740491441783012        11.868498799246794        11.673647503158627        12.222577185147802        11.379798128585108        11.997310122698563        11.864418638118131        11.907736593418299        12.136713126994945        12.115048337202103        11.687952158655886        11.818461736530537        12.024621780056650        11.705147540399485        11.875859140591789        11.969018039702457        11.827589688797602        11.890352060732484        11.723494917396653        11.860513077902063        11.746662921445056        11.829567592628075        11.853734154129913        11.873720687551243        11.803285978322727        11.814080412576565        11.810343934743408        11.851451672474685        11.842187551119885        11.786596246900174        11.833947561654178        11.832109773637768        11.763368902504066        11.853054725944464        11.856735962472202        11.783972171902720        11.898053393076037        11.879310815950099        11.819376936189338        11.830173756547115        11.805006525108146        11.785809314307258        11.901585250148489        11.850242089768908        11.819974955801893        11.831206923726985        11.851579418830141        11.835793487114437        11.828232720640655        11.852043805017075        11.817098518569736        11.836895795259569        11.842179827418681        11.838767822105019        11.833906978910292        11.830624749017121        11.822368134032196        11.828123028287697        11.829041315611736        11.844685777561910        11.823863366310228        11.824746834597004        11.832097847579341        11.821002018756785        11.831569162413782        11.819345289473603        11.834007629589761        11.826754279165371        11.820709405847776        11.820341703342216        11.821477084580906        11.813294807635145        11.824837096390606        11.814994487376342        11.835009536853404        11.824211056178189        11.824835920619407        11.827495845262291        11.827452151350439        11.832404906171245        11.828033642501481        11.827329274902235        11.819033795444813        11.833190077590841        11.822253409026558        11.832352082456511        11.825323506222009        11.586088956323284        11.947107121040986     
 PDF4LHC15_nlo_30_pdfas          33
   11.361716048879597        11.216564923793150        12.669661004271120        11.358801897749499        11.279869398159267        11.297363951526936        11.454618255389981        11.336255921903811        11.392200601155844        11.102757081863405        11.375980798536073        12.187146658248189        11.348626573912982        11.349199803947148        11.552611414867730        11.395961254664982        11.368698083737044        11.290563445938886        11.355010134212757        11.405478199162815        11.301358664509149        11.427195226698553        11.329940100295378        11.325873548802893        11.366350589327627        11.374166417715148        11.252490194314975        11.400277637427761        11.371214883844468        11.597180603678902        11.324560348701990        11.166898611501711        11.601307923210260     
 PDF4LHC15_nnlo_30_pdfas          33
   11.829768240338428        12.507182682935783        11.320594493301673        11.858714953765620        12.497691851667000        11.749550599388368        11.896753397457445        11.862583858646587        11.953659600793525        12.373392875320153        11.927981167751755        11.287085569843095        11.745224754711000        11.834867323463541        11.918525995675513        11.946503325639902        11.863296021783217        11.912801852128162        11.869632412369777        11.936463486721211        11.735069413840487        11.906192768148589        11.488666237940702        11.817545492914661        11.671967007234652        12.082679320183480        11.958618174441252        11.514938591146780        11.671520719845418        12.054770080203994        11.653725402406739        11.586088956323284        11.947107121040986     
 HERAPDF20_NLO_EIG          29
   12.751315855816674        12.771880781286786        12.730887096706159        12.753923110687378        12.748651373287121        12.772613893988964        12.730035787944669        12.709712518132527        12.791660534370656        12.809610642087154        12.693276535791631        12.771670624882052        12.727256937497302        12.742559360818463        12.759661305315486        12.740371252025589        12.767919589395106        12.725112465007935        12.761755010954289        12.746128536620116        12.760602206916353        12.678137536799538        12.809476509167613        12.858142114927892        12.595879427415948        12.779928407333392        12.740870524441160        12.772987317363249        12.739201192101850     
 HERAPDF20_NLO_VAR          14
   12.751315855816674        10.855986427958980        15.116618766605317        9.3934388486218552        12.259460622793672        12.761527097303713        12.770517659724810        12.734511576214928        12.760981916311049        12.638159844209788        12.853395120270143        12.811019978788263        12.784560131005907        12.349043125163163     
 HERAPDF20_NNLO_EIG          29
   12.928683078475370        12.951813062295614        12.903811011041313        12.920521589833214        12.934942292208380        12.947826268313307        12.907716628192546        12.880688693388556        12.972654555093101        12.971793896150187        12.883007175780156        12.946705250188590        12.908853600168545        12.899303457251225        12.956824461227642        12.924373163601405        12.944534705373197        12.936427257950729        12.916099871404237        12.905522216313322        12.948912652183900        12.929958302145877        12.905291136462132        13.084215440684485        12.776640371655526        13.192474146798011        12.663610152061885        13.140446850885990        12.746068302802099     
 HERAPDF20_NNLO_VAR          14
   12.928683078475370        10.994181582216374        15.412341081196761        9.6726110268627004        12.784171775829339        13.325517125345357        12.919781298155385        12.897062113156174        12.890184491140801        13.086895214028427        13.440529171026402        13.230334256793796        12.658888745787962        12.787943889110799     
 CT14qed_inc_proton          31
   11.168258209313233        11.164019958748943        11.159775025627845        11.155546025115552        11.151306739653752        11.147062324173369        11.142821338542008        11.138601633360793        11.134365026850894        11.130111522932085        11.125887871420247        11.121669355786366        11.117412250282783        11.113205995584440        11.108950489647782        11.104721859451352        11.100499450733235        11.096268770416645        11.092055584769810        11.087850775962485        11.083606326862595        11.079378835706123        11.075160374521186        11.070934182767559        11.066716945620374        11.062478921262276        11.058248932100273        11.054026749457103        11.049820549869878        11.045579985511758        11.041375389439491     
 LUXqed17_plus_PDF4LHC15_nnlo_100         108
   11.752694941567468        11.964995004422351        11.792644088764524        11.673741555035042        11.238664900652459        11.043236345750209        11.347727340977368        11.563899882960893        11.783916455679044        11.687885953036204        12.130472128065005        10.887870389668729        11.524912497362388        11.605241828641185        11.662628813002806        11.781806283250624        11.603547022651689        12.140503557303546        11.302788590914885        11.923401321994021        11.791750561846374        11.827539754847287        12.056479021428474        12.038666894873369        11.608607007115749        11.736133693963019        11.941555792673611        11.633946367182480        11.800454883828500        11.888545740337895        11.747870408641759        11.818294630344720        11.644465157524515        11.781099400764727        11.669545295191526        11.750769836343780        11.776765816720523        11.796462482744394        11.725442902064040        11.734685608112148        11.733041728902691        11.772496931821681        11.764014877506650        11.711892458431699        11.755965681386151        11.753965620943228        11.687827309701399        11.774502650617148        11.780541416436428        11.706487831197400        11.820716379098736        11.801173890818882        11.741664655006510        11.753060971922947        11.728595071379779        11.709224621789502        11.822226972658452        11.772837330547119        11.744599689343243        11.754844003608838        11.775167547923735        11.758832972706589        11.750069997145491        11.773802287809254        11.740038127315273        11.758674290832152        11.763972681558274        11.760812230053551        11.756498998694237        11.752956996991589        11.744695855823352        11.750911123457588        11.751034744616632        11.766747780344996        11.746549339033010        11.747436592112564        11.755383269147046        11.743712123275964        11.755394064139045        11.742138375886210        11.755768736698929        11.750515926563486        11.743930076441361        11.742964502909613        11.743993070593380        11.736340061341425        11.749127834740658        11.737155425929306        11.757038782231875        11.746355697104025        11.746952275024780        11.749613366065841        11.749548159608425        11.755366490681606        11.749786373339671        11.750025418310646        11.742516510991358        11.755630090276625        11.744944327051918        11.754936143850381        11.748340749346095        11.752640160138050        11.752348325161845        11.752749218448354        11.752758640990356        11.752855206601826        11.752718232431626        11.752465518858290     
 NNPDF30_nlo_nf_5_pdfas         103
   10.849606221158268        10.263889049524380        10.072388055558786        10.232486886656272        10.244295451743248        9.3723529068735640        10.987417896773534        10.150001037420793        10.749079917499781        11.172532649297832        12.229514688872623        14.998044366209907        10.359700541242168        9.6033765485617462        10.992069158279609        11.315658639834076        11.693441087918664        11.239681713269754        11.919798571504202        10.336007531501672        9.8685462707955480        9.5268348751535168        12.012656450825574        11.249466464245421        9.7187499873726182        10.470813090173404        11.809530822143582        10.511853504124389        10.667881955614824        9.8555717542697590        10.214277235962008        9.9208121998174406        13.837887140918941        10.178907297850088        11.432351856775487        10.468332499295405        10.961000439848306        10.566083845327519        12.968163782929174        9.6674739972797070        10.417245000132862        10.534776296500430        10.844434800994419        10.904456767124683        11.820571287922686        10.576958508260166        10.695299225221364        11.394443479335935        10.456559188097131        9.6942800677628025        10.126584591141029        10.592759322279033        10.758327681105097        11.991277263366058        10.824210428645916        10.956909097136911        10.973163862538026        9.8605143979284193        10.522424754508641        10.150561335949828        10.665016990078357        10.399059611572296        10.344860249547242        10.639612469463593        13.120358071095934        10.926689893612258        10.548750287173755        13.069359557579224        10.061912980384617        11.150891598063422        10.806859869508198        11.487538432627122        13.522716017170676        12.117944182916357        11.260872633222380        10.294190113398585        14.486911237695708        12.094764573046653        11.171846201611759        11.523316102620903        10.527429207950199        10.998835172140847        9.2539710789369458        11.229616012201657        10.152816406623117        10.505365257481238        10.944591751997326        11.361978000085909        9.9542903675179168        11.597608729174663        9.8861574489078556        10.095283372164413        10.871239725847168        10.829886601355852        10.841899171689416        9.8921657069472051        11.090449387517715        10.127858279016696        9.8549582461881648        10.352054086558541        9.6857639220935372        10.520326932000591        10.902799739538203     
 NNPDF30_nnlo_nf_5_pdfas                                                                                        1
   11.166679178955029     
 NNPDF31_lo_as_0118                                                                                             1
   2.3616491021126147     
 NNPDF31_lo_as_0130                                                                                             1
   4.4135484855497120     
 NNPDF30_lo_as_0118                                                                                             1
   7.7569707117872539     
 NNPDF30_lo_as_0130                                                                                             1
   8.8350215146779085     
