 scale variations:
          -1           3           3
   26.183976124629648        23.670242593010986        30.143593367146970        32.190636100276649        27.266918076981664        40.615538672512507        19.714404083273536        19.807934475506844        18.830291883760502     
 pdf variations:
 NNPDF31_nnlo_hessian_pdfas         103
   26.183976124629648        26.116729690183799        26.196585850777261        26.193797093198210        26.283340373995600        26.193810693140499        26.114799656964898        26.170602320291287        26.185359895278630        26.167414878786165        26.161198921197304        26.183278314236365        26.150609245506118        26.111805284741376        26.160063053443636        26.184911554371716        26.218359481659803        26.143130826663239        26.187309732016473        26.216520630710015        26.146006756182945        26.208474984809062        26.216538026608653        26.280937719674917        26.112262947885856        26.346424908679079        26.342950345903017        26.123321752167445        26.084519920253946        26.289541148820703        26.121355748740822        26.231155791842045        26.134213715858245        26.248325133713003        26.225542194173986        26.237181377584733        26.223712090329954        26.222890706895551        26.229514470527565        26.113136401785113        26.170770902500518        26.177602995152661        26.140569461938878        26.217364215784940        26.238627908300764        26.223331104581717        26.152744293997120        26.189462150860034        26.015401925601321        26.151331068827098        26.203784101927322        26.308555944850781        26.134373238266313        26.208710345619604        26.272955250790581        26.169327267117062        26.175007799486632        26.261492431964289        26.313639694676475        26.253293945318326        26.178779417891771        26.265107770975916        26.141505517868211        26.146168074361913        26.196191862723531        26.220255720966854        26.219336862328923        26.250458564838059        26.216673409112190        26.174995290935300        26.168475709240695        26.066140969186858        26.034020681030047        26.140373437929096        26.249699665979492        26.121227829482233        26.109621837727794        26.184587486130887        26.142191656254646        26.288453219344976        26.088345745820249        26.346611749768567        26.260447742062155        26.210366105832890        26.082368004748687        26.287207935721902        26.252426106066697        26.245395717340738        26.182360343896562        26.104199809562310        26.171935080437304        26.211333675073000        26.115696649944653        26.331410952133876        26.151034945798390        26.173864394653688        26.224907254487327        26.097575087215954        26.196736540741099        26.182530710409981        26.220451491370273        24.817344601619567        27.801046136314266     
 NNPDF31_nnlo_as_0108                                                                                           1
   25.345409260375781     
 NNPDF31_nnlo_as_0110                                                                                           1
   25.571205120373477     
 NNPDF31_nnlo_as_0112                                                                                           1
   26.136550967440414     
 NNPDF31_nnlo_as_0114                                                                                           1
   26.512399375687917     
 NNPDF31_nnlo_as_0117                                                                                           1
   27.144032584407917     
 NNPDF31_nnlo_as_0119                                                                                           1
   27.608536869897790     
 NNPDF31_nnlo_as_0122                                                                                           1
   28.196972723952662     
 NNPDF31_nnlo_as_0124                                                                                           1
   28.589334220124744     
 NNPDF31_nlo_hessian_pdfas         103
   26.158370533036774        26.161518102242177        26.136042950764910        26.166627562609804        26.212990948130432        26.214550600587550        26.124647075266797        26.182986651065693        26.219292193967579        26.107019697731481        26.168055669704380        26.149724053186866        26.173362274191117        26.221491782310640        26.086884815575573        26.139485111256636        26.214742902353002        26.098199655987326        26.250192749091187        26.243597029648175        26.140344349783827        26.133256642107803        26.167171163251272        26.107372945630075        26.023748321523104        26.219825563131980        26.222941374932589        26.169549639942666        26.085275177522998        25.993686632005051        26.128272931897474        26.300329051225429        26.173969226311709        26.289546262934284        26.178992421641070        26.253244597106441        26.121254390004353        26.173010755844665        26.097270748371834        26.112127869958229        26.053461273300410        26.203164666299433        26.145270225140283        26.095278799134036        26.116416352089413        26.233113691699842        26.155525914625045        26.067635257096832        26.162075451598220        26.119898238806442        26.088199111994815        26.272572993479699        26.086342113933199        26.284930010155950        26.254679560601751        26.115474558473281        26.192203713488617        26.066851150545588        26.259506505834739        26.360809492533370        26.316373577771181        26.156331762743079        25.997344812991724        26.101783212594626        26.110261843672244        26.139272299850585        26.054550508961185        26.092152070836558        26.114836988651309        26.040692175374158        26.162507426464906        26.257404084941381        26.115162870966536        26.124762318848724        26.169791417530966        26.245615542207862        26.028673389867322        26.276798327199739        26.228634196590829        26.210584824484616        26.131691040816882        26.218438577582113        26.186592212777636        26.185178264929828        26.249140303858752        26.213069621978349        26.134404524745676        26.063702821615664        26.148409277583770        26.157342335963676        26.271215411005556        26.055872477720673        26.119907005643459        26.278387354832674        26.215993432985943        26.048839950781240        26.252093321656197        26.232433214054275        26.202282523944497        26.183051489274671        26.147049971507332        25.691213290453629        26.409516281126301     
 CT14nnlo          57
   28.380228597873845        28.448888696310174        28.438948635976338        27.919422457967073        28.280764025732008        28.047960277007160        27.690107292958324        27.830819730142444        28.973572928735759        28.793527281387455        28.013484124467769        28.077823777981518        28.775274146153230        28.427788575950125        28.540899998309115        28.244544854758978        28.645379987586782        27.953914892075570        28.814401358693264        28.666710158197660        28.145885970796204        27.445768032828912        28.930927886363012        28.343938942408229        28.408507946145793        28.056798695511024        28.636139795549212        28.707986017096502        27.830597443264267        28.282848101156610        28.432256837735554        27.979161826865347        28.972872158222234        28.558562487900947        28.198789016455450        27.903028424449957        28.739975519154406        28.228281381825926        28.544353625959150        29.182805383353401        28.040539265212530        28.291833401955227        28.560343876406172        28.777709883997044        27.778800813497433        29.025020133778906        27.756552210298508        28.300160856544938        28.541345948022006        28.492151797702721        28.196035796913133        28.099708462527317        28.633582743922670        27.346018729972634        27.813900142294663        28.433603506451547        28.048083485341252     
 CT14nnlo_as_0116                                                                                               1
   27.839438567989166     
 CT14nnlo_as_0120                                                                                               1
   28.899305681646315     
 CT14nlo          57
   26.744585671176569        26.806831624604033        26.524956341590137        26.381169168282813        26.599566448950487        26.412454078962757        26.925900989664825        26.828637201653962        26.765955775460888        26.665794877984506        26.527576494868860        27.371981346469493        26.375914884928765        25.595649089689292        27.601506262272199        27.270002874694303        26.504360384488841        26.428761616162195        27.149921753972624        26.838008045048252        26.582670649691689        26.518957640717787        27.056661599967676        26.988414290064121        26.478546612012977        26.798536416287668        26.663876834241783        27.296485234543901        25.963191590340209        26.348058001145919        26.886122928371957        27.243072212523334        26.106320839053520        26.744778616829695        26.731116322846166        26.110722617445930        27.366570255762365        26.760954514295122        26.702838476996323        27.330101894760727        26.323882828353558        26.751185553931617        26.774444256567353        26.717149727081871        26.839311369281901        26.363552568106655        26.387501939908010        26.269568897174409        26.598776635673065        25.787419560713392        27.124401293698309        26.924722898073082        26.726763056990173        25.735996085011156        26.858050448458016        26.848474762564006        26.470343557243769     
 CT14nlo_as_0116                                                                                                1
   26.278473380090212     
 CT14nlo_as_0120                                                                                                1
   27.218875472872782     
 CT14lo                                                                                                         1
   21.500460362868111     
 MMHT2014nlo68clas118          51
   25.503688917312683        25.498876159070168        25.507630758363888        25.472276423583043        25.527572819740239        25.566001904193111        25.444616479446214        25.433246381287521        25.583771013421110        25.604932920023177        25.405741920773629        25.560131403330320        25.378037118990530        25.401765180694024        25.685892491722200        25.572985634396829        25.462465199390156        25.329985111300843        25.709208611511325        25.530184798361493        25.480908682257656        25.527756476017124        25.473321086112211        25.438854354600402        25.553927373749104        25.610886989731796        25.335831397969802        25.562402153044360        25.490843892908881        25.673830119857517        25.313502314063996        25.413244026722214        25.612682317248304        26.154428151068355        24.882056016099362        25.583827409077841        25.336727072965548        25.645999221313158        25.420713009395236        25.513627896160454        25.522135727870289        25.264043598026777        25.792519365255139        25.837597385742473        25.421336843633284        25.448557016127392        25.650095988382787        25.911668733094366        25.071388420754054        25.807823458411136        25.598014126257844     
 MMHT2014nnlo68cl          51
   26.618546589680605        26.593689394218540        26.652926640684658        26.698540949177318        26.541348383805122        26.597550984251573        26.624665032615560        26.562484715225636        26.673876899442728        26.668710374681631        26.568889138664542        26.389787761874629        26.717935357852465        26.541905352352632        26.712710805837567        26.508111252046209        26.739149522659670        26.484216397521820        26.689348163770724        26.551435422218951        26.710419383553514        26.482869325541500        26.712654261690741        26.692086590332160        26.540987462091220        26.652455740571533        26.534701374481589        26.670587231975620        26.597340219601119        26.564326826083299        26.768801391679503        26.424965035389938        27.006537106860375        26.417583679265491        27.043861916063754        25.994870768075906        26.905122293743908        26.575946481262868        26.690925288750417        26.634127467670965        26.638995294976453        26.717514024137891        26.544675982195152        26.725048034256496        26.513346918128981        26.286169559951158        26.819281612306323        26.832290151093197        26.528177271559326        26.491395953932138        26.699939467096151     
 MMHT2014lo68cl                                                                                                 1
   25.603230874604474     
 ABMP16als118_5_nnlo          30
   29.809760441479739        29.805177589741536        29.820071446712422        29.818896005062012        29.808399576513441        29.711517357539424        29.848389525189376        29.811782067490743        29.888241040327440        29.985135108253761        29.760628650984483        29.793228045643531        29.759109601601477        29.773434245250648        29.837355075438271        29.799750720350072        29.839912348734174        29.396079257650769        30.046385373767027        29.803656919296632        29.638366777873944        29.754738785272082        29.949532903756875        29.920628412910556        29.701295280318263        29.781358097978991        29.821312318740954        29.911785734244521        29.703070133095629        29.729583799833900     
 PDF4LHC15_nlo_100_pdfas         103
   26.993452563555671        26.595820738734886        26.972321610048287        26.760859411900281        26.833340284802905        27.242790829321546        26.978015264132029        26.866348685601551        26.420327892986553        27.213562449844041        27.373892221656359        26.718501975761914        26.868700449337425        27.246690640492172        26.336803315949489        27.198824033035262        26.679018846763160        26.654989653306455        27.078920306347229        26.692163160346169        26.640748856154268        27.065059524878130        27.113906095166900        26.739345186941033        27.081616992315698        27.490516954418133        27.053582799075617        26.854385994694276        27.257036293816970        27.025827289051222        27.018277726049412        26.981227284679537        26.940674911311969        27.061080181216461        27.146072779453817        26.976775089755606        26.895665322710808        27.195369996049713        26.781578115031586        26.911315999489378        27.131922294873785        26.934312882599894        26.957447607113910        26.910816360728163        27.224430849116864        26.948442633946332        27.097852751970986        26.957091605614785        26.810817579320098        27.092953430989368        27.121480332509154        27.063815498829918        27.189134284978884        27.044334768591153        27.311625344139060        26.847875273415802        26.936025746290611        27.005902441658307        26.980458754215995        26.999234788301631        27.023729536301030        26.954909141898423        27.029451242733796        27.099562425054831        27.064046084530201        26.988291141909059        27.051860097698004        27.023923775334836        26.942372690243698        26.900131796166196        26.906916841564165        27.034607794346606        27.006854033503497        27.067151298304502        26.998727315155381        27.028582543996631        26.969407242416903        26.986684765606892        26.957143381454980        26.981969343638646        27.046473448084978        26.986096425437790        26.969277321201552        26.955400170231648        27.037947585195468        26.978730691838042        27.042792002400876        27.036294759959887        27.017384510247783        26.970603070575176        26.948756181094087        26.953111641882888        26.982516640363979        26.935779161912507        27.011353847638809        26.942357621583469        27.006937661608163        27.002714336179658        27.025062154662223        26.943348954793599        27.000467802336470        26.770800864582394        27.222111639998648     
 PDF4LHC15_nnlo_100_pdfas         103
   28.084285930221444        27.770467739179121        28.143866503832218        27.932264904286658        27.961213829887889        28.046684223203727        28.280536242762086        28.308109369467900        28.157649738240295        28.109098613854858        27.930415987867754        28.611873887335939        28.270380193623364        28.008787436985962        27.999247438816134        27.852792457811109        28.669316779612359        27.743604965311270        27.944274820241358        28.305747484522204        28.511581043711654        27.931660276160517        28.046990756959591        27.938726292350673        27.938825765052197        27.834033338144991        27.881748197595915        28.289881236169691        28.135520114995131        27.957802968172668        28.006107036466084        28.315480234744506        28.025583433332358        28.068839735044321        28.093933738969330        28.027382970171960        28.104809116293577        28.275984812210670        28.071247538077202        27.836039358402697        27.867964129878569        28.057871294841732        28.042973664272875        28.216221406036794        28.142763804571459        27.956929509275735        28.106059724321625        28.044761883546492        28.140276875719877        27.923572624184374        28.233356573298202        28.089555476747677        28.087514032704114        28.435006261841593        27.958859161526465        28.032917591844537        27.942576483805237        28.026367592186730        27.983655462342430        28.083744785841443        28.136182452636000        28.031747908897220        28.120597410394289        28.114469591173989        28.187212559482880        28.066614893630398        28.007857509586465        27.973642583300606        28.135946804954976        27.982584809011705        28.142702242042059        28.066735096118560        28.063060144066160        28.163022536050676        28.138767414338592        28.100993827492822        28.089814702525629        28.085341014939985        28.021611903032404        28.133494533301285        28.035173243200212        28.149422056998393        28.166953195576099        28.079240168857766        28.033247646586041        28.063192302041582        28.072233281659521        28.054333009613607        28.100625788097094        28.020434561241302        28.114813478831284        28.114493340043072        28.087092200659541        28.079511421164472        28.044342235890674        28.013461940055240        28.067279517286888        28.079548846087196        28.122466458510107        28.111594889256562        28.060480655318209        27.866922986756872        28.263854333430224     
 PDF4LHC15_nlo_30_pdfas          33
   26.993429351107853        26.591228486331886        26.242520077728191        26.894378059259026        26.163454696813147        27.042157486385356        26.590250784935218        27.089863525238982        27.109023575705685        26.862856752460683        27.129662363379435        27.011922424245562        27.207557549524150        27.050422032345882        26.825511435893802        27.606259953329861        26.828804830178512        26.975881889466432        27.187617513337390        27.051101955723588        27.375197574034967        26.974483355150060        26.892768407193593        26.914207415310482        26.807676810974868        26.999022241240915        27.152714276891473        27.193437385820449        27.425451610951029        27.131093670896405        27.001744968909481        26.770800864582394        27.222111639998648     
 PDF4LHC15_nnlo_30_pdfas          33
   28.084176324403845        27.330102429091262        28.107446013348842        28.024955190112568        28.252340176121205        27.765307787272224        28.093508909053568        28.061418549517299        27.650173708320917        28.285924409928633        28.279427686264690        28.473493195639389        28.168161400815411        28.026806006045394        28.018668738035451        27.596753424461276        27.908678602833660        28.165050221217442        28.027533421304192        28.438130331419291        28.418375943668678        28.203559148678451        28.387129991494621        28.143859414021975        28.287100508517199        28.080436796503182        28.240927088448210        28.178134768254104        28.300418285846206        28.054353479214008        28.021838901397011        27.866922986756872        28.263854333430224     
 HERAPDF20_NLO_EIG          29
   30.207342399256948        30.150835917707482        30.263730073095502        30.292366256538561        30.122596935146774        30.255060986527031        30.159738669084788        30.402469563433236        30.015548989556002        30.185945220689533        30.229863459428024        30.003919365133072        30.421444386622372        30.059893042717775        30.356559387800608        30.222518203470734        30.158256408031846        30.341838562835623        30.092557085153366        30.093206642428910        30.307727270171295        30.572565397141947        29.804713989371695        28.992630950180551        31.127763623539870        30.132461074240865        30.316303731239159        30.697965810040074        29.740220729210591     
 HERAPDF20_NLO_VAR          14
   30.207342399256948        28.957470783938341        31.175463636486235        25.643342682556113        26.566719478217028        30.607457839359213        30.354886072124362        30.998834577800807        29.416678606282765        30.132096056561192        30.231321282242252        29.714647478922213        30.527696391787728        30.178159523877749     
 HERAPDF20_NNLO_EIG          29
   33.630059670077898        33.528026163584329        33.578961241750754        33.582767071804042        33.524453453097884        33.623887276285480        33.483349132143189        33.740992405920458        33.369807609472993        33.481966936777951        33.627389200805212        33.664432488043083        33.443643373518711        33.472386238200983        33.633625338390175        33.511523621272460        33.553079762896168        33.583030667368313        33.520380669275006        33.485575521167029        33.622194857964871        33.357945113907896        33.712392912963551        33.214324648968457        33.840972896408005        32.525086343461027        34.265836454441967        33.017704804703115        34.024649730019675     
 HERAPDF20_NNLO_VAR          14
   33.630059670077898        33.047370129270789        33.712231502337332        31.612643334222426        32.475629633490342        32.594470119571717        33.080270006157676        34.338170519151852        33.069628978912490        32.900836582347310        32.246814849273044        32.660124882338387        34.486977389216335        33.428503060305637     
 CT14qed_inc_proton          31
   26.633788343405108        26.632547730329712        26.631256707114378        26.630000914519218        26.628779243641119        26.627509580524368        26.626224694693228        26.624981226515523        26.623704386860030        26.622499301879891        26.621103222455229        26.619920505536392        26.618680172268590        26.617442001093735        26.616079400383434        26.614890970512988        26.613572165037350        26.612318505241358        26.610909560929233        26.609838431087205        26.608518122894953        26.607258090573136        26.605918279837780        26.604703064594950        26.603505704531258        26.602223014928271        26.600792340764670        26.599582444480369        26.598416874777502        26.597097150652917        26.595716641459127     
 LUXqed17_plus_PDF4LHC15_nnlo_100         108
   27.756790805730812        27.425997473748964        27.811882531822270        27.606163800966588        27.629958898572735        27.718086427963815        27.965907728730848        27.994188850100979        27.830422429586427        27.781470941998723        27.599638149686861        28.299220644626168        27.949861671406111        27.688068757300016        27.670782827946908        27.502124920811749        28.356730050323815        27.411239942591671        27.612640628262501        27.988782472584912        28.194569433440787        27.597510295368728        27.716659720510830        27.618997790553429        27.604610612995035        27.495377602930823        27.542077020557354        27.975835821925184        27.813914361186143        27.624044464035048        27.671993406033906        28.001784611845157        27.693052988609363        27.737004074491228        27.765185973085313        27.696200411463114        27.778070611036661        27.946297937884122        27.741584224988724        27.503739822608491        27.542057717640990        27.728700185206879        27.713978907303719        27.895410071374201        27.813273983632861        27.629684328112585        27.781326532996591        27.715822753497104        27.814937611588679        27.596486562747554        27.905900638708907        27.760337069696508        27.760079583131109        28.104064248118949        27.634836557236252        27.707828846134397        27.611593986656843        27.700295183528226        27.661033087046196        27.759572044232389        27.811455903439537        27.705437814091397        27.790859707111888        27.782782994320833        27.861023522252790        27.739038234594918        27.679300477115525        27.645589241448256        27.808414713966229        27.653887770684907        27.813789775168040        27.740708764000459        27.733099442988571        27.833771169511493        27.811031264521489        27.773916577385062        27.765365393479819        27.758229555894786        27.696235381377686        27.805084848508123        27.705924637516191        27.823203447419008        27.839138082104657        27.752945900305306        27.705258184913905        27.736399136389966        27.747884592267038        27.726338550118317        27.770575227363892        27.691534363224122        27.785064342801444        27.783432297548909        27.757253463930770        27.752983482918502        27.715316374652062        27.687192149631379        27.742222598904817        27.752342161540263        27.792984104015080        27.784341101415272        27.734411881217344        27.756506177898022        27.754963909212677        27.757079175319209        27.757127464223398        27.757633921690797        27.756913277814281        27.755574478715079     
 NNPDF30_nlo_nf_5_pdfas         103
   28.776025795250206        27.495034307377257        29.189251929068540        29.102045258455391        28.067135578418203        27.182039426600458        28.989839821388099        28.356774310348563        30.441331934027133        29.089079303805839        27.640133272444604        27.825392960771616        29.121682503464665        27.309688632834984        28.067174411832482        29.941825205825811        30.084560803164624        28.602667716618935        27.560265952731093        29.625102890915162        30.728304051210046        28.398442485927198        28.461252476898672        30.279003417403413        28.987172061688661        29.553926398722162        27.791575289798217        28.729093073203270        28.549165691475356        30.172845379940188        30.149128414168953        28.399503280758328        28.439839001274194        27.641143160256821        28.464874099558227        28.692834171534980        29.357070173201176        29.357336119800870        29.943910658387630        27.500622402555564        29.132187931600267        27.571110407470073        29.109623291311255        28.026308676059699        28.665031029309191        28.278030104633988        28.807513612660649        29.021362078021099        28.967042143344777        29.082486376799480        28.369346572778699        28.565175550274414        28.188088108504957        29.241520102953093        28.532733549324391        27.351516813231999        27.708979670223762        27.538876568225447        28.185207922072376        31.056448784945374        29.268579701938190        28.720992746009546        29.623152442019588        27.783777670114166        28.544897284934983        29.435924292378605        28.496793669992240        31.301390958125648        28.285981220310237        28.589246994893486        27.869247179944399        28.176426454590974        30.968634125043984        27.622592758787405        29.949567612152894        29.406711238017497        29.822158134300210        27.033894679874802        29.516416636870918        28.080961986774152        28.634603057230098        29.413821560673892        28.137457470600054        31.082454246593599        27.342189175153056        29.033997305121236        28.512096077701777        28.115873318271163        29.181676434484221        29.315368120225884        27.864087367628251        28.426766492201864        28.920738509863469        29.031716351649440        29.386473259651776        27.533406244542451        29.677341139823106        27.498143994329368        29.008049362773868        29.283020867259594        29.248779308911548        28.633315811972654        28.906636731257500     
 NNPDF30_nnlo_nf_5_pdfas                                                                                        1
   29.392556682586179     
 NNPDF31_lo_as_0118                                                                                             1
   19.513902244002416     
 NNPDF31_lo_as_0130                                                                                             1
   21.537839827476375     
 NNPDF30_lo_as_0118                                                                                             1
   26.824771117813111     
 NNPDF30_lo_as_0130                                                                                             1
   26.537173078466537     
