   0.0000000000000000        0.0000000000000000        0.0000000000000000        0.0000000000000000        0.0000000000000000        0.0000000000000000        0.0000000000000000        0.0000000000000000        0.0000000000000000        0.0000000000000000        0.0000000000000000        0.0000000000000000        0.0000000000000000     
  0.10705143608648590        4.4966187150203618E-002   8.0985469754533378E-003   2.1074023442445324E-002   3.0579612536228401E-002   5.5637567623000622E-002   3.4918732920344663E-002   3.2339738218729715E-002  0.29452559523700994       0.24110453683253152       0.15266901215416886        1.9953802954487478E-002   3.3127909747783915E-002
  0.81214346917294933        1.4168926055372564        1.1057610098045774        1.0656478724769993        1.1089318122438019        1.2575147387313443        1.0874004622442006        1.2492505796732856       0.98908174595772369        1.0945274437733348        1.0294111756588706        1.2007636958116350        1.2492990874226135     
  0.17504635250705633        6.3431605068000024E-002   1.7339834612610534E-002   4.1914682221429855E-002   6.6983736589019738E-002  0.10038331447178603        6.5809182296507035E-002   6.8187996861925310E-002  0.46498645778378916       0.33540273066935544       0.22553234995370444        4.4285438482132081E-002   6.6701792947166466E-002
   1.2805799325274911        1.3384955521026829       0.97770648938285676        1.1410393243683146        1.0814101835659531        1.3957085760454013        1.1679523889790928        1.1858732210267209        1.3162458649411215        1.3909916506096587        1.1568901369011624        1.0795673008171549        1.1077702261628295     
  0.21151697338120762        7.8773387700021805E-002   3.0551981817674850E-002   6.4162070612897887E-002   9.7604716370815608E-002  0.13889387192331751        9.5679967674425270E-002   9.6729683234971858E-002  0.52351522365611225       0.37192528106966422       0.26765925282417463        6.6406181289339797E-002   9.5513483210133879E-002
  0.89647369514796438        1.3891683593330753        1.2546103678274889        1.0515444911560365       0.97561314856838044       0.96537004451224362        1.0943843261305499       0.94209963067666247        1.0898146256574757       0.97606359985031355        1.3067112449679852        1.0789196354016459       0.90723359226581823     
  0.24364898052400633       0.10799751346297851        5.0242154659795930E-002   9.0269780206588116E-002  0.12618626172134728       0.17352903915818862       0.12258064753158342       0.13135265336403287       0.58391853896218548       0.42088059825714569       0.30012249881610575        9.9633076609318832E-002  0.12791999553947492     
   1.0897898597452154        1.6649132821672528       0.95263674118265673        1.0121662568833050       0.95624818225110186       0.92830519615647877        1.1023347426026295       0.94956295296812343        1.3377020378323028        1.0673959550223207        1.1650581792269257        1.2334039819056362       0.98193655781745970     
  0.28209554735893916       0.17570186000513305        7.4519869197790231E-002  0.11782910698359531       0.15666006392130433       0.20672198318110563       0.14912458048118551       0.16458312173211370       0.61920877727414825       0.44934702883151983       0.33092718220532075       0.12717947751932421       0.15888019084612465     
  0.89103567407329787        1.0243295808453268        1.1839224932376939        1.0566580079075003        1.0728702768824749       0.89224274185643193        1.1310642896455545        1.0445184648289887        1.0184307310011715        1.0650999913023529        1.0381893876149142        1.0876138444461432        1.0823443561411010     
  0.31581362182121925       0.27367060521037984       0.10046889989710281       0.14375186166881276       0.19136379970206879       0.23953059621372502       0.17920717399981470       0.19578261171837449       0.64534774369989989       0.47721904713308194       0.35941641663083385       0.16015371275852266       0.19011757060059958     
   1.0380077021092904        1.0675783357522808       0.94432600177924098       0.99418789831509480        1.1559640704539786        1.0248542237461251        1.0201566413269538        1.3106207046606879        1.0905986849821383       0.99448690456211541        1.0025885526639349        1.1822717391252098       0.98578507880220900     
  0.34596392641310231       0.37551279829243295       0.13881492605770437       0.16953484147574133       0.22530478974686322       0.26595368033918032       0.20963937078289313       0.22771489306717954       0.67691736226425636       0.50340669388899084       0.38712521533280381       0.19189664242635790       0.22287230304106892     
  0.83178286206552321        1.0909260376645002        1.2113662483327547        1.0070977431796668        1.0191460068175873        1.1380690624234413       0.90732782665213985        1.0573374864160860        1.1982515431923910        1.1588219454485678        1.0212027768400886       0.99466296274250809       0.95689404109012166     
  0.37472699791325431       0.44076018331522571       0.17729219102746452       0.19772077695713308       0.25996411675841968       0.29286674111886701       0.24433180572524299       0.26135156825195072       0.70019970399598397       0.52456750950621023       0.41534563550803977       0.22325324387834714       0.25579547318616613     
  0.94720942414442411        1.0678033689027515        1.0834041493097495        1.1910353484358145        1.1240234331761982        1.1907535186456772        1.2105816061138990       0.94759688368318362        1.1056206375477784        1.0930960482157612        1.0196285540128047        1.0935144964004306        1.1644045724727410     
  0.40469013297077006       0.50839803736798295       0.22291872190320722       0.22511767267349400       0.29263952452769948       0.31738382873130766       0.27999610509024747       0.29490872555063508       0.72207584862279550       0.54856783807161180       0.44468542002746791       0.25424965011139566       0.28696680867444535     
   1.0561963423820522        1.0516682193190050       0.86302872934078345        1.0452123025280522        1.0138242279402476        1.1385227851783803        1.2296764054589315        1.0294161615176427        1.0767932420124449        1.1031662776506050        1.0273086720022619        1.1458833539678666        1.2291808692627064     
  0.43630753433716485       0.55790961204389733       0.27595698650288403       0.25348229463728095       0.32678242089134557       0.34433867595614548       0.31288491292192977       0.32636703474028489       0.74145896448845672       0.56805564897723937       0.47479211326150361       0.28567407783819609       0.31965557252812993     
   1.2052356841582141       0.96252185975341831        1.1708491750359908        1.1331295803734205        1.0314237592940567       0.82596284551004984        1.2628971619793907        1.0713550739195523        1.0638013980377998       0.98767774561848121       0.99165001966069710        1.0476487387288205        1.1312408064516983     
  0.46865153864722370       0.60790393469963089       0.32525400435778262       0.28303798781929740       0.36005289991080530       0.37039809968012805       0.34118769392975890       0.35570815613138806       0.75940874921889856       0.58989052599853209       0.50362937709826738       0.31691664192032776       0.35160654931332852     
   1.0036599039773788        1.0942233480696284        1.0513398830268006       0.98575768206440695       0.98978677334375142        1.0595328520358924        1.1363147668732045        1.0199655637049792        1.0034850589527908        1.1129095965125602        1.0420406266920730        1.0385635117591707       0.95465776032113903     
  0.50174390858677875       0.65078686012130771       0.37979906796518570       0.31363136141758852       0.39524652456906684       0.39346751927733503       0.37060809220575142       0.38412284948848652       0.77755032105848410       0.61117124198818862       0.53205863191392544       0.34674396599640706       0.38485929687967957     
   1.0697664248645422        1.0826277531244806        1.1033353431769555        1.1170057140885394        1.1556118276868772       0.98259498130608736        1.0345120196713731        1.2383495001532989       0.92732769911754065       0.99504153855689248        1.1447531984207981        1.0623047836935653        1.3615682300888727     
  0.53608807057419494       0.69162409185804474       0.43446949706097387       0.34645315978187424       0.42389709781795998       0.41540668836977218       0.39936996970363325       0.41313896693398955       0.79374024635235674       0.63119730846118616       0.56048665683606913       0.37767268292655853       0.41544808819259466     
   1.0187639369893542        1.0611700648628739        1.0791787105029735        1.1186956355048217        1.1038890694848180        1.0195932668833438       0.88507777127933807       0.94457243123419643        1.0260318708727481       0.99755378330317723       0.97604987146781386       0.92326465206400610       0.98906611963926006     
  0.57023648794247461       0.72588522130561972       0.49860434072555243       0.38125432430437134       0.45498001393424359       0.43715099020650910       0.43253455439917815       0.44489001625851515       0.80727844890225720       0.64994857816012552       0.58647618273819835       0.40878856890536325       0.44724157645021290     
   1.1955505869365741        1.1322521317570062        1.0164153018559505        1.1932103008190156        1.0605357427354982       0.96689219614542610        1.1805821840072781        1.1211796223393831       0.98127328034061234        1.2581633216537282        1.0449402829625924        1.0994304743367576        1.0562929162895971     
  0.60314946460865615       0.75642252803519350       0.55942113161489038       0.41356886747413274       0.48260285229297878       0.45977584318963688       0.46510483772164235       0.47431610625032078       0.82140457797440436       0.66752556506694638       0.60967522973384036       0.44127059479531350       0.47734945712663468     
   1.0250822319617532        1.2054010682750449       0.99632451913543163        1.0407108204924342        1.0304599121157405       0.97653282165624289       0.97812902996499340        1.0460672440438574        1.0304724405379784        1.0550438196415450       0.99203547556491822        1.0491472986803934        1.0687565618513930     
  0.63383539035686720       0.78457612859472958       0.61564791983178546       0.44800551767225677       0.50825739792527325       0.48433044363072064       0.49876086637680883       0.50904648503252792       0.83421741203580158       0.68238340458502478       0.63408138456629937       0.47455437227865332       0.50863547403019005     
   1.0702384563615006       0.91844346462205084        1.1152000787839862        1.1390954294513389       0.96005543852184927        1.0882838253865104       0.97771423872987318        1.1737460443397529       0.90675399453181293        1.0300529299550796        1.0936415717074173        1.0609363091196220        1.2869788095196149     
  0.66336929970532810       0.81349921132165481       0.66905659435815534       0.48040834758331386       0.53723591875085430       0.50999220925843014       0.52911208751367100       0.53982757993174324       0.84659601127264617       0.69794771107596731       0.66030751037515956       0.50568915984807494       0.53885201653664139     
   1.0175825664745906        1.1237696511334452        1.0789369983939072        1.0116905273702712       0.95857878960420395        1.1299267521558298        1.0696204290276754        1.2353782495960417        1.0448573707597313       0.97098718728864442        1.0529640246683063        1.0001103323409717        1.1875852556357092     
  0.69285789057714930       0.83660385364670942       0.71609499833354895       0.51844382303949577       0.56502213802541934       0.53581768445035116       0.56327691476724262       0.57001551442188192       0.85855412345162030       0.71222149776654475       0.68521948553519063       0.53379177998135641       0.57156003183718451     
  0.98912015625464711       0.88827735719793666        1.1208084364442745       0.99886136484059773       0.94016879054573821        1.1905034080128720        1.0239271527855600        1.1986954108240799        1.0780061396521154       0.95885466733061819        1.0652735984107111        1.0109336856156492        1.0702460279834511     
  0.72175905122177919       0.85610332814867396       0.76057544641701880       0.55508166279882931       0.59523847295811327       0.56172071689663161       0.59541282041743027       0.60287719248637595       0.86966479281565867       0.72651758337643124       0.70695864315145729       0.56028469246558887       0.60268149638172019     
   1.1276828492433173       0.93920425863386869        1.0996084942966153        1.1441426502745906        1.0494056467719615       0.88981190482762029       0.99931702135196354        1.1246112900678671        1.0504476740750082        1.0093991083470848       0.99551657148673278        1.1552879395475093       0.95760769451584704     
  0.74741809672791404       0.87333774772135453       0.80180091948982457       0.59150651462884396       0.62562437594864206       0.58828563864919592       0.62763568633506361       0.63482121862861252       0.87958241153849470       0.74001575490139504       0.72794947891222783       0.58683776170888047       0.63548531732113400     
   1.2067618606249926       0.89642342381750484       0.92134591208279526       0.98095525261037408        1.2250737122365862        1.1349064423539341        1.2208186675151531        1.0266384205420875        1.0239273403450948        1.0772888337640207       0.95262333115035591       0.90555755782467062        1.0627156382580845     
  0.77286274674603928       0.88950242366101584       0.83825370941141319       0.62890229487505001       0.65434667462158647       0.61613075139729534       0.65835864817831680       0.66567501243054128       0.89068799499675522       0.75305524411525859       0.74960142814352970       0.61593380439496170       0.66764832699918197     
  0.90930133004389124        1.0760188379995963        1.1813058158558030       0.90775291363147737        1.2953273215442862        1.1284984952838419       0.98379586015893850       0.99435414668286448       0.94573652805355479       0.96734639209510187       0.93791294122530644       0.98484006784055622        1.0951574033786082     
  0.79859603132145862       0.90482676022381958       0.87013661673622145       0.66563310221040095       0.68194546962300384       0.64426060780754557       0.68688939607271815       0.70038887737129729       0.90121293822430504       0.76621370248648979       0.77608186854765759       0.64576801409231865       0.69895889688857138     
  0.99002985489469186        1.0308177186934502       0.95447231016281120        1.0742739160164376        1.0964579890439807        1.0615423868626312        1.0617890316513054        1.0018197348126672        1.0107357696780397        1.0468263061529837       0.95648404475479620        1.2016376966955871       0.92167839006940144     
  0.82221563666859820       0.91814025124520415       0.89621604312270553       0.70364491191234046       0.71322129479354857       0.67557340255885356       0.71794730446952526       0.73127180439433870       0.91108041872488088       0.77957565616518365       0.80398273486056271       0.67603549914127392       0.73094188458538289     
   1.1517097842572774       0.92727516154741263       0.94414695318658681       0.95648552445192470        1.1215101808931491        1.0558978280929547        1.0410298264282283        1.0854619283091118        1.0483862754334736        1.0024006741624802        1.0414945639217277       0.98558676146903090       0.95201631567658163     
  0.84570665539079981       0.93122803706008894       0.91879167252466232       0.74204245742732278       0.74239025724895491       0.70740698117256395       0.75047590503833872       0.76380483410294342       0.92083228300539077       0.79309270903272122       0.82998943002306702       0.70642885804408651       0.76117959941961788     
   1.0351654906361389        1.0447190181198034        1.0972947976198546        1.0709199245073402        1.0769507796280042        1.0386406473080398        1.1002901707870449       0.97694910422249859       0.97175402081948659       0.97638556291055245        1.0582935843801025        1.2018238353764492       0.98808686050652861     
  0.86966487836400053       0.94301927185975809       0.93885202932026546       0.77801880781987487       0.77462063849528484       0.73940400652207550       0.78311454716714013       0.79446525577662064       0.93074765166855189       0.80730783756656321       0.85598355469341736       0.73633248285177910       0.79495401438815927     
   1.1983580734261381       0.89944365177255359        1.0652896774588290       0.93542485586106161        1.1392602724344669        1.2250976768173445        1.1201933593325022        1.0261917914280336       0.97961577085720086       0.99535087081381612        1.3050984838681430       0.95545785455175747        1.0692360351080203     
  0.89286089944532654       0.95432918853772342       0.95442722981704564       0.81175995575278415       0.80738703269276135       0.77145363112855669       0.81579829209196564       0.82786347626460832       0.93950040007326630       0.82125286995332814       0.88175921845498773       0.76871721295515227       0.82941040574484126     
   1.0688700233016895       0.92487986688062696       0.99077603989742991        1.1963990559764994        1.1052046921961101        1.1453023275887491        1.0337130113549089       0.96407626208880093        1.0612211871151473        1.2018545253627269        1.1041215530491479        1.0232519887812399       0.99180737430738553     
  0.91104127610166252       0.96436221586098680       0.96700419630089762       0.84168695038175778       0.84181080320504120       0.80515822711666407       0.84881150238340364       0.85820909722230621       0.94830053186537822       0.83418372588305922       0.90192740009839223       0.80303614997284067       0.86164956668315507     
   1.1495645096857843        1.0448703562163246        1.2411022008349937       0.98991801531712253        1.1615884341471772        1.1742213970292834        1.0018622364085035        1.0835631363607980        1.1190781537204240        1.3018589029054530        1.0184640339031246       0.92058784868502286        1.1474617733281107     
  0.93001038081062792       0.97296502114594852       0.97676717857363682       0.87024980270589369       0.87498548675313204       0.84079860031477283       0.88076651494199754       0.88958027416707597       0.95727459801288617       0.84942885748804964       0.92489390462776266       0.84243971248534244       0.89074663580935243     
   1.1461609522278411        1.0845271465379405        1.1819007260083187        1.1587928571223567        1.0092126409527540        1.0849357125984311       0.89004834377091369        1.1637661950103395        1.0391761618146675        1.1281014882945954        1.1679243272729749        1.2906118514170599        1.0781730994639855     
  0.94733104702958193       0.98086435893928603       0.98544195219754593       0.90476625687353451       0.90487089575136004       0.87900394272978055       0.91236782113236536       0.91726075496294268       0.96637212200156930       0.86662326204618678       0.94407308918664812       0.88091762059067880       0.91626228854295955     
   1.2362854294789862        1.0175385093963332        1.1227416127037630        1.1832805407882185        1.0084773434925201       0.92639271244796528       0.99866599725527583       0.98120404010969886        1.1109355927779916        1.2053695068876733        1.1381957790779176        1.1429049222166234        1.0527410851341485     
  0.96700296268738861       0.98822422300854595       0.99206628444822076       0.94173131302422342       0.93388072505000164       0.91874545069397762       0.93899778236338893       0.94532849544322173       0.97555834825857046       0.88703699235600364       0.96298559312608722       0.91967308208299070       0.94272389238903498     
   1.2638093053424704        1.1360017231891046        1.0325273512607109        1.2689965636452913       0.96190496145626214        1.0445568979582038        1.0496615033791894        1.1009793072054257        1.2542462022915022        1.0860359927095111        1.0628520170945146        1.0992359256017812        1.0675212814730937     
  0.98266611416566940       0.99435610458982915       0.99645749314116239       0.97213850461445372       0.96746418918132626       0.95903646917614749       0.96707612459806647       0.97415994469695311       0.98552631458294015       0.93247235862632916       0.98178825963449878       0.95745716656300917       0.97327467532293310     
   1.1759071269725503       0.91524644795132559        1.1306175810160413        1.1286280719807902        1.1703360238239346        1.3150801830691961        1.2385594229660046        1.0819614179139390        1.2061674191052461        1.3199018943060408        1.1409494785428014       0.96585654388737352        1.1140743621069269     
   1.0000000000000000        1.0000000000000000        1.0000000000000000        1.0000000000000000        1.0000000000000000        1.0000000000000000        1.0000000000000000        1.0000000000000000        1.0000000000000000        1.0000000000000000        1.0000000000000000        1.0000000000000000        1.0000000000000000     
   1.3748838080682901        1.0557431639407153        1.0774383109100933        1.0216430388804019        1.1556132740305527        1.0441623287884148        1.1162291129685336       0.97727792519240120        1.2623128717767167       0.79433433955432942        1.2888507795049562        1.1231495568708580        1.1034937581457589     
   11.097530973680836        14.867096800887838        14.517277619205922        8.2303721167446913        11.582731902954276        8.8452614052731811        9.8178737313649247        11.778144631521656        7.7413199927987817        5.6924568704426424        3.4069419094648934        11.363735744625346        5.2308175874639291     
   8.8393092547063699        18.406549066161961        8.6448389891553532        6.1510782975847560        11.064443290018447       -1.6923277723091883        9.1796080321215090        7.6981634828969714        14.942630839147606        9.2862841175381536        19.214959647535583        3.2759843345751931        7.8631599108250336     
   6.9038228175396590        16.296861519401141        2.0306937975789667        4.7730645920930348        5.9963844575717413        2.1327938230613421        8.4092231473586789        6.9606235196985455        6.4776399747947746        8.0559223004965919        10.618004852777885        11.406037350846447        10.865882051404709     
   6.0892021103848837        3.4668883667797128       -2.3732512741906739        5.3113370882713680        8.0562932452938334        8.1280763192413659        4.5777184461057114        6.7991542523301423        10.429210471391469        6.8410891622068641        12.063281332128359        9.2243758615812652        4.5539831362147565     
   10.366743330166434        8.2728494669537902        7.2659195644015799        7.8282339684575657        3.2156747878265985        11.105205284273858        8.7901478898738432        11.644123125721224        8.2246222679116503        8.7166111889177351        8.8364249028978019        5.8839225631971432        4.4990394188655776     
   3.5164739152516695        11.810759710373759       -1.0471887635742259        8.7845138409749683        2.7862721999891349        10.442733441404281        4.3924593879959586        10.348304412458099        6.8589596108238391        7.3248669256800554        8.6742827531408171        9.4347148404011012        5.6312281072909229     
   12.393489450531431        3.0311911250805705       -3.4972277733833166        11.657914009127760        7.1239905486838291        13.321831602228015        7.6658355361508805        5.3729077095690352        9.0888764550157219        9.4016876835887189        7.9222883057861333        5.5869604868659541        4.2361995316524990     
   8.7508017415897896        6.6750925360332447        13.528690284671674        2.5258237136167967        10.975229301920777        8.5717908358879153        11.863713452528790        4.4966765320070214        7.6297978261461301        7.8067000483314803        5.2962646233377502        10.219879454743509        9.1602547017495084     
   2.7053371799776873E-002
           1           1           1           1           1           1           1           1           1           1           1           1           1
   3.9950233788625507E-002   1.9953538726476389E-002   7.3866583403312162E-006   6.7556552775867056        7.7406648485107095E-005   3.6182510657338417E-007
   1.0850306018999063E-003   9.9582080097312454E-004   7.8196544559102067E-006  0.66064546461778828        7.8196446678264263E-006   4.4863543717521881E-008
   5.0000000000000001E-003   6.1464352907775703     
