   0.0000000000000000        0.0000000000000000        0.0000000000000000        0.0000000000000000        0.0000000000000000        0.0000000000000000        0.0000000000000000        0.0000000000000000        0.0000000000000000        0.0000000000000000        0.0000000000000000        0.0000000000000000        0.0000000000000000     
   9.5918956850062201E-002  0.46256404021099212        4.4053176198288392E-002   3.6161872309754289E-002   3.0094976754021507E-002   3.1818349067931607E-002   2.4508328968118869E-003   2.8354386315360677E-002  0.53324303521953109        7.3267597199677695E-002   9.0421663746667574E-002   1.2769418408582702E-002   3.3231692800387853E-002
  0.97649113195419335        1.4452895801425019        1.5918024714803805        1.5019468486205887        1.3597080539664117        1.3737115131570128        1.6851180233219165        1.1639927388696945        1.0299697199704465       0.98082240104753593        1.3456616425338561        1.4228771855459348        1.5027655628062484     
  0.14405855580636831       0.71934433551835031        9.4550167301767352E-002   7.6893516183118252E-002   6.4044730594224150E-002   6.4748493889841510E-002   4.2883114106363647E-003   6.0702222548748179E-002  0.77664527713380915       0.12692589277068264       0.14965000007000867        2.5789623978486768E-002   6.0017729108538989E-002
   1.8587959708422186        1.4506465614587312        1.0954572420777626        1.2217386836001785        1.3402506149443159        1.3864707805362391        1.3908284817278411        1.5275785468366720        1.9852067861626750        1.5348390305234652        1.3618633673888307        1.4136332215718392        1.3002526135514128     
  0.16833562393420462       0.83734103487484124       0.14729447086199188       0.11603394845686719        9.4824562879476826E-002   9.5155723936588527E-002   5.9539412900461242E-003   9.1702033082834006E-002  0.80914313954275430       0.15916543641148756       0.19045410033048013        3.9861796003681088E-002   8.6331062932705829E-002
   1.4090720699322257        1.2932125948521933        1.2880418083146405        1.5406884909320948        1.4825941023541827        1.2631019211900707        1.0935760947686886        1.3376086864447054        1.2057580434430097        1.3782517938218877        1.3223854960504973        1.1696579391202571        1.1086133011099888     
  0.19159596159875769       0.89637988443679339       0.19641951952694361       0.15089718847216788       0.13161709804966348       0.12450115582949370        7.8862342903662248E-003  0.12118052030072671       0.84775620822553299       0.18031467668334075       0.22453644763714381        5.7768826741365117E-002  0.11281175229540912     
   1.3687810150164856        1.3562800264111621        1.1946050440196294        1.3642739717658450        1.2544071615687484        1.1685551854538097        1.2207040888997596        1.5517681730219681        1.5918736401245226        1.4053711843399572        1.3845582560240615        1.4933441445861213        1.3888730744977233     
  0.21828324536511468       0.93068247914184665       0.25106788006641245       0.18452052850914802       0.16328779960669060       0.15951270510254509        1.0649844574190253E-002  0.14926506774084780       0.87301970941919904       0.20028850946218879       0.25363820992932307        7.9651748892151125E-002  0.14047648907787150     
   1.2718625345113248        1.4659997819775201        1.3764053289290563        1.3440029294700728        1.1856109718089389        1.1684920993271157        1.6670366500655123        1.1886254818877429        1.4950964296344924        1.2966031180405375        1.2126816630830806        1.5010776415019076        1.2924952892826467     
  0.24258577857348959       0.95010647819772232       0.31402923628925000       0.21963892466485355       0.19666590597934780       0.19611028561224525        1.4406696650805595E-002  0.17294673042423353       0.89480405770989346       0.21616042034005181       0.28090958279543360       0.10447628854866928       0.17617086191564024     
   1.3864320693002177        1.2524589193621940        1.3622323986627338        1.2032153432343304        1.3917081930417192        1.4180128828146246        1.7358552902845257        1.3653662771897672        1.4030893017647477        1.3369166162910322        1.6327597253772770        1.5905639610246918        1.4655177257550824     
  0.26631972483399363       0.96576980020378689       0.38249239449748290       0.25634204605099431       0.23009406681868400       0.22719976990646659        1.8752545957318185E-002  0.19925281490234603       0.91044475046874962       0.23270711771759250       0.30695728699457392       0.13103867203075814       0.21570554948818457     
   1.1268222870680535        1.5240241048968446        1.3007882644629294        1.3726297883598273        1.4501568548078723        1.3438533864980051        1.2297256799740155        1.3366847029612516        1.4959515623907478        1.3913402200625844        1.4666264407550669        1.4700954135164297        1.3212531208862577     
  0.28916953271753276       0.97185070006685392       0.44961878729859922       0.29374137855003335       0.26418483714498397       0.26064408164100022        2.3489903980029019E-002  0.22345788414868425       0.92322492191568040       0.24650569675726797       0.33352794622024839       0.16027717700703678       0.25402357020625155     
   1.6026147182130888        1.1661590042368037        1.3704490072474906        1.2814904487988032        1.5049530514308511        1.3945262706983588        1.2806678918511585        1.3358802130640179        1.2604675352731960        1.3120921749990311        1.5506691944656881        1.3749791181543245        1.1907702139255785     
  0.31330718321344192       0.97755766248640585       0.50782256407633841       0.33067865596309032       0.29936813473454821       0.29441059234438871        2.8993996395101206E-002  0.24831821672229948       0.93452748605883162       0.26062191844391924       0.36420595986995213       0.19361804356436671       0.29019372335235571     
   1.1901082213936403        1.1132740696062242        1.3821604660182534        1.2197488686539275        1.5540930241553481        1.2772048505218503        1.2743521397577524        1.3195849743520527        1.4958190174337183        1.1954976426168213        1.4989756088187451        1.6656918553754718        1.4271090291778219     
  0.33829872229196428       0.98195887305485108       0.56109191448913820       0.36384988379840649       0.33420431429163200       0.32198387667555584        3.5239521295169225E-002  0.27088037910940216       0.94378573459790294       0.27474493715621312       0.39154498347926786       0.23201552670405307       0.32524605289077058     
   1.3301159772249844        1.1458737328934063        1.4119945125454212        1.2007661039510427        1.3233211794877879        1.8226073245798593        1.2207519604835382        1.1329395539449905        1.2910555276592568        1.2775253725771858        1.3938545081107137        1.3796495280972878        1.6928079099965603     
  0.36563521572838836       0.98583487471803477       0.61335927067330720       0.39749876830420394       0.36937075407491132       0.34993093450892188        4.2177337151179328E-002  0.29547899524183324       0.95141691159898978       0.28821106475774061       0.42388926638864821       0.26545508825482111       0.35753914353084432     
   1.4109086561215616        1.2274722763404551        1.3203473758277600        1.2561670470023356        1.6203800677164029        1.4879139154404026        1.2923426088727747        1.2574265748897286        1.1753906218716705        1.3306817588748168        1.3906272209524930        1.3060039997774413        1.3639778459027567     
  0.39283544694367628       0.98918230068204238       0.65786014397175119       0.43170462867444992       0.40103852754587016       0.37297290731253385        4.9862254987391004E-002  0.32314450560490354       0.95731431114370158       0.30655865793231180       0.45016455889886459       0.30077880219977604       0.38902504759981565     
   1.1049868676545522        1.3993087832325095        1.2128230575478762        1.2877624742786449        1.3613939300150060        1.1578290316993907        1.2974044429435350        1.2857314152051105        1.3681226347178495        1.5715965675192081        1.6249054452265765        1.6096300214659052        1.1929354870062123     
  0.41760273430468081       0.99153727485378562       0.69965708873579946       0.46712104698298307       0.43605034843951185       0.40011092054657454        5.8808537815910403E-002  0.35831451504353029       0.96206346339628868       0.32730668940463037       0.47856887140826798       0.33891554560448428       0.42457928203268636     
   1.2216895707537523        1.4259347104022990        1.1370577768246366        1.1999471194813314        1.5564529257230275        1.4113425002805846        1.4421115954087758        1.2879966669743990        1.2379380120215568        1.1931263182706293        1.0979102580516540        1.3664448227521639        1.5139621106576722     
  0.44244422917225867       0.99327220667602745       0.73951713189897927       0.50459791424315614       0.46924836462210961       0.42924763397518950        6.9653407935050760E-002  0.39915344952133930       0.96651214978821642       0.34757403636963152       0.50957546665138120       0.37959013457898738       0.45626718958435009     
   1.4675358408246522        1.3828486969601217        1.3588015163395726        1.2919941602743927        1.3492822361775216        1.0633062429609732        1.3141447699256352        1.1661150151778490        1.2253612718619573        1.4269980066550734        1.4571377597408617        1.3617169188551475        1.5090199190065028     
  0.46924092946175350       0.99461547978825637       0.77936960164251556       0.53909654694132647       0.50171766026549747       0.45864214830829536        8.1216410416644541E-002  0.45210915975354998       0.97056230076292416       0.36933146686542045       0.53980950151522367       0.41970651515260449       0.48486178968480409     
   1.2280429794289289        1.2105801767628028        1.4316053061970631        1.1366398751846669        1.2449077967237925        1.4016000451081654        1.1446115365190042        1.5559042478467300        1.2709120647482048        1.3539880135555724        1.6511158942212949        1.4731226118874485        1.2637115911371790     
  0.49687383786882744       0.99569569982408890       0.81416353382525086       0.57513825270524055       0.53393097475394968       0.48998375508011449        9.4635370378417252E-002  0.50341519424109715       0.97465938873861535       0.39190517597858193       0.57118332200359911       0.45735628548270268       0.51637454592601117     
   1.5955136828039098        1.2709684682485340        1.3103791733196468        1.2511579208593659        1.2132857750642481        1.3343340585254970        1.4185001482731543        1.2297430282305504        1.3835582174090024        1.9245741151105957        1.7615442822323513        1.1966962518309625        1.4073486810237890     
  0.52361495242955192       0.99655662481983220       0.84524121978031586       0.61271898554259696       0.56040323481031551       0.52275633947755484       0.10841390183372671       0.55781643984727536       0.97801335670453904       0.41347845756827351       0.60306108886225085       0.49377721705203281       0.53796004591332092     
   1.3196336350443223        1.3080099201053865        1.4380019945391040        1.3570614325849697        1.4241283691094164        1.2661380194402578        1.2235448932445570        1.1939449977214518        1.2817983445529848        1.5917880745610902        1.3216979309473971        1.3279874680664889        1.2521378094878974     
  0.55028387594052519       0.99725071275647859       0.87094978237543752       0.64724620082593787       0.58776648699903133       0.55208550699875314       0.12510367765525884       0.61467575366147142       0.98077921876170293       0.43432712836872578       0.62810017861470768       0.52636213987218206       0.56589428797633723     
   1.4170284904660113        1.3274904771486697        1.4138275422960382        1.6281510152873531        1.5771085503826570        1.3300162757068725        1.1981227411616824        1.3127147303517284        1.3655756048676184        1.2445266415356411        1.1845493774149167        1.2126802194227349        1.2476530759668025     
  0.57609000584317327       0.99778953528643921       0.89483248715848229       0.67707441027054238       0.61380961895624242       0.58101613632613225       0.14393549810846251       0.65416726474244657       0.98345243464063770       0.45317076628435593       0.65298971733609479       0.56380296457432300       0.59593256823941543     
   1.3978578694845469        1.4222318599090291        1.2658738486922978        1.4192922242794426        1.0877780065683587        1.2671570269982355        1.2236158381508042        1.4733217969346604        1.2708211881882154        1.1644718152745488        1.2713146562028186        1.1714360065957883        1.4507330252410622     
  0.60318368200652372       0.99823472702298277       0.91411417617968527       0.70611524604437204       0.64831911981228452       0.61480542006946715       0.16356793305099088       0.68764527610710013       0.98590534564158361       0.47673164124535705       0.67627772184852852       0.59957889617839188       0.62809058323604172     
   1.3792976150110294        1.3637281818922502        1.1969348568479130        1.2616223324104860        1.3822846694546727        1.5252846031424798        1.2590125988654624        1.2569491863901396        1.2482301693236617        1.3594319628178440        1.0940291258628094        1.1062736703376643        1.4365887941415083     
  0.63227743603153441       0.99859112822244944       0.93030884648672141       0.73933439305138560       0.68294215490259469       0.64998812135797834       0.18849883844351942       0.71568181110329898       0.98809517772853928       0.50012052743716040       0.69601330488917179       0.63190882729564424       0.66142415549551870     
   1.6655607860914305        1.2860345844630574        1.3593992865287392        1.4334618697937964        1.5284020156233113        1.2996590697835286        1.5120215502233476        1.9106069290128402        1.2842395316256905        1.3373502323511337        1.1509563059160839        1.3489314727141544        1.3707487252777408     
  0.66064660428351396       0.99888611797397653       0.94355201253078558       0.76415501085441218       0.71259394682857691       0.68468643271892893       0.21361077936936207       0.74271202379620493       0.99006507374469366       0.52398699505839474       0.73073039608192558       0.66360691971565855       0.69099631497483371     
   1.4407080382478601        1.4746406793685725        1.3546923578893202        1.5330863816979170        1.1693775074686041        1.2963463209913810        1.2651778882462423        1.2331860660616394        1.2626110363619132        1.3735960914569532        1.1918505436834819        1.2595785945786135        1.0321549988428471     
  0.68883603803841831       0.99911680125749780       0.95480370182415419       0.79093800567105499       0.74271636517484274       0.71371524286539167       0.24292325681353738       0.76744145680006548       0.99166294195367444       0.54726523205828104       0.76193936421560415       0.69307877993319544       0.71653095839173575     
   1.3630400951711148        1.3237952313707699        1.5264246342590488        1.3603310502875263        1.4040588037742106        1.2825947264659776        1.5896115640032333        1.4246044609147683        1.4772518759000939        1.3408653879983059        1.2951802312547613        1.1334495871360930        1.2168199074016479     
  0.71724779129060479       0.99929970485660147       0.96494093044668294       0.82017935270376296       0.77110527114533733       0.74102897290599223       0.27914635500678442       0.78954966346817412       0.99299803308212897       0.57308276976172734       0.79519925052360652       0.72281410535503798       0.74394570682913308     
   1.3538280347402756        1.2749229563320441        1.4692823701471029        1.4982364639019154        1.1561794902688494        1.2167164080492900        1.3197897402216461        1.2134330230363775        1.1870799692658864        1.2514851405543594        1.3369026487948730        1.3176608354624795        1.1972926468091223     
  0.74614504355898126       0.99945896714986970       0.97357548090386770       0.84784281500799408       0.79836041854780804       0.76822365206141507       0.32280973430092774       0.81532822118195447       0.99434878510700242       0.59834929802823300       0.82245989637860872       0.75530603477381175       0.77422663650050882     
   1.2473142208398298        1.2601414376520703        1.2497644852985801        1.3888941218729058        1.1754098641723323        1.3182804003345672        1.4408897920637362        1.7727377648192186        1.3196243238363041        1.5542618293274482        1.3773414794263092        1.1126019087753078        1.3959119532499158     
  0.77958986509737349       0.99958215731612576       0.98120883157755867       0.87341378827566996       0.82488764554543104       0.79757943839414980       0.37402884677244413       0.83966231994572960       0.99514179138659864       0.62698907875124787       0.84474966234925841       0.79032777986609992       0.80654169245452723     
   1.5894411921862841        1.5703875359699839        1.1754796190551362        1.4678450493303270        1.2691029021663882        1.6231127503089582        1.4676051682399125        1.1951636902081915        1.3658041751494603        1.4596382668392767        1.2485443162679704        1.2872392611908412        1.2446480458064308     
  0.81244931796423114       0.99968632589430972       0.98714655628670112       0.89761444691956993       0.85132565520937209       0.83112281486617245       0.42807343483496318       0.86757738884700253       0.99598676477504322       0.66047866092186713       0.86825951979239602       0.82580545396819094       0.84262896649176255     
   1.5334725624068908        1.4548024581508461        1.5740661828926132        1.5445192699716588        1.2117966560333688        1.2852603136589398        1.6474644818075406        1.4973396003897170        1.3941954249260784        1.3255949997709036        1.3329122665198474        1.2523191475697943        1.3642650612521341     
  0.83530907351156258       0.99977608154050102       0.99145384209315401       0.91970409927881491       0.88223495775558447       0.86541971195436707       0.49098682296616497       0.89650300042944420       0.99673146685100089       0.69496135599394271       0.89182477163703155       0.86089898272684606       0.87704371691079219     
   1.0939085726415845        1.3470729589415149        1.4297514915931400        1.2357576477899523        1.1511930956377499        1.4897200368372825        1.1431071344074388        1.3168325857738898        1.4062698059308332        1.2702947936528859        1.3363272936003074        1.4149442587161687        1.3303854342192090     
  0.86390162579869578       0.99983584502096878       0.99476962044034889       0.94401177381336554       0.91521195434314373       0.90037363276742977       0.54925328005263907       0.92635691311415824       0.99740226112748609       0.73188336629854656       0.91604911614894746       0.89382202229653474       0.90756006686247270     
   1.3724147964171898        1.4953522944786726        1.1928328629330178        1.5602479365600017        1.3869277569072871        1.2346139208448559        1.2019059771543990        1.5258710984484101        1.2207929355505898        1.3084514365799955        1.4278353994167701        1.4771061089229720        1.4312463121586523     
  0.89892068884525678       0.99989403016444212       0.99689000180451237       0.96333172256475996       0.94542916369106034       0.93562988040748130       0.63986809696837688       0.95347763026385168       0.99816858293234290       0.77009363052625335       0.94267324773067873       0.92772835580434643       0.93851258841797280     
   1.1975236866398842        1.5165965770571681        1.3581311805362024        1.2098166101146297        1.4424245707341252        1.6416427923649337        1.3470778543466981        1.4216779687221373        1.8221183526232858        1.2401531179926781        1.2306348245442729        1.3822131946865397        1.3572835971459960     
  0.94303289754149311       0.99994878180466285       0.99853258887235330       0.98208266062282656       0.97209710975784913       0.96674989377243992       0.78648676544999174       0.97769719063906591       0.99906511226852368       0.82582378785863819       0.96987675166059684       0.96325383034289136       0.96811043397159302     
   1.3086608429678570        1.4084175671253498        1.2440158485556829        1.2807892171075725        1.3947683227657242        1.5151023632433496        1.4332817544671739        1.4341945966050738        1.1639059559771407        1.2631859723660401        1.3308957370755710        1.4984095813470484        1.4518715270467477     
   1.0000000000000000        1.0000000000000000        1.0000000000000000        1.0000000000000000        1.0000000000000000        1.0000000000000000        1.0000000000000000        1.0000000000000000        1.0000000000000000        1.0000000000000000        1.0000000000000000        1.0000000000000000        1.0000000000000000     
   1.2305089231951747        1.2749888692796554        1.9719927401783974        1.4214617991739069        1.3590615771068777        1.2838669933067488        1.4167746624213167        1.1897225695461053        1.4620571882255633        1.3720054520485963        1.1042853253298333        1.2292458802641688        1.5888129171193432     
   26.037104310886669       -29.024285005105035        51.893608511572047        19.997689643465311        42.485165628973654        44.657622639132597        82.601826799696198        54.324065511765916        10.472239667049708        49.970813085084657        58.297674537083118        50.267586020797943        42.218562823527641     
   45.716663449154652       -20.190005269521556        23.516413417048021        33.110659897699357        44.753372553861233        54.561017959563287        51.894740440686967        51.398971747277237        10.472239667049708        54.638358040062421        39.431664845094097        43.719946159113213        33.195614814416849     
   46.629677383144823       -22.649378524317786        37.532100958771437        37.526598667551035        43.581728422846737        43.641130982627246        38.213122009416246        47.461464610726502        15.141092819735437        49.076156996310978        52.965510061937387        55.263959280065691        46.199755769355214     
   49.618215127391622       -21.452494486219486        37.070169926658451        50.756802972260637        64.484369819050599        52.591939164521193        24.693626069680015        28.523996528324687        18.458561397488960        54.445092823967983        40.723217664262435        79.583847683420913        67.945327882536290     
   67.476012347816166       -8.4509596348620111        65.002034371230195        56.996894170371135        57.088277489450611        41.901387038258761        11.834571591883892        67.184659559673591        6.8210387689724712        66.072492715449656        57.216284030214993        49.248334937365925        48.576315097041871     
   38.422430734521669       -3.6255560359163148        51.112834258201630        83.850098186478348        51.826024468736840        47.742332106939564        4.9706402758865842        42.793296822655300        2.7386423386539622        41.454631632510981        49.960066793045854        41.314986104271647        52.005519338775265     
   49.605004001195319        6.8200978735893534        50.287504005569922        43.175596070951400        51.922424579055537        51.658959598370856      -0.53255588390698527        53.082830363862882        28.705713910237968        46.476183009519467        40.809460572720759        29.071993176286540        46.248406869498133     
   46.177846455520154        66.320931944053768        52.074239043143777        35.813006539950074        45.158714839920364        54.369505680724586       -39.781425552927587        45.990469625766828        64.855261034111422        33.473631130062707        55.803052716016431        42.638619511204304        44.111359699676136     
   3.9179173435068777     
           1           1           1           1           1           1           1           1           1           1           1           1           1
  0.67241873377836803        8.5450404854990752E-002   7.5188701896516759E-003   46.920933099520759        4.7066947769825840E-002   4.0900506976385120E-005
   1.5803806673324865E-002   1.4262839795951622E-002   7.1312251813971843E-003   1.1154378483560952        7.1289749864434180E-003   4.8937061158147844E-006
   1.4049094500876701E-002   49.621922525134714     
