   0.0000000000000000        0.0000000000000000        0.0000000000000000        0.0000000000000000        0.0000000000000000        0.0000000000000000        0.0000000000000000        0.0000000000000000        0.0000000000000000        0.0000000000000000        0.0000000000000000        0.0000000000000000        0.0000000000000000     
   2.9364811011667206E-002  0.61714845958548059        6.4087533036097169E-002   2.2495518712714206E-002   4.3144600793668331E-002   3.5820575477055056E-002   2.7266626067050273E-003   3.5577508959778653E-002  0.46419779243676346       0.10068591244960035        9.0190614022169241E-002   1.7544414304174982E-002   3.1177048103089210E-002
   1.6945227636689961        1.4718429273705609        1.6789576406255180        1.3371009446908388        1.9515604846671073        1.6727589267465397        1.3688818467314616        1.5218788714041425        1.8035489007037173        1.4444082274528336        1.4243721833685170        1.6185838795154026        1.4401593707689202     
   6.0273720145654609E-002  0.81059975525573180       0.12332839476161719        4.7387465362658802E-002   7.0463193039051755E-002   7.0089585234765314E-002   5.4685980333620361E-003   7.0826796096248174E-002  0.62994528091745750       0.14206974135999850       0.14150981630058013        3.4599378433017663E-002   6.4277445452015455E-002
   1.5035345668983868        1.7002645025987935        1.6277421959539977        1.6273353046862902        1.3442620926917332        1.7594609788156472        1.4388080335523032        1.4773546578993253        2.5077455751714690        1.8978904383725566        1.2519616042901782        1.9317669742019399        1.4297150967057290     
   9.6525207738627244E-002  0.89616287771620795       0.18274590982554681        6.8200719655820807E-002   9.4114569873293849E-002  0.10393698810008477        8.5237100495817349E-003  0.10454057660594453       0.69764485715200009       0.16284953360873083       0.18330100273603794        5.3847680790942078E-002  0.10061112164926860     
   1.6771606851352017        1.6151834867556456        1.6990666887442023        1.2933744959766191        1.3818439552618358        1.7145245708202290        1.9128159125773727        1.5635728395073083        1.9754311169194059        1.4199722854000905        1.5479638975071754        1.7663454057495049        1.5831634230697285     
  0.13092876771145875       0.92626692296402768       0.24895467466698762        8.8927348004101556E-002  0.11500061327516420       0.14208903390016026        1.1774359744346654E-002  0.13273819104659151       0.74902356827589822       0.18034628264883090       0.21701728280433014        7.7566280338188229E-002  0.13792536642248415     
   1.5524264853019356        1.6559951679801181        1.5651619567960402        1.5714488413673144        1.4711136254684456        1.7752966500834912        1.5064891719534861        1.7038293690116628        1.5267214865365477        1.6257092375658693        1.4499179772986559        1.7707984153748959        1.8151063043805387     
  0.16427089105391918       0.94821382392746101       0.32392912397102441       0.11295524375441718       0.13696486462481935       0.18001785155299108        1.5814357829509688E-002  0.16000394343730404       0.76779846439868238       0.19666309031873180       0.23298918828541987       0.10032688525689525       0.17687374082183099     
   1.3970921837823662        1.8365080381908758        1.6777664982733529        1.5890541480392930        1.2320183308857136        1.4243912159943282        1.6430017339059995        1.7240899707491042        1.2441449449289068        1.7705104113604848        1.3216061540836717        1.6017681298291893        1.8270652970239514     
  0.19152062271678497       0.96259882726838353       0.39527038056667746       0.13966810405195473       0.16306324643048742       0.21229728711548623        2.0200343214551397E-002  0.18644700812811477       0.80099299052446093       0.21128875611327033       0.25746788712747354       0.12593298231853747       0.21430908975367743     
   1.4838827119149114        1.7274844038911954        1.6478344666685849        1.4255154632588602        1.7569052958680214        1.4723835584878735        1.8322327837290946        1.6326336630488019        1.7032839097072048        1.5367914964953220        1.7102582961034130        1.5100669627041028        1.7764053665558215     
  0.22595519398024130       0.97236079628372329       0.46780145846076754       0.16683628841809334       0.19543119073871695       0.24210743425184583        2.5084140574042974E-002  0.20852049329961544       0.82297097100664030       0.22394497302523941       0.28541216617635462       0.15481067314152960       0.24902440936917519     
   1.6731592755717646        1.5570355536380103        1.7095884256201255        1.5800143032219198        1.5976419208876413        1.5906414359210128        1.7110310317229838        1.6353566251632377        1.6599057096398389        1.2505914739478983        1.3552305677095358        1.7902911519012823        1.3785914846402871     
  0.25496613852168043       0.97851094440306063       0.53038565070983701       0.19151332708653740       0.22640950959991230       0.26721653573147491        3.0709426990275648E-002  0.23213468150206668       0.84595543846951027       0.24097524496444075       0.31094311466195390       0.18277862830225083       0.28219815742259136     
   1.5261283704677608        1.9291322375992870        1.5608875686686992        1.4639793761497288        1.5538639666018077        1.5748475161522661        1.6085696328488766        1.3479006636527089        1.4925474960193541        1.7883764887798301        2.2660549397658185        1.6017544602922131        1.3623782595937477     
  0.28684755285074082       0.98303564573238855       0.58329926481656647       0.21467949261025285       0.25658906379168878       0.28954223226559583        3.6932846662714777E-002  0.25764457630503701       0.86452642833535154       0.25183800391149885       0.33518002215395393       0.20093214400568601       0.31584804005319311     
   1.7315882384967149        1.4693254822103472        1.5032404646556603        1.4910869067652943        1.7239943301611200        1.2066477318618947        1.4260888389706818        1.6564113248355472        1.4437315254450946        1.3868095096808832        1.7538977762472532        1.2144494074299421        1.3500285846349400     
  0.31069802854320677       0.98649942702840265       0.63285638279483813       0.24219393397687361       0.29560720798319617       0.31266375999120555        4.3086014796883315E-002  0.28731292698731253       0.88035995156959257       0.26605877705969644       0.36078676967058049       0.23090381189098719       0.34837449165427903     
   1.2982454667446575        1.4046497872669421        1.7233699150506800        1.4700136782967201        1.6873070727284194        1.3622898324660373        1.6474846012186655        1.6514303355202076        1.5677875594686961        1.3660329411496439        1.4591601724166050        1.3687226267230461        1.8057691719579987     
  0.33394657793110782       0.98910044158403421       0.67577080376642285       0.27284174759168756       0.33447399360615365       0.33851591192080194        4.9641441922394419E-002  0.31473365134044246       0.89387173974921297       0.27890350606279335       0.38706583491002289       0.25610515804038159       0.36985820860246882     
   1.5891887070775859        1.6025679416366083        1.3056403507094128        1.4015203529761353        1.6031591901634261        1.4676520128009845        1.4248446531027634        1.6211869725528592        1.5628558567767774        2.0377493261548860        1.5387427333039181        1.4346701221997096        1.4106970076897072     
  0.36956119495820439       0.99129227358218241       0.72033883123049214       0.30211905688679769       0.36193545890341683       0.36762683334888147        5.7776270197739239E-002  0.34377789917193036       0.90552574145734588       0.29122758498037121       0.41695937741126077       0.28325282423560244       0.40139117193565405     
   2.0708296363282717        1.2542756893272384        1.5545493216717745        1.4251331961444131        1.4384953333290540        1.5187427410238055        1.4544892926300037        1.5283272342722112        1.4292800815462381        1.4845220446841909        1.9364175104442076        1.3804183696150882        1.8569441714864428     
  0.40361344054640380       0.99285649557856215       0.76069879139398255       0.33724533114774635       0.38476406579482481       0.39286464932629139        6.7783771462284620E-002  0.38693486721381809       0.91616375714632925       0.30292505488444332       0.44981735750665663       0.32133176240357386       0.42208808741630138     
   1.4263683660935891        1.3133943848615739        1.7001262919388525        1.8088994966549130        1.3608920257482355        1.7147967274648526        1.5115286743751588        1.5178307236046114        1.3103706100451773        1.7403712548418564        1.7304883241712263        1.6966382685649868        1.4500258973542302     
  0.43996021786476747       0.99410407229602815       0.79394998496094060       0.37541570706110799       0.41245145470584854       0.41660609759745226        7.7333401657387807E-002  0.44418453137404001       0.92473633583469039       0.31886498313200584       0.48108812909611870       0.36140837633275147       0.44325492670498257     
   1.6903777350577485        1.5547981559609350        1.4809184059707248        1.9450109406418561        1.6075215228818029        1.3233186913714889        1.3987428411587672        1.5598683592674234        1.3672546551500022        1.8839942720315226        1.7992817574534616        1.5042498123367205        1.3440299548818804     
  0.47340333655816819       0.99512299167693929       0.82493946715370570       0.41176639975525409       0.44133346227006032       0.44219186674945793        8.7957742500064995E-002  0.51594511696901491       0.93466079760805409       0.33549175850470569       0.50853153896394221       0.40231014776723717       0.47249939736556912     
   1.8044482279328231        1.3721423150991627        1.5816748387065676        1.7569473477497486        1.4508302612835753        1.5363000795162669        1.3025397670572372        1.7273820377230582        1.5011328217192423        1.6778094731965771        1.6324201378528977        1.5314107550008225        1.6616719495491938     
  0.50526494652459875       0.99599893356545133       0.85280728983946597       0.44203618394499106       0.46609636298200624       0.47349801682300463        9.8613255508506983E-002  0.56771355700063442       0.94173629597236663       0.35097175855280544       0.53289889701923254       0.44217183389224085       0.49049486695609384     
   1.4248967204942709        1.4226680541118439        1.6009711587284938        1.3535610845325268        1.5456556476866035        1.6293819079724849        1.4798752029651185        1.3278983180918418        1.5360226014352405        1.7658273339750010        1.5458618260227637        1.8136753541699782        1.5068282180732302     
  0.53690210591581855       0.99671788755728630       0.87489451311026201       0.46970226522861980       0.50501914282737315       0.50925562974591243       0.11167325772549377       0.60707543968759592       0.94993321845615375       0.36684100235660677       0.56010718649419589       0.48310295718622975       0.51083665223856733     
   1.3279524361562964        1.4695302679412374        1.6089816784690703        1.4358760635082466        1.7061393580461133        1.5473386942949325        1.4952296122595246        1.3707087130118927        1.6068735798649763        1.7460047524653386        1.4235534607280602        1.3876831843190252        1.5021833260645281     
  0.57125094768919893       0.99733462470497170       0.89322834603553869       0.49876162647804179       0.53474275364302926       0.54417618961548153       0.12853162384341268       0.63914906737569044       0.95595635272156265       0.38018595819564849       0.58497920417025351       0.52633711831305297       0.53824807145678077     
   1.6249632579813527        1.7263099116418699        1.4043745049398180        1.3528146758937700        1.4456821295858033        1.6225551824493736        1.3658708966557207        1.3550104621437453        1.4415867149064459        1.5574013041637496        1.3324807973806110        1.5246810355302707        1.4676773982490146     
  0.60243466335928808       0.99781895757319794       0.90850079013376517       0.54193445773598803       0.56755582629261414       0.57768378893403460       0.14673130708628968       0.66364582019731733       0.96124241765687479       0.39694695353923332       0.62047990387799457       0.56654586569649146       0.56629001897605935     
   1.6428033029212996        1.5044283384567179        1.5056666813363477        1.5863658763742035        1.6371793894984052        1.6664768542964732        1.4903844610250179        1.3456323447684311        1.6069070347954348        1.4786387438222910        1.7584016252377677        1.5370569108057377        1.6054479238420569     
  0.63365143566899873       0.99822090871693980       0.92142606198626309       0.57680684085407519       0.60104700239835873       0.61024955825398253       0.16393381942701554       0.69042504025734963       0.96581516176803583       0.41312563837110600       0.65278951652684947       0.59877185937155275       0.59573140843659500     
   1.3511131918925372        1.3525698868547187        1.4277217902292094        1.3870447502798142        1.6187017313160579        1.8018118974912773        1.2381612231525037        1.5376257765788621        1.3367811222996073        1.4504281371072876        1.6327654708590611        1.4240914814473562        1.4432883737421571     
  0.66696730668459137       0.99855284745644468       0.93604066813978182       0.61850148400818838       0.63675695399162358       0.64306495481485104       0.18212351702617013       0.71808989051476813       0.96993158457617357       0.43160639954965724       0.68444592683756822       0.63242775722665889       0.62924382100272069     
   1.8386414767961126        1.5095979104058466        1.3608920257482355        1.5833523349870742        1.9218797229518538        1.7722656139355841        1.5069101328192547        1.5116021620187829        1.5928415533908520        1.6792928956892719        1.8833471907083306        1.1914192289433601        1.7003006052355687     
  0.69584322522218200       0.99881677362025512       0.94885061404566895       0.66045220092585677       0.66970060369622386       0.67281993225908088       0.21308464210524944       0.74252872294494832       0.97370952495329033       0.45027106280839818       0.71268870885902857       0.66675780730245171       0.65980460753490244     
   1.6091621203130071        1.4396399695280224        1.4928752879388520        1.5434028135961533        1.3157837113470312        1.5532302518794592        1.8107317398157030        1.8713098288295225        1.5567589156086707        1.3823690569847240        1.3680962233976106        1.5058485789332292        1.5266718649095543     
  0.73274026698359895       0.99903357019820493       0.96124504953249390       0.69930416997282718       0.70536438059876760       0.70593854873216577       0.24150151743479265       0.76353489012725539       0.97773326677788197       0.46878019969548307       0.73980700307704161       0.70682493590091977       0.69478388428505244     
   1.5969671185284540        1.3453381600367571        1.5151222895947816        1.4139566996125441        1.5574428434241436        1.5674594626874045        1.4292188036968383        1.3947509734856656        1.5508506749258983        1.4478804383438868        1.4144242071813471        1.7000536243095994        1.5364442474004087     
  0.76674219479783789       0.99921955325578637       0.97083278033848264       0.73729444832374391       0.74087824530497626       0.74009779222425176       0.27561812851588113       0.78420721514044611       0.98130532929401104       0.48618645128146554       0.76646375828450153       0.74696368408601443       0.72888984767064369     
   1.7709547740122231        1.3737475247870499        1.5534284275029735        2.0459097749753092        1.4929708017527898        1.5782049952777879        1.3891035560173626        1.4363122897756329        1.4956636744448952        1.4845195707273975        1.3066088865192389        1.7700424252377152        1.6086309197317485     
  0.80123787603231666       0.99937989104344260       0.97841733703391531       0.77660178342306152       0.77286972298065293       0.77213521552362452       0.31782628643020383       0.80562562594465603       0.98407741309207519       0.50552944258549337       0.79202563254547120       0.77541017334682849       0.76415029861438832     
   1.4621778788230531        1.3703852079426355        1.7095644853089886        1.5736440107734384        1.3895888528656331        1.3461749683103923        1.5988653902636625        1.5214325622069933        1.4383796038459578        1.4858986537563157        1.6073854688587867        1.6720491710225269        1.5418573315988247     
  0.83292995557280092       0.99952028170310836       0.98548355050388814       0.81558438319510462       0.79792390214659514       0.80779155500834043       0.35263046612506549       0.82760259687866411       0.98647849182884906       0.52554920611094347       0.81905044294443574       0.80194532793070306       0.79986500400156690     
   1.3294884521332828        1.6948646507262792        1.5888145053472051        1.6767238387116492        1.4428976473174375        1.5214099895427429        1.6091161831862095        1.7002778720353635        1.7770142189379834        1.3281732460743547        1.6326400055434416        1.6981075532692198        1.4516115981696864     
  0.86488079751005453       0.99964013945113994       0.99077983527103075       0.84737753524399084       0.82689215577872288       0.84454929319576655       0.40732810349828241       0.85078514589262177       0.98879415041020435       0.54638525918314340       0.84543264636204041       0.83116379291449116       0.83644151582004311     
   1.4968332911563953        1.9034763421204528        1.4964389271723726        1.6365823791308478        1.4378781660817597        1.6527418218221059        1.8660933506838009        1.6672451050778261        1.3931030985432373        1.2640232032783034        1.3652309733541876        1.5899932144197046        1.6456126089945864     
  0.89841448354051145       0.99973400580629657       0.99459523535173644       0.87640160871837414       0.85691226938126619       0.87669498813449853       0.45855821680409681       0.87550474222789076       0.99107479156757261       0.57629992212528103       0.87236890397093836       0.86390930179831371       0.87527502711389826     
   1.6251612399396496        1.5453667970883926        1.7691570059624220        1.6375302995080141        1.5654002092336583        1.5393035855362285        1.7314740990225204        1.4434099652876575        1.2333883177890501        1.5502454692773167        1.3954211840791710        1.3196471112746215        1.7280215384024489     
  0.91444408410861999       0.99982235345870285       0.99709915492359291       0.90700155749795031       0.89032423054707499       0.91186859129295483       0.53186706396117001       0.90436719915029939       0.99319347481235187       0.61371295474473742       0.89867231100466216       0.89745382037112531       0.91282497118028194     
   1.2504063661141962        1.8150718423554597        1.4277783685230172        1.7234462228365970        1.6878453183232915        1.3929809736385395        1.5808517359366279        1.7940207787943072        1.5619713955435479        1.9378112916220747        1.5916538057252050        1.4056325428754126        1.5941352548374637     
  0.93367976558076293       0.99989195366096095       0.99828564097292161       0.94333842003174406       0.92701855374874897       0.94040552573553626       0.63843828303434136       0.93427289735114816       0.99505423704055307       0.66007226525375917       0.92709737359055400       0.93366868502733680       0.94650661775998857     
   1.4160665163786172        1.9423439247817882        1.2573604749900837        1.7153994402253763        1.5624359402493799        1.6535767859491486        1.6303012460120447        1.5237540656773794        1.6625815182726464        1.4759553688901039        1.4120047494389927        1.8154105582578408        1.6870497597441820     
  0.96045429747900291       0.99994913454351864       0.99920206868526884       0.97421321670330341       0.96385608371420484       0.96737975936085252       0.79329238780670319       0.96825052192067818       0.99721292210492507       0.75985328524044549       0.96204690427482742       0.96730011247826586       0.97355098749816149     
   1.3930443681327362        1.6986759340507473        1.6511125715633739        1.5473514417446472        1.9794867891993717        1.5106615237792109        1.9260349224555635        1.6948413547216827        1.7415825930319071        1.5021266835743321        1.6540022162915120        1.2590188722384457        1.3126377143558929     
   1.0000000000000000        1.0000000000000000        1.0000000000000000        1.0000000000000000        1.0000000000000000        1.0000000000000000        1.0000000000000000        1.0000000000000000        1.0000000000000000        1.0000000000000000        1.0000000000000000        1.0000000000000000        1.0000000000000000     
   1.7267691132595615        1.4527582343474279        1.4609357271717700        1.5669532782274200        1.5223730477165407        1.4259445892060014        1.6537734204134833        1.5130704583191512        1.5288488626848951        1.2542756893272384        1.6205255807679995        1.7161395244262001        1.5706911928157195     
   50.950334069213106       -53.838423902043459        57.975899609794226        20.854632700438117        45.741909189930126        41.249711662549636        74.693734756970699        69.766573705403374        8.7596101345670494        65.253281202896048        45.041499644738764        44.747067769621054        51.104555215254123     
   48.928990262185764       -22.077981445442433        42.238505222635574        44.470701371315130        63.692518532914249        62.570930109847275        47.162944747919141        46.602925742611191        4.7332020832412098        48.630626326634768        43.301721561142166        49.433160379412797        45.139290729555192     
   49.103235569917814       -24.322064087548327        55.213892059560706        57.202964829642490        43.303936211571958        32.560123147741621        36.739084812885970        39.046457576861300        8.2950300001000201        49.790035469542325        53.295957642004566        83.575637777939207        48.038466082807282     
   46.944408859781205       -25.072264727140237        26.510479468411830        59.161523758746007        45.891724515292871        41.901066576043483        36.672741627863417        12.660469263454727        23.928742096921301        48.658096908308430        54.058660344715541        50.937916820179979        57.933462382760709     
   65.940297741398979       -6.8539004710043079        71.296890860681785        58.220567653427558        38.621250203603651        27.679907900258854        30.936918470183041        43.767968373340331        4.2233505497861685        36.097079386832860        40.066964325461640        46.343652840352703        39.485960308879548     
   25.545891518502799       -2.6665448119170980        55.577233538972528        62.379639492101532        49.897412679592868        46.894952267475034       -2.0238853591173962        56.587271274273384        28.589508525277566        45.097964543716735        48.927460547535404        33.008429733459401        40.969357238270646     
   42.801653274975749        3.0658354753202381        37.200255768438232        58.441278027440475        40.004684094267226        48.114453386740159       -1.1919205248234608        49.281498663089920        39.618524209417323        44.726959789517068        50.738125582571122        45.742037612002022        40.352016638027109     
   46.120694891348009        52.827950048421535        52.202923281244111        45.041572603211208        41.498947491689016        64.518703891500905       -4.9631715171389175        48.762307536162822        65.189380521099309        74.225761681045384        40.864385655106879        30.169053404514393        43.748982332400473     
   20.513551473730342     
           1           1           1           1           1           1           1           1           1           1           1           1           1
   4.5871948892292771       0.59658181993730242        4.8285619647781733E-002   49.841137423013116       0.14699336609215449        6.7266208951191720E-005
   9.5405281558819444E-002  0.13210377160927744        2.0184575331804712E-002   1.5657976107819560        2.0179836696259352E-002   8.7059389839598954E-006
   5.0000000000000001E-003   48.711609952989612     
