   0.0000000000000000        0.0000000000000000        0.0000000000000000        0.0000000000000000        0.0000000000000000        0.0000000000000000        0.0000000000000000        0.0000000000000000        0.0000000000000000        0.0000000000000000        0.0000000000000000        0.0000000000000000        0.0000000000000000     
  0.11443178006835376       0.23403876287941000       0.62187536543139599        4.0384734403055844E-002   3.6415212892742785E-002   7.6820262804737610E-002   3.9258456657636713E-002   3.1893341000827392E-002  0.72260671443923519       0.10184686411438287       0.10165199270253843        2.9586841151811521E-002   3.3138399071009406E-002
   1.2502166881263188        1.1525427762086078        1.6922691390158513        1.4305854913639011        1.1913309779050862        1.5722705174085736        1.1958656612823610        1.2104673609902847        2.5648605911368829        1.5326221576436487        1.3294484325670251        1.8799119188842448       0.99001574366409162     
  0.14579481228585284       0.32748376229189924       0.81163519787559935        8.0080943676287930E-002   6.7311472742996106E-002  0.14424406078569543        6.4481562784650684E-002   6.4452097995201851E-002  0.77952224030561978       0.13197087113502182       0.16486958091462806        5.3422798862833076E-002   6.0478797278532670E-002
   1.5136634714357662        1.9419795679001111        1.5034633469130458        1.1438106074468508        1.6068489836234907        1.2408702909962985        1.1275524007140310        1.2160432226104299        1.2092421013164294        1.1245208471551000        1.3467366541671062        1.4263275561661035        1.3872621889113799     
  0.16138529820438319       0.37349848572223959       0.87434874866696222       0.11499243096519343        9.6331739125946655E-002  0.20372364271309984        9.4778721032722682E-002   9.4218258519169831E-002  0.82437645351597000       0.15075257475986534       0.20600768630749625        7.7739012959931908E-002   9.5187535926341105E-002
   1.1748260885862423        1.3005432344638628        1.4686107866151072        1.3395713863178633        1.4025480436201139        1.2765373904958899        1.3515532037769782        1.3602996763803410        1.3823244963910588        1.2399130761013284        1.3534341586016188        1.4105544997055239        1.2199035205750981     
  0.18599843663914542       0.40611826390858879       0.91284851929137467       0.14836932958744328       0.12472086220065787       0.26006417885424810       0.12534521435043880       0.12572923678234060       0.85485999180753725       0.16641869320429703       0.23295899714583143       0.10349351899157652       0.12367375759207738     
   1.3925793387415664        1.4611035781858741        1.1860026346192973        1.3418228881654339        1.3129447680398638        1.3200219143652259        1.1299281017298601        1.2438309061659336        1.2110490074708540        1.2187684413510660        1.2908242839024520        1.2592395053588108        1.0515972256842017     
  0.21045717529381541       0.43687152379156474       0.93558451150826816       0.18500685698596295       0.15446726164088395       0.31304497591339647       0.15674558891230797       0.15866669536761141       0.87609962510482464       0.17966211915847763       0.26069242238783807       0.13254874717289106       0.15484905138477573     
   1.2234413623345750        1.3782433009718031        1.3155059439600973        1.2087678312969730        1.1709301134800767        1.1520805492209696        1.1427996681289112        1.0875800808173597        1.2661380850443826        1.0739738137544912       0.96518706788386366        1.2295625133323431        1.3787634297907170     
  0.23581496749280026       0.47128345913050701       0.95064031057123366       0.22413542360614155       0.18484637314982430       0.36648250694273488       0.19033007443371977       0.19355378458085798       0.89234100311778075       0.19155568107977128       0.28940577557370600       0.16341352034733156       0.18940461651682208     
   1.1542754267819022        1.3381363180544128        1.2998439134132964        1.1932876376435810        1.2845400241324636        1.0605827613177909        1.3052349855653069        1.1715483492928744        1.4074800020479066        1.1873736910929620        1.2805503543412016        1.0667904934242001        1.3491485093454301     
  0.26049190921539556       0.50101167165613281       0.96220507357529128       0.26361937446742117       0.21539504323282860       0.42530900594007159       0.22378315998580445       0.22582668126003091       0.90506453845979873       0.20468310984473412       0.31254712261644235       0.19493063497884366       0.21940992297745271     
   1.0933250224635087        1.4503411914676529        1.2639031358183073        1.1703998076404507        1.1223265351090919        1.1921742275408775        1.1891613730166648        1.4651118997016068        1.2009712129909695        1.2295336619923734        1.3323995588082866        1.3563145938771302        1.3499583797237598     
  0.28405403146270120       0.52605079753005901       0.97049729593763312       0.30084059119694601       0.24707218720409171       0.47486370809790601       0.25510668335630632       0.25532106386379089       0.91591636682713951       0.21745023776070846       0.33700100724171916       0.22650051441201274       0.24874518020451500     
   1.0864828272677236        1.3241646147718023        1.0972320167214180        1.2172875087478474        1.2468117279481936        1.2514733441010770        1.6169850560290495        1.1815719970335630        1.2600630076006158        1.2802283991269356        1.2547045853824257        1.1103702351305855        1.3035964341740984     
  0.30692241658740804       0.54975235651406940       0.97649347736126735       0.33648826949170491       0.27921589668689700       0.52169160565883999       0.28416480899316565       0.28219145285511726       0.92573486888603984       0.23139840626871558       0.36283717938244187       0.25938008651261263       0.28329760756794115     
   1.3557362218944269        1.2001819599419923        1.2376456157461433        1.3380615991130913        1.4385780301756343        1.2954283048696031        1.3136245121023591        1.0904233635403107        1.4163340529571395        1.3543177627785983        1.3261206467108888        1.4048613194331401        1.1182607818367638     
  0.33093383310125796       0.57246255367082721       0.98107986695199512       0.37637225510875755       0.30823874135063140       0.56633895504871212       0.31245813151504209       0.30980181296113457       0.93549375138793112       0.24489349093385704       0.38737583380270502       0.29732036234658571       0.31766542344001114     
   1.2028261291121236        1.1310977685303316        1.2228322669851934        1.1381580131072904        1.2706417723025674        1.1294722149490293        1.3347272557073295        1.1693021909734351        1.4361272858368328        1.2222683726461678        1.1534802794804973        1.1258163732939162        1.2327709671981508     
  0.35789194533826291       0.59183986328854132       0.98472022395775627       0.41786875684401165       0.33831684103169007       0.60990924593377394       0.34199941248439897       0.33863677277657350       0.94231348460816466       0.25874579968536898       0.41582022440999905       0.33884006908129494       0.35168561031564760     
   1.3125318831899153        1.2052805321275331        1.1983396399938555        1.1951054624661763       0.97022815415578556        1.2992434594898790        1.1286239271732041        1.1211173496367013        1.2129682603604635        1.5416057284304185        1.2423856943947029        1.2749379496890867        1.1946374041567325     
  0.38428023369876174       0.61412955456394780       0.98761311929024043       0.45419518294194094       0.36930924032344720       0.64889339753993069       0.37084328111960912       0.36757426665052118       0.94956547220690368       0.27159847165630618       0.44500804194115401       0.38220840272080403       0.38433147957081548     
   1.3548372800577926        1.2436405161380883        1.0964981836728063        1.1905253402626217        1.2431986152869163        1.3119342011891979        1.0513322607281266        1.2253685341189751        1.3268846348164951        1.1667181905768815        1.4790527240890416        1.4122556217297464        1.2537201661804729     
  0.40900137016972510       0.63443250288048081       0.98986119514206516       0.49199263738076748       0.40071042743709706       0.68262130891934814       0.40524831423192476       0.39888711037347119       0.95446834034365113       0.28459049736029990       0.47672511668223533       0.41921092004917004       0.41575078631550250     
   1.3145663247011909        1.1965711715234633        1.1731062618801544        1.2473637803057351        1.3294544464421041        1.0920835397141220        1.4199294642315574        1.5591387247256780        1.0638323480792955        1.3778879402533830        1.1600496884309823        1.3258706294328644        1.3830192621382600     
  0.43292782653828532       0.65988491428890206       0.99170404825928660       0.52551312737671607       0.43464384686940877       0.71463445854715701       0.43612743306071700       0.43083777827040282       0.95980679588767148       0.29845183385117285       0.50456282397491115       0.45474667312547690       0.44514342153627878     
   1.0471584451392051        1.3911832460943485        1.2406377695897088        1.1974175163819176        1.2077033686561447        1.1996247858315772        1.1832822495011557        1.3324043399905039        1.3573394890967510        1.1421323208255802        1.2358978209075360        1.2480737270379543        1.1092112680789072     
  0.46015274854045546       0.68053449341560468       0.99321750148937982       0.55683653703259528       0.46654753557877082       0.74495451247872724       0.46700082171957996       0.46266714817134985       0.96398438818569554       0.31247741875274804       0.53370023004806255       0.48871873329961890       0.47217227621660801     
   1.4471507003629034        1.1445849201180831        1.2285397373053109        1.0978363801430746        1.1289441544175263        1.3265199067109115        1.3839994553961987        1.4484405197595269        1.0533726770604022        1.2011268421454655        1.4511276871556498        1.4435470449618153        1.5954646856618209     
  0.48995896433229730       0.70130728256036734       0.99438151896836513       0.59287338089336905       0.49932378732148686       0.77327591800871898       0.49575029487309502       0.49595883492616838       0.96810151364520647       0.32648004015512050       0.56298130128663992       0.52521234099901282       0.49815453145283745     
   1.3243668245791556        1.2020584558406266        1.2181697796242459        1.4072339140939789        1.3286253852184806        1.0575917812632010        1.1916589906975932        1.3209612373000035        1.1620981901291414        1.1294547798169001        1.2260739076653768        1.2473645033132070        1.5072800443155652     
  0.51725337618066203       0.72118680305592731       0.99531820753091660       0.62691905708428253       0.52973567925432996       0.79971036271659168       0.52661175315126507       0.53005028707544066       0.97169421984420734       0.34177865969919463       0.59244408240279056       0.56117520767347240       0.52522828031848123     
   1.2752661007252470        1.4795604074989142        1.2657323904410769        1.2668655008630914        1.5325663447308415        1.2607701441047581        1.3614351137500680        1.2189265178294513        1.0919733345348395        1.2247783325400885        1.3654552444104004        1.2768361666961667        1.3709336375741437     
  0.54223947908536918       0.73937700460236255       0.99614860807501293       0.65929658932469071       0.55854769474692911       0.82252641413939465       0.55861876232018071       0.56592190450297142       0.97536942758884593       0.35662462829296154       0.62278011822106905       0.59403155081600367       0.55418742683390365     
   1.4624320425947048        1.0955455335509849        1.2199390970629906        1.2556660764779461        1.1333972522800619        1.3256749601850362        1.5992734748143567        1.2012863526346285        1.1268689698619605        1.3075218159391562        1.4335016239836214        1.0861620182727738        1.0787793896567708     
  0.56594496700829888       0.75733019538753410       0.99677969738116035       0.68994963010241805       0.58963199656817700       0.84700741851804429       0.59112145066515664       0.60007163845072919       0.97845385275209451       0.37120309646761263       0.65380156444166471       0.62767376368061367       0.57923385330822352     
   1.2014893400616824        1.0314120723924227        1.1469382504569863        1.0924998871324820        1.2642399983573882        1.3250069321801514        1.2208554483958194        1.3375107064468474        1.3609672926574392        1.2678763969255125        1.2418118408952423        1.2873133328979243        1.2205798159073040     
  0.58987763256608039       0.77534939645496903       0.99736345492186274       0.71790840244994125       0.62070642080131055       0.86808425391854027       0.62533159608423028       0.63259681431840509       0.98107485229949287       0.38708528113631446       0.68162490163659328       0.66070123119225965       0.60613434497927632     
   1.1592113778549977        1.1662022712336169        1.2709878059306923        1.2845840938843029        1.3241262855487126        1.2782605650824090        1.1777808677948876        1.3580592072577815       0.95610055165695540        1.2316985269888139        1.4470783897822144        1.5672988331155453        1.2169322047611855     
  0.61593580005817417       0.79338803084940257       0.99781733398690842       0.74748734549623386       0.65055548191036927       0.88700012760009761       0.65942853852052874       0.66208061033549248       0.98344500669590051       0.40427243905311327       0.71127221158596476       0.68972867079037425       0.63414220939499844     
   1.2605452633403729        1.2986253451202752        1.2147399558732259        1.4843578158696131        1.1973964952973182        1.4010883707398671        1.2489689127437900        1.2925304496081864        1.1777752838690021        1.2248243057904824        1.1276411376040198        1.1212201705061500        1.2413593987872449     
  0.64162560955898529       0.81169419261791798       0.99819329120349964       0.77637732955451932       0.67901939689686952       0.90340656140673370       0.69125534107800990       0.69310495683616313       0.98567300321398676       0.42350604528105229       0.74022237754476372       0.71852035709025674       0.66412081547898327     
   1.2216400634844049        1.1758953131596290        1.0956474900781443        1.2247252646703057        1.2113189072133854        1.1497906122185411        1.3521864201227269        1.1127031219488948        1.2549922254985177        1.2396682956462322        1.1788863363216908        1.0551968138985732        1.5607034983046082     
  0.66978708614602755       0.82969218106101872       0.99852452735674868       0.80524473514374206       0.70984585958013491       0.91805567350678485       0.71729501390012640       0.72355814061522261       0.98779238855532692       0.44472023264472621       0.76830361898439337       0.74839398572025984       0.69659680930542323     
   1.3533024759055434        1.1529948027261845        1.1266375553538235        1.2267247436294322        1.3020823858843147        1.1986334338620626        1.1808927757149361        1.3364718213034203        1.1781760678454569        1.4196359228679432        1.2620940033869581        1.3329185918605388        1.3039199270327790     
  0.69349047612610426       0.84537981895411740       0.99881682699422691       0.83132978829640425       0.74055487371514073       0.93147487009788943       0.74393379937895476       0.75190548270572366       0.98977762227657518       0.46659780108479837       0.79529932075755017       0.77808304778122750       0.73089608399365846     
   1.2366213474906260        1.1605020815589124        1.2298255708316679        1.5200210477510361        1.1556718214519071        1.3032484279164678        1.2279067027488453        1.2983329229584941        1.3334062577037680        1.2901300609964379        1.2154219832504776        1.3520828824457711        1.1414063598907787     
  0.72043232799923873       0.86336606054319831       0.99906948029686860       0.85574718533332217       0.77072821656148349       0.94418272567098216       0.77326073406596063       0.78001993544834947       0.99149740859857682       0.49092647365645442       0.82173549106452459       0.80727177697017782       0.76974686464987563     
   1.0768270996044167        1.1771042195653596        1.2182718770825474        1.3304000790887047        1.3687395678181673        1.2615564568858939        1.1961938201626829        1.4346271558932324        1.1984341010077255        1.2844502769944002        1.2960162615030844        1.0953784949773571        1.3425933910505421     
  0.74660351498740529       0.88058661471819943       0.99927768000422557       0.88489687242690063       0.80260069270124101       0.95477423482309731       0.80389840034406468       0.80885345744026904       0.99306706579062942       0.51483687857478555       0.84632513778946528       0.83753542061321673       0.80480429562420008     
   1.4180567003205267        1.1063272589347373        1.1025769950837929        1.5517348806794209        1.5249012540942346        1.4135236881625637        1.3867943767610391        1.0911422247134683        1.3476595333064063        1.3306580467713767        1.2275719786790380        1.3725375333064729        1.1189696845314698     
  0.77340787025183666       0.89882986007900079       0.99944191498520452       0.90731039899472299       0.83394319476108336       0.96431627342735693       0.83367595727792032       0.83913923795065970       0.99442905060472919       0.53759121107186525       0.86807230551092107       0.86812459809128095       0.83892020089377684     
   1.3290717146465649        1.0903311377559675        1.3614154923108766        1.1098650900798528       0.96326856031318242        1.2736909937755729       0.97921902890817936        1.2115959601414830        1.1616745302831299        1.4444239033666408        1.3514388724423367        1.1272112533518470        1.1438982799126869     
  0.80248902509667353       0.91768119328635200       0.99958633909331684       0.92679734164208150       0.86667910724405850       0.97353811732865192       0.86361525392658756       0.87194538285183643       0.99565736522449833       0.56819092401842508       0.89227076140701911       0.89826324630415721       0.87254794365894206     
   1.2264679166846417        1.2964445090664414        1.3693972962064664        1.1937846845548978        1.2715476227373965        1.3053252121799752        1.5721789852999843        1.2703189907232029        1.3964622570943641        1.2493297683264013        1.3654121217568791        1.4156230410106188        1.1739795235600414     
  0.83355066767735875       0.93628632803357148       0.99970206234707837       0.94514315623204281       0.89973723371276071       0.98210398462644177       0.89532316389720346       0.90207792368203343       0.99681945894580493       0.60168627945703279       0.91847820945730196       0.92796405712596330       0.90548399430385118     
   1.3324131044863556        1.1870226071307972        1.4159976321359797        1.4017361297092212        1.2107333424991891        1.3814348752526315        1.2672915978131640        1.1604894210517380        1.2333050403736825        1.2393771568407292        1.1572055291757686        1.1848549542935500        1.4277429843560319     
  0.86989332946969078       0.95582326461054090       0.99980664905860561       0.96483119024476960       0.93275246796243871       0.98834446526237274       0.93047488152852131       0.93404555572555159       0.99791412750263897       0.64520855073500971       0.94440187907872675       0.95409645005641541       0.94055448740883973     
   1.3707704604619109        1.4577908967075957        1.3416890920895370        1.2609793207295708        1.2596044203921966        1.1089982915385739        1.2241790923208729        1.1327210065374687        1.2787491959470687        1.1975882323936764        1.2582961253843952        1.2082839385932442        1.3783520502484217     
  0.92392295940792180       0.97645534323862904       0.99990515710194705       0.98521955752335111       0.96770796846276907       0.99437318036467592       0.96445103852921765       0.96690052347649758       0.99896547210188569       0.70777589893274762       0.97150678988863071       0.97683196522458304       0.97011917115163848     
   1.2908067119080597        1.3934989362161332        1.5299758316770973        1.1577356736661513        1.4835537450265557        1.4475128342801036        1.2814456011746742        1.6047933293340251        1.4273006330033651        1.3496549477366115        1.1986895821811010        1.1083684989068707        1.2024214321305666     
   1.0000000000000000        1.0000000000000000        1.0000000000000000        1.0000000000000000        1.0000000000000000        1.0000000000000000        1.0000000000000000        1.0000000000000000        1.0000000000000000        1.0000000000000000        1.0000000000000000        1.0000000000000000        1.0000000000000000     
   1.1647445786132575        1.4643929264889504        1.3219043519202061        1.4201825432121225        1.2571542458369636        1.4129624102366545        1.3717112178358966        1.4090131374150534        1.0232461660589716        1.2731855603338873        1.0674238980047133        1.0026700594332116        1.3685293403392520     
   45.085017847844334       -15.044572158484808       -17.203712798620572        39.977033392459774        45.473539814688827        12.636479538429310        46.424591600533219        65.333654167023695        29.907593162017967        50.593574767254708        34.146458211942360        42.011679129742930        39.158721112876968     
   42.646575069502759        64.970812991629032       -19.453530684707452        36.887028248753865        48.620255226175701        32.421097194733406        41.556541666554402        45.160761297303274        29.907593162017967        57.388871720133963        46.123841058927788        48.649761913937631        48.637957459186282     
   47.819602849063912        53.656268754011023       -9.4143696466579492        45.624991555543950        34.701828632091264        45.177613672383764        61.261687322848793        59.885155299793254        30.287600032858435        55.661392156838140        46.242252398608258        37.098531696114925        53.568192827926509     
   47.427589151835924        40.070897211133847       -13.923011278218974        43.418616616638445        48.087295632183093        50.582053447466507        63.899509915621998        46.934880942321229        21.342258520005043        50.047795003743502        53.494738159686854        36.688984875396343        43.901910164257281     
   45.517629487977281        44.160143989972482       -4.6289364479211850        63.778630321897694        45.725416723128120        49.560359867408792        43.942702489553625        38.563980289696737        15.212025000189502        37.610375266466306        53.204075521184933        41.804239506823777        44.448213814068396     
   64.969319226872216        56.307748112146015       -7.3330605422202417        49.992297425482946        52.321316107715106        58.868154907087245        39.384183889784687        49.879393224217672        8.4353290857462930        48.924555143438269        40.466691469502010        48.520760535780759        32.647281548980025     
   50.461842616444187        52.421497212664619        6.1772872702303756        41.463594745871070        51.908097348289942        51.619583915340350        45.629906219750808        47.493637128342229        26.279965524244311        52.003725657124029        42.258693087823339        60.105950650310469        62.458061738344135     
   40.214919925416851        51.920320139932365        62.072536989800128        50.520244886034924        57.935007543072373        53.575319072917274        46.137273632987572        41.543616650149822        63.081899962197440        52.625527793661298        58.586554301313974        51.507181235051064        54.847562076442607     
   3.7875352089392673     
           1           1           1           1           1           1           1           1           1           1           1           1           1
  0.32685356577196056        4.9197957687093043E-002   9.7123370745520418E-004   40.653260724293268        2.5972672179721573E-002   7.1917810999801707E-005
   1.0874450771981627E-002   1.0482764135509916E-002   2.1002158171535318E-003  0.62314296075635678        2.0963181112879695E-003   5.0098304119438244E-006
   4.2481998608224540E-002   51.976733876856244     
