   0.0000000000000000        0.0000000000000000        0.0000000000000000        0.0000000000000000        0.0000000000000000        0.0000000000000000        0.0000000000000000        0.0000000000000000        0.0000000000000000        0.0000000000000000        0.0000000000000000        0.0000000000000000        0.0000000000000000     
  0.11728378404945934       0.20001954615810902       0.50207181610516671        1.9547930544882037E-002   3.0479309975519533E-002   1.2172965295704295E-002   3.5961943255047098E-002   2.8539308074909626E-002  0.45496588198618881       0.22535042932552979       0.12618465839380169        1.4311526010832003E-002   2.8127609668029428E-002
   1.9939539960753230        1.3538599131668323        1.4771351524879732        1.5121732066245557        1.9709055402767006        2.1666921325324902        1.5376094284384321        1.6231488751412431        1.6400358861810185        1.2277711699103517        1.7890670039114320        2.0716297025611410        1.7850275439941647     
  0.14404740699985258       0.32049470844979411       0.70858696788955378        3.9679692668883583E-002   6.1664574756781394E-002   2.3899369644379772E-002   6.8833041969700498E-002   5.5714468738599941E-002  0.62912937310515304       0.35876463686961096       0.20437958429340247        2.9628389263601014E-002   5.6072702798708463E-002
   1.6633010901022502        2.3020379281688235        2.0773922467895547        1.6612505783607214        1.7615335150151703        1.9786424848195854        1.7871569421480318        1.5434122661800638        1.6189845781015821        2.0403072747110418        2.0811190419703030        2.1998752572137725        1.7046414930456815     
  0.16807141476734838       0.39365310446124319       0.83286211569067903        6.2817567522344395E-002   9.3080146910519690E-002   3.5381913512614244E-002  0.10134562453122428        8.2046303941490484E-002  0.69396408024114986       0.42489721385953438       0.24381367167495294        4.2440372523856087E-002   8.2924356471690441E-002
   1.6974605468717670        1.9785407446021974        2.1097613832835256        2.3224912023041888        1.8159118908183389        1.8477143421542441        1.5611950583372731        1.5264030064486407        1.8185934051206576        1.8094428326909198        1.8352726048602594        1.8581801317947177        1.5888906501611648     
  0.19293970381337591       0.43421202387663466       0.86380538564584186        8.6213115306819604E-002  0.12455757282438364        4.7461298501927068E-002  0.12908764320786820       0.11031613709306194       0.73642432790318368       0.45017280620024402       0.27132316137718232        5.4726393902223655E-002  0.10919692139869672     
   1.6514916238931876        1.7300831549864109        1.5016088575471747        1.9772719007018960        1.5486242413744702        1.6749887765169111        1.3264154661112653        1.4565733920010278        1.4004102818873974        1.6050165975522575        1.5526449313846569        1.6500066890613108        1.6757327032351790     
  0.20885173599183154       0.45876006866860003       0.89746131846782506       0.10963995409642663       0.15527225484734689        6.1811389613538742E-002  0.15811056898918124       0.14525097676813389       0.78341424989398056       0.49701760140252571       0.29466443637634732        6.7406594677005965E-002  0.13649391322115992     
   1.4100032852613242        1.5800202535468406        1.6611349462312421        1.8431915866366027        1.6938566253880596        2.0091091299117676        1.6076734057481390        1.6549964608846448        2.0401781694086654        1.8111612510740855        1.8095347292145967        1.5778729261237732        1.7337508195107902     
  0.23001895031260891       0.48867418748592412       0.91635678746459137       0.12885435217404012       0.18412792750723364        7.7913553100725383E-002  0.19266270115639036       0.18298042474050549       0.80807386471856690       0.51893140889317080       0.31488974527884289        8.2390084445053871E-002  0.16556703763466887     
   2.0025393152936717        1.6002379528787500        1.5967577141747191        1.4089808337245258        1.5886442569590224        1.9511059249268126        1.6183477694044681        2.2105376103305323        1.6140689501502203        1.4334738475603137        1.6275327804133419        1.7826997914461737        1.6198424357765393     
  0.25220723212805407       0.51192142818654651       0.93152797284025768       0.14919693317554755       0.21105852494402480        9.4425956400039895E-002  0.22738384962849134       0.22052132810545269       0.83383406305865226       0.54884884083812846       0.33780802270750854       0.10381521195692278       0.19660013100539758     
   1.7982332689132663        1.7864851770227193        1.6114053288208121        1.6943572413723822        1.4749551379895154        1.7621555303937664        1.8511508444401752        1.6794823262879726        1.9778837320577878        1.6835193389191461        1.7072057648861374        1.9881297862764342        1.6647057567812886     
  0.27313985012476194       0.53993715089286898       0.94401687812785207       0.16975281417041135       0.23447029948388753       0.10906598984410631       0.26086804325018303       0.25719959701433009       0.85450297685926380       0.57258542961816383       0.36965377592630877       0.12729643875846855       0.23463682689225446     
   1.4869808114526610        1.7534584728752756        1.6982604770056640        1.7548232727209645        1.3317671536977338        1.6182995874965760        1.7810184490775010        1.7504626474756559        1.7745229936282583        1.7131859776195191        2.1049594448586553        1.9366516997234489        1.7329405386114796     
  0.29358628380013402       0.56477682380681282       0.95353855841554069       0.19178240593714233       0.26124422868780689       0.12701717550764621       0.29335657595509945       0.29386305721578743       0.87196559650681771       0.59580691843180622       0.39258401128597092       0.15366302804738935       0.27047173658913004     
   1.7627487594033213        1.7989258148031375        1.4396280828644443        1.4416018188123432        1.6788968446521204        1.7195756647264155        1.7916266732335635        2.0202873745304171        1.9618035353568648        1.8514073032489908        1.5712933728070018        1.4673475651696266        1.7060965670102584     
  0.31511025758919864       0.58637431406017515       0.96139247696679564       0.21950536116223604       0.28869801347675811       0.14633046195136334       0.32619222877007920       0.32853657724439012       0.88635200292565741       0.61463041938206886       0.42059661730553488       0.18515987147379939       0.30470014435134885     
   1.7156355292109287        1.6307545523846205        1.4434065339018844        1.9865346277108860        1.4656286330894095        1.7217336145414754        1.5347921719270026        1.6328631607385415        1.5695409321730769        1.6717586844573318        1.6499464171125540        1.6453839327163802        1.7905863985068207     
  0.33872834862216761       0.60907399086467429       0.96831255068703692       0.24423946870267244       0.31642555382988524       0.17293535429908408       0.35918948786114308       0.36175051639520295       0.89861827660653315       0.63112987722688652       0.44922462574647948       0.21681767366136015       0.33814708483264200     
   1.7990300698059580        1.6051185011072067        1.4572770929260359        1.6228100772114957        1.6350530646849017        1.6068108529041660        1.7219938679989202        1.6144000107796013        1.6876233587740312        1.7632512374029314        1.6217329946292254        1.5129089736351784        2.0187764942984896     
  0.36041368396399759       0.63174173115364374       0.97373329156414767       0.26897424655680169       0.34470201541643580       0.20196676662787438       0.39263394447839001       0.39403653986890763       0.90968077329979113       0.64846503477243955       0.47682238397969706       0.24958336386369381       0.37518874722640794     
   1.5262869189909147        1.7216219139278064        1.4970684031030466        1.4889381553704348        1.4990865620668476        1.7435697908463574        1.8692108917969836        1.6487565300296432        1.5381381201756090        1.6134078425620466        1.7084440646265380        1.6531891549401103        1.4303868356489213     
  0.38326244755534195       0.65196575509703980       0.97828638205540064       0.29689461154983565       0.37803792242934120       0.23202344477113565       0.42553244876578694       0.41847321559272416       0.91972714933630395       0.66625987004426990       0.50476197320895477       0.28179517457069975       0.41586248999182901     
   1.6160675822211701        1.4932047950208678        1.7489825243391590        1.8653939154251551        1.6206166015745245        1.7874545734019973        1.8780748928469593        1.5819656602586636        1.5250054865465634        1.7654344662533201        1.5315881532924307        1.5606227521546854        1.9026948881961074     
  0.40832966994087982       0.67164730085140911       0.98183470481636659       0.32545931742751238       0.41249476145160285       0.26120964983303435       0.45841782910184764       0.44938130033670415       0.92898619914747382       0.68102488419878993       0.53494373352715607       0.31402926890969152       0.45498582033220519     
   2.0378920136218137        1.6589757199897173        1.7025024639263979        1.6947317670694311        1.5275023072335061        1.6149623835319606        2.4082595323231990        1.9067415657979883        1.5618330578234778        1.8280942025958624        1.6260671616122220        1.4923079941696173        1.9601164122118879     
  0.43311267103766982       0.69153037045722332       0.98473197438569926       0.35361777740628697       0.45049550612006095       0.29400392229191186       0.48921065354136528       0.48038487308449163       0.93703848635522724       0.69525302200179939       0.56919593341905939       0.34862052770019214       0.48963460849054791     
   1.5742516411383942        1.6062959933529650        1.6447298618223261        1.6566265919217986        2.0727386465108188        2.0872301955957617        1.5239246690080617        1.9979154413522557        1.4226896020402968        1.8170942962713554        1.5203840034526042        1.4714186895314625        1.8684860022408483     
  0.45907258906982307       0.70844986000725974       0.98710405585428496       0.38526390830431478       0.48292002266665923       0.32223460941450338       0.52096732441672111       0.51137968614775509       0.94387240836877351       0.70855918894435155       0.60606700032433947       0.38849282286812020       0.52354534306082412     
   1.8687249016003262        1.4870862749594285        1.8016886922397473        1.7750910745604844        1.5596507924384697        1.6726848551003985        1.9598668202480554        1.9521580447674278        1.5008670509784818        1.8528972771638499        2.3541096648338646        1.6959691266955106        1.9462145381532290     
  0.48442045298002279       0.72792369608555363       0.98910887992997487       0.41444266106345107       0.51210435173872071       0.35248927650224210       0.55102781718655403       0.54107711536681280       0.95019574094718251       0.72085784623064308       0.64255566986279944       0.42993624296587157       0.55640779219937109     
   1.7862990039544886        1.9877816184866266        1.5830826335551424        1.5123761780796487        1.6156166631219588        1.5827543618372129        1.8656816145533432        1.8186539595162867        1.6255397582754190        1.6272639249913270        1.7984841686952486        1.9097712459606762        1.7658365347766669     
  0.51009116862954396       0.74587546547727235       0.99090613142814032       0.44998595141316067       0.54403425909566760       0.38618521876363976       0.58087133879476260       0.57584498699000197       0.95646034344734665       0.73221506709130069       0.67669169899361947       0.46850059405707639       0.58549332904622187     
   1.6926005614376811        1.6655879173191639        1.3183324260993401        1.9265557809735230        1.5608010766070677        1.5549210976681382        1.7139199481226495        1.7521399974355549        1.8634291689135802        1.6456762236930988        1.6035448623245903        1.7191545166322468        2.0090352080871412     
  0.53394397077237865       0.76404692666155427       0.99245011268035455       0.48700635074162973       0.57355982258870220       0.42425314095497679       0.61519399474082670       0.60640779768951303       0.96149680292441886       0.74306464424249441       0.70726523760918270       0.50840911584308857       0.61447418067038184     
   1.7201672046554650        1.5146669642903392        1.5760796965211088        1.7513814306595319        1.7458201139227170        1.5624522820667535        1.8140011051036153        1.7842564079879368        1.6048854132097727        1.8541979883066548        1.7374431665934864        1.7197096093655218        1.5402157537637575     
  0.55817773410669769       0.78300218439572833       0.99377072435818492       0.51770392048076508       0.60627144134747701       0.46321534335866826       0.64747345068697060       0.64152879239634664       0.96664417258091839       0.75366603022396905       0.73888079135540885       0.54026298522092486       0.63930688069729580     
   1.5243769488896162        1.8718496026973568        1.6204025933749127        1.5723209718406763        1.6305799759561153        1.7263573372030840        1.6278450080971372        1.7926021955172071        1.8236506858780115        1.8580096757005120        1.7310918268991664        1.8156927980426414        1.4338538883279532     
  0.58524228710253501       0.80154397527733856       0.99490767063857288       0.55545828143573850       0.63979030437657403       0.50504671394022105       0.68480061009868787       0.67240905844825483       0.97114216525726227       0.76582413119299031       0.77183081498031869       0.57756503493314015       0.67181967602027481     
   1.5028849351093569        1.6871679593248738        1.5640440766938837        1.6865131957305657        1.7275811572969881        1.4626092979850995        1.6991765189576118        1.8048997968559204        1.6212294746294178        1.5847855226583165        1.9543221155355561        2.0317057751806127        1.5863551075048297     
  0.61272981873607579       0.82045446447201953       0.99583619020826075       0.58720054296847557       0.67063308948660061       0.54646495230329317       0.71781947921310296       0.70216645474175188       0.97534155041617643       0.77811642444813978       0.80459277514640293       0.61578671690396847       0.70714246147917392     
   1.5287609095342556        1.4406890247661506        1.6759079570288644        1.4655059605041503        1.4761373235226074        1.7521980654521430        1.6091470847021554        1.7504203816286161        1.7840309193471080        1.7716576677382172        1.6291244007062740        1.8755122610243982        1.4719472799732720     
  0.64047401880034383       0.84010048247399671       0.99658170167851534       0.63116174466838226       0.70217912876077715       0.58061285014269925       0.74873470464447922       0.73059438787867714       0.97904845513507022       0.78959340501200270       0.83260784700498414       0.65164112560852305       0.74055410773065689     
   1.6014680901415812        2.0239288727654201        1.7747753455320827        1.7668730463375488        1.6965362587069399        1.4845597948447808        1.7423121495611611        1.4968818149847725        1.6676691157990322        1.8607739131686161        1.3617504120664623        1.7904346485925475        1.8284046815577808     
  0.66894677631700372       0.85964039937028658       0.99727793552585320       0.66840063937527883       0.73365623796743551       0.61401056755516170       0.78058962529082287       0.76035061549807992       0.98232496610226183       0.80199919859340574       0.85909653249215212       0.68506970708274417       0.77801224134945202     
   1.4916180551054892        1.7527966811411841        1.9669950947913113        1.5298616563734546        1.5981576808790832        1.3515383637373886        1.7231651263213994        1.5716786779633500        1.6559072040453087        1.4794091172900830        1.5770326091111422        1.4400180201714960        1.7556604342824360     
  0.69725765069956513       0.87887122753141866       0.99791989915090995       0.70948682496409887       0.76613657189765949       0.64917253645309680       0.80164491743629196       0.79355400044274349       0.98515976899033697       0.81454974388521040       0.88244155282719827       0.71866131853677440       0.80685814941169731     
   1.9831522168137659        1.8626819812858293        1.8091042515853455        1.6648508884592259        1.9047610492783353        1.5083661542955897        1.3991756812924900        1.7060522249975902        2.0675251332786941        1.5850144177934271        1.5926156242100462        1.5253542276455929        1.7787347834512399     
  0.72508827035211143       0.89647690540298486       0.99843397520605925       0.75001838163075918       0.79889035047573465       0.68829340688004248       0.82816782911358011       0.82243632786103171       0.98773008953317942       0.82558638751011770       0.90277408557446837       0.76118775761595647       0.83725292532938622     
   1.6981191159295981        1.5987228806702944        1.7675557636544186        1.4874796536377310        1.6970042996826054        1.6193100936337772        1.7150713374987903        1.4178556210598496        1.5371718404873107        1.3984983541676064        1.5019633881501924        1.4576480278759190        1.4144686978160155     
  0.75977568796680306       0.91264007180661955       0.99881785296352643       0.79714171617736640       0.83143336485024810       0.73235065917614484       0.85413885361546515       0.85178145898385704       0.99014963819175927       0.83830686919514563       0.92131131858213555       0.80945421320413358       0.87029683195023411     
   1.7208426312480092        1.6016043418474639        1.8206891925192945        1.6341298434546498        2.0173513137817189        1.6440046647035662        1.7638800384429885        1.7305309177192201        1.6372619521725111        1.6264882912722278        1.6264310014255736        1.5781811580909719        1.6192909211105140     
  0.79403383427176277       0.92877481147191598       0.99917871342893982       0.84066641831021305       0.86486939797074480       0.78083917385747936       0.88395019548551190       0.87905356688359926       0.99253535179280028       0.85467808467561124       0.93954849247504146       0.85755838854650224       0.90406355047753195     
   1.6723274702474162        1.6765741082485457        1.8550220940585518        1.8917555056039941        1.9809252086282161        1.5429658815195417        1.8118483651512221        1.4166744895731769        2.0462965396521202        1.7240620476863060        1.6650293251648349        1.9752929046440459        1.5276245777061830     
  0.83208348822019440       0.94559742811502756       0.99939991705565612       0.88400014452638720       0.89678247219165996       0.82753071446758886       0.90764251495653425       0.90417514239924535       0.99468837506678853       0.86461327017765899       0.95516685004347279       0.90073710749019775       0.93294285176996017     
   1.8529953437567830        1.4402065711652241        1.8530464701812299        1.8406334340630843        1.9853893864266134        1.5439575262933336        1.4999697602576096        1.7590714495808697        1.7493886592904713        1.3662176491934122        1.5412290475561243        1.5767514564340106        2.0479795270047791     
  0.87586304049975949       0.96184352563729147       0.99964029731115689       0.92552597928162261       0.93049837613632103       0.88035015955829188       0.93330178449014423       0.93503046782896659       0.99634766430962374       0.88706373935950844       0.97037403881104123       0.93087190501109751       0.95646909951295500     
   2.0680201233640174        1.6211821000382003        2.0729795816996668        1.7031498374422818        2.0336340391177408        1.4982967945614134        1.4446034838874842        1.6680326952005848        1.5957264635403337        1.8312989024635187        1.8319425713460435        1.3884690011846339        1.4132822357147521     
  0.93644517060899946       0.97953852122526786       0.99982284733542359       0.96426620075590042       0.96205644545481994       0.94018826976300884       0.96093105113695976       0.96548888963926760       0.99822340601586590       0.92178973347504467       0.98529696994125515       0.96515321018613287       0.97824902670400005     
   1.6760563916638922        1.8631093308303595        2.0145154039869819        1.5941586970866899        1.6245911456010642        1.8497304416766185        1.6612941088730073        1.4238640904741531        1.7039957141944713        2.0053381911963042        1.6377482680634816        1.5177235272036516        1.6626736890462883     
   1.0000000000000000        1.0000000000000000        1.0000000000000000        1.0000000000000000        1.0000000000000000        1.0000000000000000        1.0000000000000000        1.0000000000000000        1.0000000000000000        1.0000000000000000        1.0000000000000000        1.0000000000000000        1.0000000000000000     
   1.3673746872503114        1.8327238418568501        1.8178937787135172        1.7797875690481708        1.9966873787301966        1.8640731241762991        1.6747975416232885        1.8007600854144297        1.8356532587911893        1.8044526144583704        1.6376399988017365        1.6978082050895182        1.5142674390329762     
   12.984375883795044        8.8531449865347351       -13.309033816222589        19.974906937965326        32.362465052527526        16.432500839831938        24.578263940011173        15.413979314006653        11.893170708674473       -7.4261451037897306        19.723132590762376        4.7995468610415095        34.784399274057634     
   22.310396070030677       -20.717692015204701       -26.586706711117451        21.121226827019633        17.459958949282402        22.547607378086742        13.382243385997945        18.351887295537722        11.893170708674473        20.916636519781122        25.461821105541002        27.252256646473196        30.191420013261325     
   20.343521908743561        10.080068094982103       -16.327495880151176        24.565656005936400        32.729183366561443        13.443866736763495        17.508429163940644        4.5009377398812678      -0.38084153381970420        9.1784856174640375        30.379547560282433        25.716725607270440        19.605391372555761     
   34.774736781275791        40.005571538746452       -14.055180882974597        16.267191444829443        21.847051349620088        35.767968795859495        27.352084709848690        27.664979564434812        2.7041899974245962        27.957672224456687        13.703543356511261        17.630270125707124        12.358294309412512     
   37.135565950050392        42.364392914996337       -26.589348420050538        15.887348804009264        24.334603162039546        17.254386603541306        24.934697248486501        24.309300407647950       -4.0278090540475420        27.852339401733467        28.456525094989654        30.516903528003663        11.284137425545437     
   22.284915518540515        28.529751213947165       -5.7164552699874758        35.265991809602532        29.319656387178391        29.805590493400519        28.457793584242786        23.267172603413151        2.2166935559566179        27.095442363626777        22.573339869444229        34.614516835712834        12.772196965937207     
   13.234978988536160        6.0618680665983637       -3.3300823137897790        16.512161752896851        9.5134211672760767        14.228310431482626        30.601450336075722        31.035542709400076        4.5803465151646492        16.864032279620080        25.350962499958879        24.248169756209077        20.160219701029700     
  -3.4192137952376638       -8.0880206032337565        32.914857852775079       -3.7077853165416990        21.888957306471724        7.5554183712710303        10.366229347434658        17.230193770735980        38.555365214886478        17.274725210380709        20.708261359340316        4.7670631951850115        16.267657586497574     
   26.189894745104066     
           1           1           1           1           1           1           1           1           1           1           1           1           1
   14.289341789344070        2.1220566379018786       -6.6667603895201851E-003   19.438477148823296       0.38153782680343623        1.9928270935260596E-004
  0.39541027457989364       0.40719598736411966        6.5863021274439951E-002   1.3233360250901465        6.5838714671859200E-002   3.0632154786107272E-005
   5.0000000000000001E-003   25.449210603027989     
