   0.0000000000000000        0.0000000000000000        0.0000000000000000        0.0000000000000000        0.0000000000000000        0.0000000000000000        0.0000000000000000        0.0000000000000000        0.0000000000000000        0.0000000000000000        0.0000000000000000        0.0000000000000000        0.0000000000000000     
  0.12356830955040912       0.19555537322187563       0.61490300058194136        3.3147372627019812E-002   3.5523364331323783E-002   8.5990894465042978E-003   2.9400993506017829E-002   3.3046421897182418E-002  0.51793909289381135        9.8869755210359664E-002  0.10420663098034705        2.4886713365237071E-002   2.7050876739735889E-002
   1.3833769134690082       0.90743354327235859        1.3119586571348125        1.1129302776051242        1.5054653243541414        1.8309297438720815        1.1859565687537357        1.1843808632369603        1.0011652679177132        1.1298712730296632        1.4724127553755582        1.2600268512987189        1.3230072595104758     
  0.15225565842350422       0.32435248542560735       0.79718195567140571        6.8510438794691389E-002   6.2555735816342245E-002   1.4646090901274653E-002   5.5936717019666987E-002   6.3770842785954102E-002  0.76492461710047033       0.13350793097428462       0.16967452655183130        5.0133950978168494E-002   5.3862097006844523E-002
   1.1255266610928731        1.5490964451442688        1.3688178804804074        1.2066581426805105        1.0811168045093547        1.3294563921381548        1.0033272180653026        1.2812249030567444        2.0728186009535752        1.3462544359286055        1.3642651825178846        1.1266397963225439        1.3159396291625287     
  0.16899810754116273       0.35967527431530893       0.87780386690847767       0.10279728108305186        9.0011340427913422E-002   2.3288063280330590E-002   8.2507648506863138E-002   9.0402996759053778E-002  0.80676761462472502       0.15320954003087262       0.21324047070711258        7.5624342413068396E-002   8.1508110638214060E-002
   1.0698476784011870        1.1828012860255541        1.2301946452492305        1.0348697961257032        1.2806067920277928        1.5182838182778786        1.1191712465627905        1.3439347210021344        1.2030259430365924        1.3553149980695918        1.1915870594193745        1.1841937704950107        1.1605576348436599     
  0.19570066489017221       0.39700176003024346       0.92206514856570809       0.13765038395546436       0.11902854769348395        3.1991466618258885E-002  0.11013929157597026       0.11917516610594198       0.83609534355616966       0.16920960080361730       0.24672696365080715       0.10220903982739524       0.11224530261283260     
   1.3355659899089265        1.0428026443704790        1.0986208180336947        1.0542498884118394        1.2539755217230475        1.2904275047700404        1.0194733110679786        1.2431532081170682        1.2774467683035742        1.0471537333014025        1.2569376207679139        1.1386377653184010        1.3040209168385732     
  0.21884241909597538       0.43140168118579247       0.94016159072569716       0.17858853650116088       0.14649218954531917        4.1766139298859598E-002  0.13937222208523409       0.15327489213493470       0.86243637260968042       0.18176040248230627       0.27549693185179630       0.12996893110289934       0.14583125350917348     
   1.0294706977607122        1.4164125726395123        1.1659972224942072        1.1262337757026055        1.1345797787622491        1.1925590189293740        1.1786938468623223        1.1250758854956591        1.2015142684459772        1.2664407956624248        1.4076345143154634        1.2547096752700366        1.2482510939899778     
  0.24041605848084824       0.46611861677022159       0.95461177411440934       0.21925740482116624       0.17423599325438205        5.2105405909891239E-002  0.17429789926605238       0.18969031534124683       0.87918300420093776       0.19590149800036324       0.30033498307389633       0.16317470543383239       0.18429538142213633     
   1.2788169186920115        1.1357779901569998        1.1491056754626681        1.1360332882445885        1.0543371338381009        1.3656253716864806        1.3824150739386596        1.2661062422714895        1.1983240839757754        1.1675847945541324        1.1671188225964624        1.0615152045960274        1.3963028398847646     
  0.26164302118239319       0.49308181664963346       0.96529552736503110       0.26143498431046619       0.20379748969045408        6.3765065690110909E-002  0.21280912333558236       0.22004472599051292       0.89519624564975131       0.20867373791878971       0.32360339947095551       0.19896705939767631       0.22447278306349050     
   1.1361367411971355       0.99706250305846555        1.2727639274723916        1.1400420369511415        1.1894643924608268        1.0643296622583274        1.2081170841287749        1.1352892862372994        1.2437569607577970        1.2268710365801041        1.1201587916022653        1.4765736535586735        1.1310300629809353     
  0.28264503612735492       0.51787570998139087       0.97218679763544047       0.31025632794278224       0.23609260433098375        7.6662145064876924E-002  0.24687365818613072       0.25122455328686583       0.90988458385813142       0.21969466335859353       0.34883926438580010       0.23716879162337628       0.26159163226156668     
   1.2736477725605817        1.2035169983200535        1.2562125894010092        1.5889330747556549        1.1736649517135245        1.1075429380310651        1.4966519562443585        1.1838931060955442        1.2175673518882961        1.2514082508620379        1.3252748934032699        1.5758940552380680        1.2183551591684356     
  0.30563027620356892       0.54289033242511553       0.97732850756233425       0.36019088530080257       0.26520273963235136        8.7235806453557899E-002  0.28009399748331026       0.28107559374125279       0.92289051741180250       0.23077335783194686       0.37749301754028736       0.28300608845275810       0.29273020163357505     
   1.3431408115174781        1.3205760490336196        1.2387293632789467        1.1343042690183571        1.1679122244359952        1.0827915486176223        1.1943692265991390        1.1780731107488296        1.3871525279380865        1.0465745959371073        1.1365723114869999        1.2551418091157249        1.2491406343840692     
  0.32943348679011919       0.56684933262660131       0.98177870084977326       0.40507291493323977       0.29471581477136904        9.8274565354192489E-002  0.31236512910355385       0.31262172869772364       0.93470044550636056       0.24337650492647656       0.40552816673437408       0.32234600402868180       0.32347999959094342     
   1.2413871855566472        1.0719430022924052        1.2761755838345208        1.0684545728808077        1.2245781944129803        1.0829635797654891       0.99275381061729839        1.2550222016550123        1.4180960042240189        1.0603598775852232        1.4459567395745929        1.2009874907698266        1.0870955675791980     
  0.35581689977181546       0.58759514885665398       0.98515858691080338       0.45579255084587117       0.32392158081571093       0.11208110216422748       0.34679033695199546       0.34955213422221854       0.94267110788004982       0.25779792246739275       0.42982871542585993       0.35897846162466784       0.35529703604341040     
   1.3182698730432150       0.99391896058480111        1.0796789105038702        1.2422851746960364        1.4199613448394655        1.0154678205231054        1.2922850328608977        1.2665339093607881        1.4180622818495761        1.2791880524585082        1.1641270704825488        1.1415263995598242        1.1123416397438257     
  0.37885070619788591       0.60884626192407043       0.98785824094450003       0.50009148745882415       0.35027036603504869       0.12888087485267136       0.37975316767183553       0.38804867431206613       0.94881539161527562       0.27330791572027424       0.45547020489067436       0.39356741011114182       0.38768914035506863     
   1.1719871183223591        1.4800865497014897        1.1768915435467222        1.4900413107412893        1.2465768640289698        1.3771691186097197        1.2758603385118339        1.0908783661386661        1.1659744251868323        1.1585792695455559        1.2756880009013953        1.1993628357845383        1.1192974588629985     
  0.40382665988143435       0.63155507967497171       0.99016727155823792       0.53814603481215917       0.37811816436683510       0.14903354956500392       0.41124058470857761       0.42062699766741402       0.95417214906166326       0.28802574918045820       0.48092877046825200       0.42592229154575001       0.41913158767249825     
   1.3769619656512186        1.3235994403737272        1.1328110318461959        1.2207739838085563        1.1218327439062017        1.2199509134882298        1.2822013489704951        1.2298623976017269        1.0060001879618339        1.3460559317280256        1.1953878996637750        1.3095800590990285        1.3881661919123802     
  0.43011286258331372       0.65390201104394008       0.99212711394295350       0.57061457510250579       0.40806829729660410       0.17316221580678887       0.45256291802516768       0.45200802043071930       0.95909725314537764       0.30285669469359500       0.51363260556912615       0.46143995744967414       0.44915989897417991     
   1.3126250260493555        1.0359459324821552        1.5176246765612627        1.1918482850939083        1.0462705395140397        1.2865351873225697        1.4841673121559200        1.2481098295207749        1.1171418211549404        1.5396396250726585        1.4554543697978999        1.0747906452757823        1.1827351514853439     
  0.45561038995832331       0.67641479085872791       0.99338704734375849       0.60245672467404321       0.44080436548878915       0.19948453611856162       0.48476056580330446       0.48480601034189308       0.96387506695904379       0.31654697201278720       0.55036874768597022       0.49924603844419385       0.47786367812898622     
   1.2186781608119417        1.2037453654247690        1.2768157941104563       0.99718182242228759        1.2496187960459542        1.1873978684829161        1.2050734985661460        1.2013400282457127        1.1785520104661822        1.2997711589520113        1.0908153739476449        1.3186365793637589        1.3202803416877260     
  0.48423906465846550       0.69695992017074881       0.99451274910885212       0.63578480706361751       0.47301509250188678       0.22155356843866569       0.51436410366955143       0.51856401873298352       0.96792279135808779       0.33108462184336068       0.58191173679141794       0.53236137267375272       0.50504576442134275     
   1.4119793761161312        1.3305415269746470        1.0163987239087728        1.0781766780687358        1.1092254304586355        1.1677409840150372       0.98748930144819824        1.3165953582287486        1.2448310350796317        1.2417312612665206        1.2854534943905580        1.0573706512797194        1.1306522994842390     
  0.51177631075709940       0.71848930330335858       0.99549150752551485       0.66948988354733929       0.50562800064368529       0.24933598051540329       0.54368495641376546       0.55098040946861715       0.97130081451036432       0.34500473812201821       0.60806397908798904       0.56558685240683271       0.54076225663876798     
   1.4320355497961073        1.3294873102891713        1.0794240103890287        1.3549661971660356        1.0159149463336914        1.0863964479787998        1.2924969881703672        1.1057557646277234        1.1981884874642377        1.5556346621999753        1.0841852845681812        1.1359755629049060        1.1685522486036641     
  0.53607380392708515       0.73874772612949313       0.99631569740145931       0.70290108910924609       0.53714972459472099       0.27951463021534551       0.57286024081169107       0.58352432644583785       0.97452272412082108       0.36224084613065455       0.63889784116769577       0.59780919186955239       0.57310218151457204     
   1.0852688982701055        1.0807152145329086        1.1769798895784267        1.3088345490921964        1.2049074652741218        1.0909690179080136        1.1868558731477510        1.4174838052615490        1.1659673207802439        1.1245395399709752        1.4479074243075649        1.2405621793914636        1.3710707501833468     
  0.56260861621511016       0.75809064809679594       0.99700001201751121       0.73351751846020552       0.57197747416616196       0.31473551007683587       0.60368712783169765       0.61569767330569669       0.97719362242879881       0.37892464509581791       0.66796771726076487       0.62889385884755888       0.60194720355746367     
   1.2110294047162624        1.1473213486564031        1.2860033292455122        1.3052762406820684        1.1159912965620653        1.0226597043732790        1.2818899030557132        1.1888164294410200        1.0330701092286896        1.2106619149668918       0.99299022199149767        1.1377022765802207        1.0402491425640419     
  0.59115990492498416       0.77893164827559080       0.99750410615955132       0.76256480263740800       0.60647994245208525       0.35280627317876118       0.63706874430538052       0.64470826636939682       0.97988008520389691       0.39551451308822189       0.69428584751695765       0.65061743356146529       0.63824594567482906     
   1.1393150509828944        1.2422306977085684        1.4711899544202189        1.2879510008069834        1.1555967384211447        1.2752253351433231        1.1984768384290672        1.1690828100832813        1.1909564829026962        1.0126338005093218        1.2074985892227659        1.1707775576953825        1.4159758287092548     
  0.61815005996543626       0.79847011887805630       0.99788071908526033       0.79118688061033537       0.63882935899823268       0.39179395858900690       0.66817960888295203       0.67354423961077103       0.98272411457468389       0.41187645144152318       0.71806068886262908       0.68073200103636511       0.67375566147067567     
   1.0533690615871278        1.2672714218089984        1.0912364664594372        1.1286222196497846        1.1471349291319961        1.2551733467152877        1.4093522646829639        1.3177699660490829        1.3227713927869900        1.2122959134760722        1.0150133182089791        1.1490907574220057        1.1037155691171427     
  0.64977490597963505       0.81858765025124625       0.99821835020709671       0.81267454451618881       0.66870866949969565       0.43806851708286099       0.70552300657024769       0.70045811606724961       0.98490402892154572       0.42912997276572551       0.74536056555711794       0.71227869375808561       0.70605004775922731     
   1.3351351540918910        1.2617572720124548        1.0370310704324170        1.1555090851674861        1.3694437010104812        1.1484606082861457        1.2316789663437280        1.2209753575746494        1.1234438840566494        1.2223387397909768       0.99663433168945958        1.2067319314364724        1.0513979786582452     
  0.66958108363019120       0.83753283145913626       0.99850770152242030       0.83406970358231569       0.69804306729184828       0.47970742511047659       0.73646917604573348       0.72354858669417754       0.98722607664388784       0.44744094261529777       0.77170658643720624       0.74199731533397195       0.74081943297352593     
  0.98311671349269292        1.0654023505471815        1.0327705628870336        1.3201366061016149        1.1643610852498893       0.95114965737039481        1.2861601958668796       0.99304365913155168        1.2320235418715473        1.0252580029161522        1.3214360160697367        1.0506997058543837        1.3574408645214977     
  0.70047281730605948       0.85605040627250850       0.99879225272905603       0.85633491699198616       0.72801078640979133       0.53864729755263507       0.76704561068681087       0.74725663195401437       0.98900297761713674       0.46676159161797803       0.80331342539291239       0.77352058698228754       0.76740487152713366     
   1.1913315628715779        1.3177027596809985        1.3990297983651041        1.3024862257257732        1.1738904718664611        1.3902036637959871        1.2549083013366433        1.0222496299634036        1.1535438128298794        1.1072492141179868        1.0840349349943550        1.3052336490183283       0.99279125564083048     
  0.72876817978761010       0.87475752616414737       0.99903720806993090       0.87709957881516232       0.75933820667604324       0.59108792914128150       0.80249407144791451       0.77371712766449929       0.99062692353210047       0.48691817453616970       0.82351984373884590       0.80653600286900295       0.79846141054299258     
   1.2446095188979434        1.3622296371027207        1.2803333016009211        1.0485779573942822        1.2557068250875565        1.0705018767622598        1.1537597867047560        1.2030018464949344        1.0421867820624870        1.0179850213885062        1.0719502562631074        1.0636123134139088        1.1479873621289298     
  0.75184032151161362       0.89554226962991657       0.99924026789770526       0.89547149340700505       0.79300846119862189       0.64757630530415156       0.83189971763131054       0.80196747078118713       0.99214525123961828       0.50912465408680474       0.84998583322576227       0.83464727181845599       0.82618382260451817     
   1.1348500746271617        1.1306658560705898        1.0819072936961651        1.1942711819282186        1.1837611225064864        1.0545460568951066       0.99361920734205167        1.0151908461569901        1.0021268141805855        1.0832264556681663        1.1926993830505355        1.1439914012060159        1.0544912052536231     
  0.77694686337319585       0.91422720327636708       0.99943507793276254       0.91225974684345112       0.82690257458072913       0.70327912035646034       0.85727157917942609       0.83502741833923666       0.99373209499730897       0.53837218945977972       0.87245121630494771       0.86252079138479898       0.85726363568915376     
   1.0982169522364340        1.2607274058769227        1.1255082191092558        1.1727180970829751        1.1929625084547260        1.2156304254802086        1.4001490639250704        1.2245938416941036        1.1764411858965838        1.2079996402422120        1.2656924071448359        1.2773474462085350        1.1928657646272847     
  0.80439991070419881       0.93228599466558748       0.99957127033651538       0.93105492950777735       0.86178538664194682       0.75636236278397462       0.88357476126344203       0.87096172487045120       0.99511597597473489       0.56811404270032484       0.89498059131789021       0.89110979742936736       0.89010079122678221     
   1.0490457684436907        1.2001314560187992        1.1672944683456579        1.2993264869258503        1.1361519196419587        1.1155858512153989        1.1399777738421570        1.3594112972345118        1.1816564122795030        1.3700145835615587        1.1466769693019119        1.1141312254577731        1.1747371226184380     
  0.83474963162072480       0.94908355599010441       0.99968497438603166       0.95040101383185838       0.89844474633654481       0.82560323528901436       0.91170333494318456       0.90550506598414282       0.99629302900986427       0.60378002516484963       0.92039229822664703       0.91974450096935756       0.91964792738938550     
   1.1747879776934591        1.2471114537547814        1.1568858573086587        1.3732663052085199        1.4280846537091747        1.2281307622840147        1.1894820915567021        1.1927923409804650        1.0276796452849335        1.0387506094820469        1.0815866008434230        1.1732233352168924        1.0668480352443535     
  0.87117032756390911       0.96481026125997882       0.99979230207814140       0.96422064997599366       0.93059301364057745       0.89075863025658308       0.93714675512187506       0.93870534968913433       0.99741573843242304       0.65458916655246313       0.94569778218482414       0.94616384156951872       0.94393303905739079     
   1.2871447109750429        1.1636847164174051        1.1115900834044112        1.0475713245214457        1.6287380459090677        1.0519529144213906        1.1053342895282596        1.3532637251748030        1.2029662390806051        1.3925358043027976        1.1062969102963240        1.2929013685748569        1.1286294486147150     
  0.92806672089263131       0.98295236687347021       0.99989606878967419       0.98442978467201403       0.96286458105891681       0.95230212472142994       0.96905242949719006       0.97128646412458053       0.99861753942851061       0.69926493857554162       0.97417883539431738       0.97375192216676909       0.96460429511528512     
   1.2713432090527501        1.1063537112487094        1.2008822866385938        1.2024630422666931        1.1988589211044447        1.1966023796094292        1.2117625678924819        1.2555649534785560        1.3169432328822233        1.0930629953496140        1.3206239129826198        1.3113063298486918        1.3801931900819642     
   1.0000000000000000        1.0000000000000000        1.0000000000000000        1.0000000000000000        1.0000000000000000        1.0000000000000000        1.0000000000000000        1.0000000000000000        1.0000000000000000        1.0000000000000000        1.0000000000000000        1.0000000000000000        1.0000000000000000     
   1.0286073647886413        1.4658349136876712        1.4994406320833955        1.4675760057000078        1.1273208343505430        1.6939275457319352        1.1321961725597327        1.0935055921244579        1.2060847830576389        1.3750494223772809        1.1045310191805906        1.3064214759817794        1.4145945732528180     
   53.481118356474319       -12.297058966225947       -21.599539959229663        30.271897063473148        47.541881064932575        56.146840188617396        54.078025598751005        54.828066993003517        34.204464466443149        48.761180272581612        60.771087139315789        57.428601354154132        54.747627343586480     
   53.476649362753363        60.303528843638823        3.1885692952565492        40.668593167453707        41.686915555325676        52.747985322460643        54.936260700023844        48.961697162616183        34.204464466443149        48.000848948458469        65.467515470614899        60.845940332852024        40.988390096207709     
   55.597454861958525        63.389060172629229       -10.014973075401635        57.582457167651270        50.688705263334853        51.404941486792474        62.257648263815597        50.828319053458962        16.446804443226469        50.094441387702453        59.031201179428237        49.476672959572205        54.686309766686577     
   61.011937085139934        42.823378676671815       -3.4199467018493124        49.912479608605324        45.196907466617020        57.346272397915705        49.860476292833411        58.985517751187516        15.442664975010684        56.345501134733226        46.296983834040020        56.461070211817393        50.639837409636961     
   52.347600896485446        60.154222107204625       -9.8649787108923110        51.952025937761078        45.563298431756266        61.147268822127650        44.827398496816400        51.599038952369604        17.879467463218830        56.843294386069211        40.617859387087130        47.795460944445963        60.938598701653980     
   48.717423256187637        59.495983720527647       -3.9552042375086618        60.736156864516602        51.189498916501691        30.741490390852981        49.785284613067468        48.075272558401224        34.108838906031892        67.688940883543296        49.305768137560932        47.598745877968298        47.910496596591422     
   58.757892189123616        46.139978055737700      -0.53505634812295710        55.418453608400924        55.410278982016017        36.881804219842181        47.891488000875697        50.612760078191009        34.828825999239406        30.019679397911055        61.183158888751557        52.512337541831315        56.011385872037025     
   44.440270916616782        42.131627188932484        60.929646512875010        41.259296625278658        53.728713482360554        52.289098610063874        49.420274730400294        47.022747413391350        59.318108353571361        43.413195286695057        51.569156742734350        50.355158933876410        49.498456533692369     
  0.76094974561603079     
           1           1           1           1           1           1           1           1           1           1           1           1           1
  0.15082070135011721        3.0128929047203573E-002   1.1356790512323084E-003   41.536046994780449        1.3223544885125114E-002   6.2066273378258109E-006
   3.4194245067433143E-003   3.8722166347775182E-003   2.0277300187954853E-003   1.3278023838120976        2.0272048302367044E-003   7.7670906925183664E-007
   8.6505850740529050E-003   53.210467960624641     
