   0.0000000000000000        0.0000000000000000        0.0000000000000000        0.0000000000000000        0.0000000000000000        0.0000000000000000        0.0000000000000000        0.0000000000000000        0.0000000000000000        0.0000000000000000        0.0000000000000000        0.0000000000000000        0.0000000000000000     
   8.1628022459507343E-002  0.26001900251164684       0.69330418528929283        1.9763359393918465E-002   3.3660829206860102E-002   6.5480317259800878E-003   3.1278714627218658E-002   3.7985751534480673E-002  0.69930060691826967       0.15183848571125003       0.12193739710397054        2.5927929678695012E-002   2.9241714696090465E-002
  0.79245076449907592        1.1029151551372578        1.1734903250070006        1.2345390180769820       0.91148801010941860        1.2080017287260156        1.0142225286350535       0.99011567240682263        1.4134825966873032        1.2189875722207439        1.2664493472261114        1.2752950697999201        1.2800166933606110     
  0.14522578090782967       0.35699899822293718       0.80967150566086499        3.9892442864698077E-002   6.9672622247892252E-002   1.2729203326458516E-002   6.3353617782202526E-002   7.1080284571605507E-002  0.77959384858291025       0.20032380644556466       0.18110902944962701        4.9991397352463281E-002   6.0200373427818817E-002
   1.7714006381550425        1.4259974793721402        1.0654103143899509        1.0038728576925420        1.0856809436527590        1.2263751636225129        1.3463064527273960        1.1506115757477968        1.3240110308092645        1.2611860112539290        1.1411120187656369        1.2778733357653818        1.2426349184075702     
  0.16618319134931897       0.39189262012793991       0.88251272190085217        5.9309276302967062E-002  0.10153156326227043        2.0019441284692258E-002   9.7256317448144530E-002  0.10115191214703446       0.81808572429231718       0.22893388300898512       0.21934280164505468        7.6492600558552726E-002   9.2758664887929346E-002
   1.1034289008642149        1.2355954595983500        1.2527517336800658        1.0164991547029929        1.0959906557373189        1.2558296321350131        1.3011163461934614        1.0361621030754566        1.1748321527751497        1.0792772025263158        1.0723878025017692        1.3225619047952812       0.93669342485247675     
  0.18711833606138359       0.42541255690259616       0.92155789770289087        8.0046801224930367E-002  0.13556353861162124        2.7615811309047521E-002  0.13011041827509712       0.12394787320008689       0.84574201493650714       0.25593023396812686       0.25525568203521121       0.10680638953310793       0.12570796470098161     
  0.93522027119380480        1.0130269826530214        1.0478459711556087        1.0930593883088298        1.1318367621037788        1.0512030687817087        1.1286659406513184       0.91552719855786135        1.1113291580485676        1.2348095127437149        1.1195533006664400        1.0998639161340622        1.2518626730783056     
  0.21309076185015319       0.45939695354554544       0.93819538987716022       0.10077060749771805       0.16777783532213267        3.5433241123840525E-002  0.16396610951440618       0.14673452832486300       0.87084130535239390       0.28429372054977220       0.28285526161801000       0.12835215694636809       0.15876447380518177     
   1.2604025382766348        1.4712907303346987        1.1192016036488144        1.2856670710561846        1.0828724248480106        1.2640777176976019        1.2381383076662542       0.97771914263221527        1.1259267115921878        1.0586134863583019        1.0327796376653415       0.96034609409951677        1.2912072352714306     
  0.23873781295386889       0.48887927508708834       0.95134316338031566       0.12574969462612406       0.20200312337802936        4.4531516777964908E-002  0.20234395626385940       0.16951040380942217       0.88763997631115377       0.30874850404717752       0.31074694559773619       0.15059653674166265       0.19375822892442868     
   1.1013523207312772        1.1849332405012651        1.0370383834514343        1.0960654577651416        1.1077404405100857       0.97721786911225805        1.1736224280470784        1.0103472676597707        1.2052288792010692        1.1253924444625123       0.98964107521542666        1.0875046724884425        1.0202507071570552     
  0.26497139911587442       0.51677705765441073       0.96133892162388557       0.14895280771052838       0.23626435939049448        5.4760871304608147E-002  0.23543851765481599       0.19166319404336160       0.89930006094091341       0.32894230769671029       0.33944179895117532       0.17324747462826504       0.22524685365695937     
   1.3110660790107884        1.3019950923954340        1.2279867164303360        1.0650516291800933        1.0904730728738607        1.1992508914606594       0.90053717102604003       0.88162641876194647       0.94654373741546838        1.0461958640644271        1.0921006253914627        1.0643798207472417        1.3024238190461344     
  0.28917922729536383       0.54242814859919786       0.96934746819850226       0.17379313348481765       0.26652860909718573        6.5548536130515464E-002  0.26970949087969964       0.21779426484963715       0.91163954312495499       0.35000413419071885       0.36573270064248048       0.19483403262740748       0.25219095375454420     
   1.2179895615664142        1.0205172641044811       0.96454821699363968       0.98845948102943793        1.1195704857239417       0.95775038436769322       0.99841541044664928       0.92587000513026840        1.3537254511596610       0.98590073520232613        1.0146849662806880       0.94449086883972266       0.91840507711032338     
  0.31433935846170397       0.56809256956162169       0.97575172438446978       0.19734656023943092       0.29415894488550459        7.9592838636364419E-002  0.30375435241470833       0.24974950092930159       0.92106972664262654       0.37187101759978197       0.39184404407286982       0.22694308283539194       0.27675819641097144     
   1.0284663766542346        1.0400107528234992        1.1400275467628302        1.0890908958872305        1.0484105041951148        1.1176297466907399       0.90397752407286558        1.2231969090078130        1.0871248554091397        1.2693226685898795        1.3361178959786251        1.0112975663249424        1.0020185603034655     
  0.33946966608635271       0.59256095337364445       0.98037795784894854       0.21959467169178734       0.32169945746236778        9.5875288510477746E-002  0.33503732143213305       0.28182566355120736       0.92917746465823392       0.39488916258936008       0.42143181889702730       0.26645025730098576       0.30145975412690679     
   1.1617573704538369        1.3928787330499877        1.0425367250419129        1.1208193583620478       0.91089196378685633        1.1819920469437828        1.0634767364789557        1.2009542729038112        1.1555298933856410        1.0579823936350903        1.0330752203715503        1.0235760091524162       0.98718269233841838     
  0.36560119520016510       0.61702150361226116       0.98401925273388735       0.24352397455522712       0.35404985230710734       0.11195508922434470       0.35823660730921481       0.31688132178139128       0.93664620294497525       0.41675444190697997       0.44109739624256633       0.30590959572186616       0.32782505149834973     
   1.1697703834955733        1.1947420766162138        1.1514771202756271        1.1868536169603636        1.0060529911783358        1.0827089671327819       0.95198517131870031        1.1952379689416837       0.98598184337075845        1.0427612106813053       0.91774457189356828        1.1619813810224728       0.97955021004093046     
  0.39024366251857739       0.63822785688908856       0.98697046312208248       0.26891734433260511       0.38622505834976606       0.12973617326042225       0.37949046918603946       0.34978241437894358       0.94344717967385072       0.43824301495155815       0.45808362520042711       0.34578642193899395       0.35975894059480318     
   1.1904093772124182        1.0797697740502217        1.2068403806983279        1.1818663872098574       0.99711262469634310        1.1296601858336286       0.90182146552631615        1.0899976123319870        1.0349352473048015        1.2823354499486013       0.94527044044896413        1.1280640908417576        1.0034303140167118     
  0.41690388523594241       0.65836527295507152       0.98917125626440283       0.29712671916849653       0.42125637453819098       0.14880989082011192       0.40186998031978988       0.38217839164506012       0.94971557165609011       0.46071247767062989       0.47670263068710511       0.38577740960379947       0.38916231133921225     
   1.1334231758361528        1.0585131870905604        1.1396792120128985        1.1033478411681161        1.1006045900779584        1.0549335806282183        1.1230992831105926        1.2230268475516046        1.2413473436018569        1.2065824545954840       0.89208781672063020       0.92166876193617087       0.93970785357861419     
  0.44383548114418930       0.67684911604978337       0.99111209951344470       0.32650188028895694       0.45556919761393561       0.17077332224072439       0.42427950443707346       0.41304948130007707       0.95539977627813111       0.48336016293321415       0.49676558749997829       0.42537169336782971       0.42439325557541019     
   1.0867567378094340        1.0791944593160316        1.0968831983759424        1.0604138942072885        1.1217282843820329        1.1490802836998517       0.86007790501344994        1.1451361297354394        1.0625222527493843        1.1102615450478706       0.96170616806275566        1.1216710327739530        1.0925915606671392     
  0.47025484287018426       0.69579944201228927       0.99256250193040829       0.35727718646315348       0.49056185998479018       0.19297441630960085       0.44671508347216682       0.44574211348230425       0.96034250020034506       0.50264487799620705       0.52359098906829205       0.46321201652490268       0.45441173126373224     
   1.0617501765040731        1.1524509028707681        1.0159056414224745        1.1526044009467564        1.0793354090285525        1.0965092896994491        1.0575236628144153       0.91190279131115903        1.1245975342790417        1.0380512970364135        1.0965521085859384       0.88360089481971726        1.2210942641086808     
  0.49541242108163891       0.71395458943742840       0.99388882716139315       0.39228514143320481       0.52271580520144323       0.21767390005938753       0.47743911241067510       0.47892063378626504       0.96490771399807873       0.52535018167246172       0.55598141298421477       0.49883160149107275       0.48266086879691555     
   1.0860210755445798       0.97423031735624388       0.99549749513783636        1.1095431932915494        1.1303441259987277        1.0899702796444015       0.98872901703875660        1.1641677140337554        1.1291354549705446        1.0841978305902109        1.1252563643016864        1.1526532490610997       0.97675174204743587     
  0.52160596648652613       0.73367755662058431       0.99494584833745381       0.42699835493206012       0.55728114860407696       0.24378503658088499       0.50781915322451576       0.51159652534885103       0.96871142198393023       0.54442765330687870       0.58639302947102301       0.53063336711103681       0.51641458053555656     
   1.1782458571186305       0.95241113097925656       0.90456399710746094       0.97444259881320106        1.4452164294900673        1.0160105615850592        1.2418551494819885        1.0670008012801466       0.90413194763714688        1.0200262139720240        1.0767858082093451        1.0885481564537396        1.1091801420407161     
  0.54711337252549008       0.75527414498817669       0.99584414480065842       0.47193991554765230       0.58401744970970149       0.27739149367984972       0.54049356111119340       0.54242161018795720       0.97217464284604627       0.56526064663010966       0.61718504886807679       0.56838114922130445       0.54642617703862895     
  0.94915287543606319        1.1388906523326503        1.1439600525871159        1.1160795503532255        1.1988365838917519        1.0897981065883970        1.1570991112551601        1.2019672665772139        1.0913620227466505       0.99923134551382264        1.0883149572114528        1.0758414846732587        1.1492624656652324     
  0.57144730776318353       0.77439765622993328       0.99654678018968779       0.50624519878613361       0.60321279531079863       0.31242110503948506       0.57444572739526212       0.57265473257845545       0.97533242570011414       0.58784622267293773       0.64656304828347955       0.60547089717899261       0.57782092936201990     
   1.0912121923213516        1.0456859550432558       0.95119680729855227        1.0710819786799632       0.94080686348729858       0.97012868535811114        1.2467042298863649        1.1024399204609581       0.97444951998996210        1.0193345704133099        1.2543881316676488        1.1018760402782395       0.97629038547969949     
  0.58884291007361134       0.79247570828239899       0.99713041661324453       0.53276683618183163       0.62477777940283807       0.35308629880279052       0.60708383669158483       0.60517035582978018       0.97829964606859754       0.61089037555090941       0.67694312942749990       0.63381772082186216       0.61269723084379346     
  0.98083714103088782       0.88286323151725288        1.1263455757607483       0.95332826645798985       0.90286963798371700        1.0778036418477854        1.2480616888590850       0.97575738126800315        1.0223251081197464        1.1783111584981125        1.0882227014331003        1.1544615250298178        1.1498412457821356     
  0.60702392875996236       0.81139107226160367       0.99751895497302434       0.55777164273542412       0.64614350219306782       0.39671643603046625       0.64045929745949248       0.63903843489480638       0.98104255987007849       0.63210685736913552       0.70442610592048316       0.65959213912948378       0.64890139389859669     
  0.88664636420290566        1.0957005008906839        1.0198770970955875       0.88727163026522060        1.0246245403023142        1.2232104613929884        1.2676455425930124       0.95556367026740885        1.0438798745569289        1.1359933896954664        1.1942836136621835       0.94056779860978634        1.1155143319303267     
  0.62519795012392010       0.82985327538865017       0.99782512147122626       0.58194110565177448       0.66865497238764515       0.44478872469510161       0.67489950821917444       0.67111482081467932       0.98412957419332048       0.64570678850852214       0.73241234172230096       0.68781974348085351       0.67160112480255796     
   1.0414456766099889        1.0850568643204683       0.87232613523650915        1.0748986879783025        1.0800422090175577        1.2220577163687312        1.1766731978908838        1.1453060891503459        1.1559383387916982       0.89205771184537508        1.0271012244967035       0.97968253021462448       0.91093431704560013     
  0.64312756491463963       0.84651753581396039       0.99807510419709100       0.60660805982228583       0.70346008278224592       0.49290886484881580       0.70640400813766779       0.70079157847003382       0.98611276984158303       0.65843979027888933       0.75988541546805743       0.71869512884647735       0.71435348479140337     
  0.95324785443713211       0.91379723334343788       0.96919828615567838        1.0242000783449163        1.2423077474738040       0.96542331212533306        1.0176933441207805        1.0930240237624391        1.0556121138455665        1.0281796257351616        1.0604220164322129        1.1938814699993945        1.0767852641324436     
  0.67131808297080464       0.86582661329862731       0.99833366601693097       0.64824566984228538       0.73929196484579818       0.55089603526782271       0.73771314797019649       0.73084198858665206       0.98851829620887266       0.67150262366737767       0.78909261633375571       0.75158420520568481       0.74763130888564799     
   1.2715640560099191       0.99304430806080835       0.88162641876194647        1.0073697237737644        1.1532573294110828        1.0413949890547827        1.0431020313240345        1.2148313482972533        1.0743431322268735       0.95779308946647856        1.3558440737140480        1.0934360680075621        1.1047626175341210     
  0.70071756132318908       0.88420853722809056       0.99861736599217477       0.69156554824903060       0.77285743781277183       0.60695509849530993       0.76829417191284677       0.76302933573536358       0.99073247657588526       0.68703702161133984       0.81752540016822761       0.78661886783274171       0.77886534770017957     
   1.1691945565527551        1.1169209782034408       0.95760396408798920       0.97828243357361000       0.94243162021216342        1.0433496345883646        1.0849018284510825        1.0299560781999824       0.98962521159026029       0.97295489597989682       0.89953299158713995        1.0329260190908085        1.3488278960732334     
  0.72945864781957870       0.90625274458507465       0.99893049848053694       0.73500907979202135       0.80477845882043042       0.68080168422578635       0.79743736993108816       0.79780025317785030       0.99174342918374814       0.70451381140210145       0.84476208335960068       0.82328928457750128       0.81178716839742848     
   1.0251184759860470        1.2164905366967567        1.3671023015345640        1.0931917588260236        1.2836681406356663        1.1955636053107743       0.94229004643382597        1.2242684358858176       0.97526759450446865       0.88923198814557314        1.2268899542465734        1.1878685377882388        1.1990789392505372     
  0.76260554306854789       0.92173344049452544       0.99919797789687270       0.77919593104491092       0.83658716151798529       0.74941544711621733       0.83117453026703003       0.83287238676597897       0.99285156947966990       0.72702172772417639       0.86917331162138212       0.85553850034435242       0.84295787848805004     
  0.99208487596120076       0.95359239872215906        1.1357580059455610        1.1873575210321321        1.1351919039250287       0.99095023833516771        1.1314076479575785        1.3260805943687659       0.91333654589909774        1.1188233876385250        1.0189141785589007        1.0788425474131169        1.1331996683484051     
  0.78970151911592090       0.94185435618983460       0.99940154627343669       0.82625162689243470       0.87228026104998735       0.81593016141123564       0.86384746171592952       0.86711279225738180       0.99400821281791107       0.75169523795303816       0.89332177610576524       0.88775869450402389       0.87944247860202251     
   1.1178820578347144       0.99974904553405641       0.99112798453246675        1.1614307356499731        1.2080526285110607       0.97145264313817559        1.0233954724229486        1.1895908879048747        1.0683958907297615        1.0688063717342029        1.0057827019889778        1.2336228067031512        1.1177581542972437     
  0.82487211949560990       0.95956976045170317       0.99957337002036750       0.86930828082648004       0.89975409001256001       0.88424171714008026       0.89883705046761619       0.89845902928432997       0.99509204256690886       0.77544339790188310       0.92080612622154623       0.91806728813881833       0.91121751267191331     
   1.0703829880386733        1.0076122162808392        1.1064999706611025        1.2630322138553476       0.90465713310715856        1.2015826466128285        1.2503316197522729        1.0399872548649551        1.0352988807327728        1.0785967693396004        1.3433228102925823        1.3535350839749105        1.1110970309086201     
  0.86496448945331661       0.97324763831714201       0.99972073477472856       0.91399824584688893       0.93300192727820053       0.92696708621152502       0.93392351358874204       0.93081301864455235       0.99641830953158839       0.80569326165225019       0.94485700148490137       0.94513047781715065       0.93938165621661052     
   1.0035870169544581        1.0279769914298820        1.1719005482484062        1.1643819202500667        1.1665215181532720       0.91165020872460822        1.1238341260345246        1.2073020017586831        1.0792802626778373        1.2059809011018392        1.2030444660040069       0.95402231444880925       0.85605138277700432     
  0.92241974141722693       0.98668072111029481       0.99986215946476809       0.95229120529865485       0.97231147176585808       0.96449347528313145       0.96750109137224671       0.96560695705076727       0.99813920931046474       0.84440948228083335       0.97459285298117149       0.97357756366773407       0.96584823236226447     
   1.1839010439128679        1.0404642449188350        1.3920978405473106        1.0352512159684766        1.4169150903774781        1.0650010367798928        1.2440292040137362        1.1791495018234810        1.1672941114920636        1.3265193111865452        1.2247349246129717        1.1283504228921568        1.1194121957781873     
   1.0000000000000000        1.0000000000000000        1.0000000000000000        1.0000000000000000        1.0000000000000000        1.0000000000000000        1.0000000000000000        1.0000000000000000        1.0000000000000000        1.0000000000000000        1.0000000000000000        1.0000000000000000        1.0000000000000000     
   1.0341797745686514        1.0781755955090950        1.6826764511676546        1.3840356119319905        1.1836591889256169        1.1225392110498829        1.1109544946193983        1.2139741935189088        1.1791553120705773        1.1955521888767131        1.1297187948037384        1.1722951491157627        1.3461274337183109     
   66.107762833084479       -53.626360471904661       -21.828803238625085        10.114746784039914        42.461806197728293        49.282780735782680        41.332688778460913        35.664953298563269        32.597662271170236        37.977422256520299        50.799857604415905        33.570003275682694        44.335664124255999     
   62.708994441175498        24.678157138598110       -21.491202956010305        43.319813549393558        35.292947519370500        45.884499518439554        44.339457631760126        54.623909245332015        28.773565853001767        40.966724816467455        36.036794305568193        29.933112907470807        62.371046285916478     
   40.793112137791638        82.475298699122703       -12.388698298310578        58.251300084581089        53.657126592190160        33.964809936351749        61.060423793483537        58.102790507087498        24.924636918728833        38.835581616153135        63.229495460382047        37.387165069264917        60.783574570986239     
   48.491818620250498        57.385103286206231       -26.478790816683613        51.583017446165620        38.259867812083684        53.773908542073897        47.171067763877176        51.214463315690189        13.973203011299280        38.215357358863706        59.818350212546498        42.979176655296108        44.728641232101026     
   56.450748985644367        65.670435014111192       -26.685449010414601        63.230215782285960        44.149327673484855        50.732959068738879        36.822270318594292        59.553510095828798        15.379647464787151        65.184050284855473        46.151484275777989        46.998435177332638        44.250363670503404     
   46.599105958778203        38.315617458421684       -11.661737867688199        54.443049400793946        47.725028798327152        50.646717731126998        53.228279097929693        57.398470881295950        17.476428832768878        67.532968473624621        44.222659663349852        66.971950725453723        45.557985211511514     
   37.700770957929350        42.314180506120785       -3.3988026441743635        59.047158819591765        61.907703332241830        32.645642081783166        50.658379511840458        50.957139319927265        27.509142078930932        43.073208896612805        50.860815687231806        45.585375023963053        47.807701628851049     
   47.059438151169729        40.608701780400494        67.071692450638068        35.582334589062938        48.960263502239826        22.698139194206107        51.837268361330096        38.764859103173862        67.352034097888080        34.095121215457212        44.566154557099075        42.056886622365944        55.386548309867145     
  0.12996668611750464     
           1           1           1           1           1           1           1           1           1           1           1           1           1
   4.6969297471061260E-002   7.3407086146555899E-003   3.4518630022303891E-004   39.936188190425142        2.7351992039040891E-003   2.1940580550427221E-006
   1.3925591244005856E-003   1.0879265888150823E-003   3.5941829680163863E-004   1.2991787560863699        3.5925790657575347E-004   2.4695990321205258E-007
   1.0620334534730684E-002   51.392489210072490     
