   0.0000000000000000        0.0000000000000000        0.0000000000000000        0.0000000000000000        0.0000000000000000        0.0000000000000000        0.0000000000000000     
   1.3476467585397103E-002   3.0019320324441118E-002   6.1781158400449294E-002  0.19315552670408342       0.11618983434424834       0.12230388843549109        3.2318256497544516E-002
   2.1461498326251034        2.5965458761264095        3.5116874513155110        2.2496584194922247        2.4639340085631725        3.1396264993368357        2.1239203345119124     
   2.7664779588431145E-002   6.0196098419416241E-002   9.0627119762323877E-002  0.28223817753425440       0.20848101346117465       0.21297690027387048        6.3642941035485692E-002
   2.0824314397212338        2.3227045745207993        2.4411396555108911        3.2192477934514985        3.2048995269553999        3.8105465026766274        2.1292890819075931     
   4.3651673044721666E-002   9.0550645059570042E-002  0.11419106212107494       0.32634316674859482       0.26723115600197828       0.27104148843396797        9.5311996401214696E-002
   2.3324126741577982        2.6584703050709710        2.0148510049447896        2.3483594069740814        2.4993446187305532        2.5864271940465415        2.1505185121904065     
   6.0138675336826583E-002  0.12053946718525663       0.13651561783617161       0.36549417002134849       0.32536490303193738       0.32769121322176453       0.12678298259680068     
   2.2720656523714600        2.1387029397722310        2.0783305440391771        2.2527831371426230        3.3066645423355410        2.4725482990033743        2.5275279744501851     
   7.8521261659786137E-002  0.15203859158994729       0.15747601794019633       0.39506477014756375       0.36613694708869887       0.36872787091778259       0.15955322882959594     
   2.6068377825752500        2.2028895676120639        1.9375743466216802        2.0144544634303778        2.5570392815751357        2.1547544494943467        2.4628126701202038     
   9.6948687036251674E-002  0.18359738926696545       0.17986295058643165       0.42722160611237536       0.41015880774639313       0.41344224470559876       0.19114471096454255     
   2.2366020933528130        2.1472787993641043        2.0904587819822211        2.4625631422296728        2.7185544896975946        2.6806770043952284        2.2536369980939148     
  0.11631779721845947       0.21469975212118050       0.20287290910372988       0.45411519784980059       0.44711442294837844       0.44990166482953747       0.22197242252062571     
   2.0999740203969917        2.0571256615616793        2.0578578662878613        2.0349368565289625        2.3754700724571642        2.2685870883394461        2.3657765657378289     
  0.13582328157168233       0.24543021843840054       0.22571509806701026       0.48343226487448915       0.48330427669020365       0.48763187217498982       0.25226441390968185     
   2.1941749990817550        2.3682567292673631        2.2186353195149660        2.2722358752523233        2.1829071270284901        2.8035075569234684        2.6065180978903526     
  0.15655037056783022       0.27597504789824734       0.24828095239285913       0.50721405151330334       0.51267751012515084       0.51528456891962171       0.28341321615520260     
   2.3108031763444892        2.3217877638443682        2.4355993586528162        2.2847206702858061        2.2924925717941371        2.0825120731904154        2.3821663693502595     
  0.17809968114182934       0.30642663927632130       0.27132281320921042       0.53148058104025087       0.54189371120545204       0.54397275134084566       0.31507759835420918     
   2.3365448430218541        2.4729298280280654        1.9594708995589789        2.2597269872261556        2.4171495236022560        2.4804088227436702        2.2800491925705786     
  0.20081414297225764       0.33750013585934668       0.29402623263918076       0.55542222223501514       0.56796173013968598       0.57194229811887798       0.34626610720476753     
   2.1042796677970772        2.5557804224553133        2.2173969355160268        2.2514560152468777        2.3222672596222771        2.7239820974003908        2.3755565800436775     
  0.22403994458729889       0.36911110288605742       0.31645807772932627       0.57943706305118570       0.59404427112575986       0.60001752700208910       0.37770600932812970     
   2.0733181845646436        2.5023043751022422        2.1743066335989729        2.4568390609171997        2.5880836565606291        2.4386358972240147        2.5902695161086924     
  0.24910223382271843       0.40009995141245769       0.33970127889525548       0.60066413020941434       0.61650576084892506       0.62352253588358175       0.40805707588130524     
   2.4255304045622732        2.1856333229680014        2.1459353692658589        2.5678533142587172        2.2835845735844487        2.2507799015503718        2.6628563976134165     
  0.27469448443553668       0.43057424733584310       0.36331135361521988       0.62185612393423717       0.63992662748106011       0.64800668713518084       0.43904827579904721     
   2.4248619038439476        2.5078145689177771        2.7620883293088321        2.0490547138913904        1.9473671581424872        2.4664756922938196        2.0512561076133280     
  0.30254178545440519       0.46119500072787434       0.38713201075927645       0.64241734104212322       0.66298973884684276       0.67258320016662398       0.47047282927939965     
   2.6218957743883888        2.3228562291784742        2.2533484867963258        2.2970536675423352        2.2930540705702493        2.6164682676140232        2.2711098219835946     
  0.33215938758547908       0.49293771914670248       0.41134716774914332       0.66318879155991484       0.68634068025711936       0.69681163251542289       0.50229191246975358     
   2.3745695582996933        2.3412424570940877        2.0567287315262575        2.5540772441395476        2.2976816928019193        2.3766014089040275        2.4584584244088807     
  0.36531912525557542       0.52551736777125480       0.43686412053560142       0.68129281570736766       0.70797492692488151       0.71854331914454606       0.53388113951946892     
   2.5696684420124818        2.4035171497341810        2.1799232961565216        2.1278479364329708        2.1711536962772038        2.2949660519875681        2.1072092822256554     
  0.39966936145612181       0.55799673607636346       0.46279313943646377       0.69971321483042626       0.72986543458131636       0.74158495303855676       0.56471641507680448     
   2.4717977755201606        2.5882478156208530        2.1933309595000590        2.2586778113024661        3.1800112453916247        2.0107930820081776        2.6501792784971125     
  0.43581923325843580       0.59054895913932104       0.48972014165497479       0.71745077568651161       0.75209570080592003       0.76503741943295633       0.59545020992756825     
   2.3885043649890694        2.4101445204988567        2.1722209016441436        2.1521185312488664        2.3064055000372106        2.0725893933069632        2.1797988917261328     
  0.47342316773010329       0.62350115784181503       0.51754322732372970       0.73487983429655679       0.77404098444783243       0.78730639010390435       0.62674186716846592     
   2.2640462806921984        2.1515713084954049        2.3064851356501079        2.1610559534217102        2.2351596564671312        2.1525912301913057        2.8565289865837635     
  0.51351184995166455       0.65641978974342685       0.54625509360263313       0.75046360702537174       0.79463769286006980       0.80810346215683637       0.65848947827255233     
   2.0075285201361313        2.6076321264319984        2.2604251655395635        2.2938790010783823        1.9869549197714633        2.4945154045025841        2.3953752871398883     
  0.55578859812362080       0.68876248159981546       0.57427319272510624       0.76607748036443890       0.81510474483153639       0.82874802399644065       0.68998756347030432     
   2.1918187819777768        2.2747840087714333        2.5056963014173577        2.3415531724123526        2.1610682226107381        2.0402901439744121        2.5050668736134867     
  0.60155127219487881       0.72080938853571364       0.60235653138955969       0.78100780163081318       0.83498956363604526       0.84940119017776550       0.72102133940192603     
   2.0503875972565706        2.2588669314508465        2.3173550195619015        2.5120856575363670        2.3274536104741896        2.3914986876560276        2.7012471882169056     
  0.64913211498726908       0.75352965264808325       0.63133956075010711       0.79541603060988364       0.85433893080270651       0.86909825486327807       0.75144081768295112     
   2.3390688105776420        2.5439402325269849        2.3765937982205938        2.3787891486721953        2.2267647466827718        2.2335530456135118        2.2130398853892492     
  0.69885717445463591       0.78459594584798065       0.66363976792773505       0.81075412129735047       0.87246574941641020       0.88686301684465074       0.78252207348083480     
   2.4211266500504247        2.3484736890079536        2.3902390714219086        2.4264491803845885        2.0546062891437011        2.1879837386076573        2.5115755843134377     
  0.74931128203690367       0.81529800266644648       0.69658196372012782       0.82558914461529975       0.89133453058545187       0.90480092184849770       0.81311560155550766     
   2.5226749906711889        2.2683057277917822        2.4369926617812689        2.2960642604162729        2.0804152312379731        2.1782377180249375        2.4751520740562496     
  0.80015763654362793       0.84545173634718895       0.73338293176157976       0.84114638559013089       0.91024954222685772       0.92124750915935250       0.84398911853821756     
   2.5574997796143286        2.2767214056351386        2.4672924112958867        2.4303634403037551        2.4614536981287904        2.0941712210334540        2.0469355077280200     
  0.84604264083900871       0.87432308080853638       0.76996665587453617       0.85637965829864804       0.92855130278396036       0.93915052912702701       0.87499223486320266     
   2.6075027546124954        2.5261982698549428        2.3390320555879414        2.5383689611391849        2.4884150849024529        2.1966180439445897        2.4019869942180416     
  0.88643399212159957       0.90349502066602960       0.81427188129023387       0.87426441181021097       0.94636340283727549       0.95469394647263117       0.90628638849624843     
   2.6283220821396509        2.5217269730136662        3.1366345257812567        2.5425163436409326        2.2946152942164346        2.1323340896123821        2.5194817109277721     
  0.92490452755374652       0.93284883248487172       0.85559163371187863       0.89462720842249044       0.96382263954609271       0.97076923760393707       0.93738467936415604     
   2.7711385191190043        2.1406179122729077        2.8351285844039213        2.6462693310185927        2.2283609694831745        2.4525662537290271        2.2876553920735954     
  0.96230028900758979       0.96567998829741031       0.92352327777999821       0.92894966089347819       0.98189441187942050       0.98535369387183913       0.96890382629137251     
   2.6801999538766927        2.4361782107158767        3.9768271945667584        3.3200272075587338        2.3128079490097297        2.0992208638776502        2.1376392313010872     
   1.0000000000000000        1.0000000000000000        1.0000000000000000        1.0000000000000000        1.0000000000000000        1.0000000000000000        1.0000000000000000     
   3.2348069431350988        2.6701426593990298        2.7449602970177840        2.3976666078409234        2.2728418652879299        2.2813769297722599        2.5401714832328661     
  -2.0152827339762314        3.8263014631010583        4.4761235088695042        5.0056065462564368        2.4683087391011522        5.5621310002168247        3.4065328881869017     
   4.6521215546710550        4.7200850715261957        4.0092287768821766        5.0791428065331763        5.1336635184500539        3.0906484103006875        4.9153681649678020     
   6.3404575007380490        3.8015900282822588        3.1068091948823642        3.8373746025759741        2.5405975811551773        5.6845531801432356        3.2019413891063047     
   7.5551183935589519        3.5328967791445769        4.4612043794619263        3.8141075012487327        3.3036074191280931        4.4018380111825497        2.9439057354806017     
   7.5738884761239191        3.4294029430253996        2.8873930435437889        3.0739080202683455        4.1070695875107335        4.1726802388654667        3.6452637735705378     
   7.5739488320232686        3.6987201633654134        3.5586287005043689        3.2486597058280688        3.8882293678917308        3.2534759459166875        4.5970007720064210     
   5.9037992684630085        4.3467545448178919        3.4062943876895284        4.3264370742215679        4.0744186841291947        3.2223969060392199        4.4860062020749520     
 -0.52150962020272551        3.4566204714677240        4.2274327326856236        4.1386555299483279        3.4082649352758736        3.9244532058054094        3.4349572886925213     
   80.869380949606395     
           1           1           1           1           1           1           1
   98.354758922207793        83.696673075991541       0.27571226724990161        3.7987215532775700        2.7543896381088806        5.1994463462551606E-002
  0.37937097278847220       0.45030992520754287       0.16008923317042809       0.12487788249221593       0.15940962802768485        1.6811663208596444E-003
   3.5266820033425260E-002   4.2167624776767889     
