   0.0000000000000000        0.0000000000000000        0.0000000000000000        0.0000000000000000        0.0000000000000000        0.0000000000000000        0.0000000000000000        0.0000000000000000        0.0000000000000000        0.0000000000000000        0.0000000000000000        0.0000000000000000        0.0000000000000000     
   2.0857527092751203E-002  0.34919716548540658        3.3728947097027791E-002   3.0624161149330798E-002   3.0443347924789255E-002   3.3001856292218724E-002   4.1083023757189946E-002   2.8668049728912345E-002  0.38278417151944699       0.19856551256607219       0.13808180218422766        3.3617284673158179E-002   2.7524008812034734E-002
   1.1794465099924873        1.2408913746958772        1.0598846108602129       0.99272584314210366        1.1682883877133396        1.1179835217278868       0.97455124992332265        1.0481056902619990        1.3109947963892075        1.3480655190613144       0.97335354550194098        1.4649667945852822       0.95864279287451892     
   4.2864312655417139E-002  0.44129713834347883        6.9423743069551236E-002   6.1915635183502002E-002   5.9602373308861846E-002   6.5841857197629042E-002   8.0246353644812682E-002   5.6838050697853970E-002  0.48866855876007181       0.24852965028092383       0.21016263836948310        6.9570284309908303E-002   5.3699785616147036E-002
   1.0016742407238091        1.2994565005900085        1.1536274296478892        1.0409591627618711        1.2855358080006796        1.0484952703394217        1.2296619535704503        1.1744752991895115        1.3206766258145104        1.2809218139615528        1.1904780336256597        1.4489567394655958        1.0239109155330464     
   6.5964575994384364E-002  0.50608254208805237       0.10190478285222498        9.3915841748961948E-002   8.8082637447988540E-002   9.7536286043813522E-002  0.11169100654838805        8.7525220167302631E-002  0.57807660862243238       0.28617010629582151       0.24322552701011077       0.10324848703340263        8.1287807463452835E-002
   1.0585913761355403        1.5483038097533177        1.0186591390686459        1.0833856640293635        1.2377662368297093        1.1549734612973730       0.94941156007598515        1.1115355759325329        1.5409820149574813        1.3235526432818443       0.97613445604961657        1.3100954986879203        1.0752192280659787     
   9.0953249551096349E-002  0.55284184964629657       0.13541393717507699       0.12575198905252677       0.11682420237303730       0.12915491589669603       0.14576364395317579       0.11884331754177367       0.61497133691660788       0.31483245517194464       0.27040448867470185       0.13902716658565095       0.11009711455401788     
   1.0432003772031537        1.1518130267805746        1.1366489742876738        1.1705666138949320        1.0444303753525646        1.0820276918420608        1.2241897077272785        1.0796724583077282        1.1916732133766361        1.2685285773830761        1.0292977138359261        1.5671463545530198        1.1574067068072627     
  0.11860337636592819       0.57835854992814206       0.16584206116674677       0.15941827336277775       0.14743033056379712       0.16032636424754515       0.17646773473697089       0.15158595283796342       0.63113443105755962       0.33343267115546499       0.29313685943697831       0.17119843243561114       0.14305242504108839     
  0.98960454921289431        1.0891513970625935        1.0887195170171944        1.2174892672455426        1.0536848861691603        1.1824645884836844        1.2690417375719800        1.1398414063568341       0.94986402749079413        1.0260299884402275        1.2068835434809402       0.99182487998001923        1.0754901445402607     
  0.14812276075392969       0.60658755978993950       0.19777967052746598       0.19248517685618244       0.17872264070117083       0.19039709496637686       0.20662148627254515       0.18144565225818904       0.65313452053452614       0.35428965568966553       0.31825179214230181       0.20287497675405469       0.17935474029497922     
   1.1945618246893173        1.0012135073142010        1.0872283519757144        1.0915681658897991        1.0970974221620504        1.0926468437740118        1.0526786196716689        1.0212679836576466       0.99505628027168080        1.0713116769677777        1.2165733931548530        1.1666538461805624        1.1628219659349728     
  0.17922388716571272       0.63006528932371042       0.22765706555787033       0.22422173745212401       0.21033455900978296       0.22050337118954985       0.23581609302757697       0.21071611451304526       0.67538333420517960       0.37169889485021834       0.33683889474127165       0.23283738554601274       0.21601688648774095     
   1.1166277927252750       0.99516568477833645       0.90975195819751964        1.1635381743380053        1.1697353254710015        1.2082711115503917       0.99270129559819731       0.92877546433229619        1.2657150900790350        1.0229478450378235        1.0889008186924840        1.1179944632130672        1.4175118961332449     
  0.21037012058923685       0.65220185137437536       0.25821283547410817       0.25585143749121125       0.24217339909127342       0.25278984709139135       0.26656835116478012       0.24127211481723826       0.69524427353491425       0.38955746453785423       0.35794293865414623       0.26241799800111076       0.25356641590270396     
   1.0789522264286637       0.99081592367936988        1.1335570746562620        1.0652767977925486        1.0415478536240745        1.0727330394588792        1.1704837107646817        1.0817902861799200        1.0179395080354758        1.0331901395734153        1.1532523748762087        1.0533168918878342        1.0999402187952385     
  0.24110287735732064       0.67193501236229769       0.28734592443807577       0.28705061631254775       0.27411512328130783       0.28680470831745875       0.29889653282473272       0.27186451483591795       0.71122370665798917       0.40478664426611749       0.37963440693963640       0.29098998802075721       0.28895298908078959     
   1.0448261947426400        1.1402584535549249        1.0863430756278327        1.0188604121407743       0.95373303681864885        1.0435470870913193        1.2718069986320735       0.99731500408967932        1.1382954867663899       0.92044019987927783        1.0948787543952543        1.0587765518847998        1.0924319309625765     
  0.27188516852631855       0.69218638593878190       0.31647181022855730       0.32013364551320211       0.30752292096376665       0.31852784005531715       0.32984792185882428       0.30420500568245173       0.72646314648612331       0.42024157493269165       0.40102249771177673       0.32009332360177123       0.32385539807396901     
   1.0095448270292895        1.3121323236270248        1.0793950797506509        1.2541901309649530        1.0415434200076648        1.0175992766131754        1.0803661468490018       0.93719089442514880        1.0299815590497017        1.0943944859058965        1.0686944083412639       0.97927682323836462        1.0684228324141187     
  0.30184213816983319       0.70997181767332906       0.34623879787212614       0.35234001523259600       0.34204964997911963       0.34893621992581914       0.36052958652612654       0.33673848523861860       0.74171954087818248       0.43518747244038064       0.42350582664442832       0.35040320350064891       0.35578419379070786     
   1.0390760353286033       0.96389442509484979        1.0033262558259610        1.2105637551357462        1.3203371441182854        1.1017217998987194        1.2295646779439562        1.1609475609124074        1.2048000553371172        1.0760849654098779       0.98856815286289756        1.0948493374057766       0.99885544795370884     
  0.33113956852702392       0.72672753234937337       0.37476921638565597       0.38456901261319193       0.37715848229222076       0.37853293296311075       0.39121762164254659       0.37141137859566392       0.75742382516774842       0.44982832820891866       0.44548499412558712       0.38159975603111979       0.38610201438376779     
   1.0729330532559211        1.0927586111107468        1.0460171140726811       0.96465025619437339        1.0820136335744355        1.2865351758251140        1.1607694231518981        1.2399400303547543        1.0122310041526372        1.0426775876845815        1.0260887411515902        1.0979255364258043        1.0060582063735566     
  0.36031880819597284       0.74344795685574649       0.40432762148017354       0.41432648185541604       0.41041231247291976       0.40784724364157293       0.42280769910184102       0.40465952698610419       0.77140815104170180       0.46391678284608517       0.46971056080622176       0.41188199140192761       0.41477253732199965     
   1.1376695045525329        1.0428680425720676        1.1603077345166202        1.0468822441005241        1.1899550137665953        1.0558192949775547        1.2233222378501658        1.0954368680314963        1.0942997278818141       0.96307549219805522        1.0646706799490944        1.2560596227836491        1.0714510953805827     
  0.38939848957727075       0.75926051322399213       0.43443634687376620       0.44283700328150083       0.44011475069842454       0.43712607680134252       0.45271178831857212       0.43815153202868956       0.78390958182780601       0.47812443740412586       0.49499953984922496       0.44230254670530256       0.44294561388176062     
   1.1282129148643369        1.0833912537481214        1.2622099327104863        1.1193698985553462       0.99662189985342098        1.0150641020527060        1.1848248820250511        1.1229379647345445       0.97499671694059453       0.97354452111616341        1.0950445641222346        1.0141922043005061        1.1392466534987664     
  0.42140795778336820       0.77429934942232070       0.46613684892397939       0.47200557820802591       0.47089399123029896       0.46821255076612162       0.48046644336635597       0.47231413244242992       0.79645291717210553       0.49182597390388949       0.52198881185885126       0.47101779510543085       0.47309984435675262     
   1.1601318718610172        1.0594931949110211        1.1289789372119621        1.0673020300859735       0.95964383342604265        1.0722175181528688        1.0325044653924260        1.1922314135621761        1.1568690028447111        1.0303480076040519       0.99227938197896171        1.0321669634608748        1.1481764731970230     
  0.45368391274969827       0.78761089791488814       0.49784527354562857       0.50385518870219936       0.50212467229026980       0.50073118289934426       0.50701415654370541       0.50464327854689861       0.80906002346620365       0.50554265040689783       0.54947291014414634       0.49814835032498589       0.50289134981526795     
   1.0770758208611897       0.95035672148349215        1.0940239274426427       0.98322541724514412        1.0772963576913708       0.96674080976433663        1.0001987017111555        1.1750870891875793       0.94914088307144284       0.99758866514316902       0.97777679488066305        1.1832169655351759        1.1160552438516005     
  0.48511140027684130       0.80015597579635678       0.52873690970571674       0.53638982231226351       0.53569992075811756       0.53167838945597912       0.53343899260220307       0.53497310193888115       0.82094364324542679       0.51887532071743869       0.57904379100238912       0.52298112275064434       0.53177373939031070     
   1.2357938974755238        1.0373805981619559        1.1511292046336130        1.3221104412816158        1.0311551581163907        1.1247205002963330        1.1781488273959368        1.0518792743328713       0.97260124176512852        1.0278569366379466       0.99451852776075711        1.1417898993362643        1.0539345892048133     
  0.51610552122420872       0.81208273289896027       0.55853738925614649       0.56757767132971793       0.57053674971609758       0.56042300009792745       0.55994092719074917       0.56308374233917757       0.83226829798570179       0.53256223343012987       0.61066389199520854       0.54634511253173001       0.55870053888168936     
   1.0311083390061930       0.93640853576994487        1.0479680951765549        1.1434083996016848        1.2176168453220440        1.0771698844341848       0.98423488389028102        1.0754481515148213        1.0793262415204159        1.1110422887729487        1.1744938607375872       0.90442014495377510        1.0144236208751662     
  0.54701611137294481       0.82394860759662114       0.58698694341074220       0.59785341516720381       0.60645417177313010       0.58957618583921312       0.58650047268039940       0.58961508027195708       0.84294737250246876       0.54632171210410041       0.64409699385680352       0.57077124411120761       0.58592119200240655     
   1.0120437179024919        1.0249726865105908        1.1665211044300348        1.0024324366303370        1.1282388009687279        1.0604585794543107       0.93261082990939759        1.0706818596170196        1.0422624537597318        1.0115773655067624        1.2414009483994770       0.92165747737959902        1.0599181330988867     
  0.57976434974530877       0.83533828962175105       0.61642523944878103       0.62902698998290629       0.64365559097981428       0.61847342319425203       0.61551986910177636       0.61672641986337728       0.85329799735602052       0.56132342608196550       0.67816899659648666       0.59499680414424183       0.61411975709614364     
   1.1902947407159024       0.96410516772509358        1.0449423463453100        1.1359578474077365        1.0878892368111210        1.0859834262984034        1.1869357141534169        1.1243162484283671        1.1294873101631320        1.2214109025875011        1.1617248228857391       0.94476664097181429       0.91885338776313674     
  0.61216975326029988       0.84763814983971231       0.64784623751939019       0.65766489480847445       0.67848383388085842       0.64857114645784164       0.64413380157683653       0.64540180458029206       0.86342670263894139       0.57697736773620123       0.71317918532151403       0.62040635252556642       0.64528227714363717     
   1.2392106871496351        1.0210093772617883        1.2119816895425779        1.1766897400493737       0.98113700847719154        1.0200839109512225        1.0510400253612115       0.99559562275130564       0.93655659120045209        1.2037562287835248       0.97073523923853100        1.0902559977967401        1.1406458240348059     
  0.64493161637195850       0.85961663569423241       0.68088708398356101       0.68655572719581515       0.71113183249267775       0.68026831299812329       0.67279836907611357       0.67619196787754876       0.87329519233600184       0.59323413683270909       0.74617994644255858       0.64456765593739829       0.67966138416821054     
   1.1724704025802031       0.97922010814626137       0.99485345657131108       0.91894340580592415       0.97670882782754531        1.2614831140506655        1.1178065782459152        1.2071456045680500       0.96706650324873300        1.3186864678856416        1.0858208639115678       0.99903941544947827        1.1423772926928164     
  0.67928509064708864       0.87218372003117572       0.71154088539386029       0.71585128535356868       0.74191142120894371       0.71427652356846449       0.69989053449065319       0.70684007175341623       0.88285359544384201       0.60905548149895161       0.77825478361534528       0.66932052583448776       0.71405336406452657     
   1.1404886870069482        1.1404588445665309        1.3663467814822401        1.1454824104040358        1.0692762386291306        1.0742337498199170        1.0562548240725711       0.93463211007028657        1.0583980433750861        1.1227061578764195        1.0511422183723296        1.1638940402974205        1.2251803448889802     
  0.71436676793500731       0.88431521432590754       0.74057389653491379       0.74650224207484950       0.77079883617173195       0.74818778306826395       0.72692830490295168       0.73861753585896972       0.89278414823241259       0.62539511549910898       0.80825497891007547       0.69554610977250253       0.74847410844218765     
   1.1238062138596434        1.0454062374774629        1.0867501536282891        1.0162253171564695        1.0191006536180294       0.97489295563504108        1.0589775497023322       0.99943169775644369        1.0351469414038250        1.0057124804317488       0.93014619502330464        1.0430709524232569        1.0302906612512699     
  0.74915618881154344       0.89688851640918343       0.76927170629030550       0.78005797037217917       0.79904645827772802       0.78137283877493069       0.75603945729581712       0.77031066441308871       0.90296494886956247       0.64163543166985282       0.83882995352905854       0.72699726606023618       0.78350416569493231     
   1.1297471876499252        1.0456608649637202       0.93741780699887067        1.2023909041302079        1.0777627805481329        1.2218493904195324        1.1400392131546282        1.1757252741265538        1.0333796798674588        1.0689817410638047        1.2713407582344780       0.97811534888437357        1.1267914563959789     
  0.78283503153730916       0.90926764992407039       0.79742893921928226       0.81263096846055694       0.82773768196859665       0.81285242869622409       0.78603948089041642       0.80248014833570536       0.91322376548427642       0.66099174737450106       0.86920667213208802       0.76389619320194269       0.81845321340087129     
   1.1908705070399837        1.0481959044747684       0.95550256392995303        1.1526333229040095        1.0599495362018514        1.0981764267556950        1.0768646344137509        1.0679063299439411       0.97890364437162103        1.0778167978391839        1.1763505684145863       0.95778302733085263        1.0042010065556983     
  0.81666861667035062       0.92157247502089079       0.82688858605550397       0.84501671499356290       0.85774734671534747       0.84262556237357500       0.81735078000929062       0.83637669475050236       0.92369626407739547       0.68169712357406098       0.89795837426326930       0.80398376674804573       0.85060445426377818     
  0.96900332783947762        1.2659946454197646        1.2248551475130491        1.0846517902465553        1.1927718794250415        1.1169055684681746        1.0863757292015974        1.1784312005645439        1.1088421157068487        1.0944324317517691        1.0329631401756536        1.1392052307161684        1.0717369674264408     
  0.85047016457027969       0.93322639048882794       0.85691764672445458       0.87589258670873571       0.88753971234717088       0.87303408660740356       0.84828427062892564       0.86878290425111582       0.93404144149471802       0.70519229117104298       0.92275477260515959       0.84487283903749455       0.88285319157262321     
   1.2099910372324192        1.0714978520608511        1.0300249884765671        1.1334194941111346        1.1800588503132905       0.94938287308733460        1.0933985843736720        1.2550580861392535        1.0572136628995241        1.1296081519699779        1.1829127665067656        1.0492198130629877        1.1261799952352982     
  0.88503518958428373       0.94608285710674889       0.89043676965144869       0.90607585777535060       0.91636304189373086       0.90244851284983840       0.88110828599998681       0.90126843356649633       0.94668661266800669       0.73102780460141736       0.94307236166283448       0.88631131583836720       0.91234339587362268     
   1.1154551597948261        1.0149240494114109        1.0752603240543348        1.1363796781579336        1.1300183871162279        1.0359905158622098       0.92162337522768578        1.3008161592253165        1.0814756938837722        1.1216946397319807        1.1156215599564459       0.95272162721160747        1.2255278126423690     
  0.91967854851553987       0.95965245494423668       0.92470933411669398       0.93781283488383760       0.94344989223363040       0.93361457524545333       0.91351361550043331       0.93348364198608924       0.95875771135619348       0.75352673155520666       0.96280847237971368       0.92709121620795365       0.94237199287343565     
   1.0408636149164074        1.1833010841876532        1.1294553316568634        1.1008547346540856        1.0722166200550052        1.2473550631722365        1.0249239251154161        1.0435172568474589        1.1258139576210464        1.0087555393710028        1.2838768673121324        1.1306810040502111        1.2119064060796709     
  0.95660593240582203       0.97686229574207495       0.96068422192039271       0.96926897859616945       0.97223904552358686       0.96506365344633838       0.95397378106583142       0.96719432344575162       0.97901352644277362       0.87630981873062486       0.98177590207651821       0.96376371919441295       0.97087889205289390     
   1.0646943987068569        1.3259731423102394        1.1812524813722938        1.1003050911045951        1.0448519654482054        1.2009472834071910        1.0704019943830949        1.0992215153986236        1.4738890184726252        1.4700604698054134        1.0855727753909943        1.0403421401370443        1.1435741164942261     
   1.0000000000000000        1.0000000000000000        1.0000000000000000        1.0000000000000000        1.0000000000000000        1.0000000000000000        1.0000000000000000        1.0000000000000000        1.0000000000000000        1.0000000000000000        1.0000000000000000        1.0000000000000000        1.0000000000000000     
  0.97311227649427645        1.2657466840054405        1.1577069695397424       0.94428695484877800        1.2196504254753386        1.1161483985041494        1.2043185775605973        1.1200942229066486        1.1231361046806787       0.86472603244059121        1.3371369120012302        1.1063758352283770        1.0949624040938954     
   3.6530291896465443        1.6397582183680439        3.7376619243682585        6.8789312110634988        4.5505877785218578        6.1636600022219890        5.3789222339771783        4.3236980925405586        6.2104098875103242        6.5071897474076241        3.4672569517142140        5.3639550526133304        7.1129922211612664     
   4.4940520882265718        4.8549121223125322        7.7934668661776376        6.1676120107135297        3.7781819790520554        7.9616644975713236        5.3811005847068385        7.0559660358828822        7.4953351419356062        6.0848793855410372        8.0863510694558407        4.0722064261411761        5.4990351099754111     
   5.7321139247139659        6.4993552099231930        5.5511824348908867        7.5141603073402052        7.0493561243829488        7.2478967803911640        6.1966175938400294        7.2822121251648069        7.6886037866502317        5.5725054577643043        7.7060198398378184        5.3491500333226032        6.9787667944485179     
   6.1492672042568017        5.4547282262130175        4.8476819829482336        6.9568723149520526        7.4536658196579459        4.5423167001172340        4.5679301411138447        5.6153736803416683        10.739409815703942        6.2093541564322159        5.4143823865463734        7.4127877767894894        3.9097289755961784     
   5.0239877112823255        6.4673023725240011        6.0123697454559144        6.3158150438889153        7.8362231189265703        6.3414103427881212        7.5631922943362735        6.7153514218904169        6.6259121613967560        5.4606065449873276        4.4973308326305528        6.3124218910576158        5.4666779899964828     
   7.4499769258098851        5.6420354934006474        7.5098586907290974        3.9537606733218382        6.2847654395221024        4.8979802107895534        6.0292877277972643        6.6706763227147592        9.0818058461764952        6.2212175649994048        4.1568859782739240        6.5643812503476315        2.8056117777642369     
   7.3265566013533814        5.8084081211883474        7.2945514112825727        5.0950220353742504        5.0644672150370802        5.9088628619788706        6.3396199416166708        4.4199920382487674        5.8380594653628934        5.1413418823494785        6.5723252015806981        3.2326647462286457        7.4342442464989515     
   8.7509879791746812        5.8061045824503292        3.1271601826802167        3.5527653736154026        5.8708240809234837        6.0636844208982934        5.4475396433494740        5.5755843090072217        3.4839003570538933        3.4912588648256291        6.6355269005280269        6.5586642492895955        7.6823263121635303     
   1.9306261523551735E-002
           1           1           1           1           1           1           1           1           1           1           1           1           1
  0.11946250715066535        4.3215316886972596E-002   2.3420388970656959E-004   5.7076616129357696        1.4106368187792140E-003   2.2492730364920569E-006
   1.1416776249584786E-003   7.1665063546991659E-004   1.5605633778765655E-004  0.30453024910468934        1.5597396001009302E-004   2.3689909851641642E-007
   5.0000000000000001E-003   5.2812138763874108     
