 scale variations:
          -1           3           3
  -4.5686402135554074       -3.4359411781451725       -6.3938893029509076       -4.9954201825128228       -3.7569099567759436       -6.9911750927432594       -4.0829672043421601       -3.0706806600334109       -5.7141817065578175     
 pdf variations:
 NNPDF31_nnlo_hessian_pdfas         103
  -4.5686402135554074       -4.5683576510004036       -4.5623024828491809       -4.5642402085099958       -4.5879123202652670       -4.5662436064754885       -4.5521805719355513       -4.5595173181356312       -4.5449261572075237       -4.5831337195565158       -4.5403587899654196       -4.5298073099614857       -4.5809716691007214       -4.5461129749078140       -4.5739017847548968       -4.6076170152136271       -4.6085549423540071       -4.5365763409174820       -4.5502059597917013       -4.5325851013982854       -4.5520338603064783       -4.5971193912731723       -4.5858634370967311       -4.5256557608176049       -4.6349499347010221       -4.5700838027281527       -4.5577226372075170       -4.5914934164557568       -4.5727759133558772       -4.5293465605835515       -4.5958394168902972       -4.5746624861757965       -4.5660873363845909       -4.5610463887462673       -4.5741316221126223       -4.5767049417352750       -4.5668639523160222       -4.5912133490407347       -4.5679903490262435       -4.5666684502639603       -4.5734311470948521       -4.5578668105118663       -4.5456762371929065       -4.5596962661357185       -4.5791469598751817       -4.5632508156211316       -4.5694438512132756       -4.5621028762824958       -4.5686758370549017       -4.5648797081334820       -4.5715728070938324       -4.5528972600370148       -4.5718979572180132       -4.5701668242623734       -4.5585640417946047       -4.5679763514239617       -4.5611165269166802       -4.5772899750539553       -4.5701949319956512       -4.5799954374607683       -4.5696354487641448       -4.5615570876259754       -4.5694612701340667       -4.5661873598564391       -4.5646047733181492       -4.5725731900866133       -4.5651722433297897       -4.5626075640300101       -4.5693923087368651       -4.5708681788900147       -4.5697525437732676       -4.5653870890365207       -4.5667358884546854       -4.5777754050687038       -4.5583424908887791       -4.5692618562901393       -4.5708368911996482       -4.5653373614463044       -4.5685805217716506       -4.5763448449625432       -4.5653014595248340       -4.5680918464443323       -4.5674872346699074       -4.5705019935918978       -4.5694934870927675       -4.5673970354008784       -4.5653322400049205       -4.5669354253240275       -4.5701592701541012       -4.5671332190278680       -4.5713252476906225       -4.5696987506436795       -4.5674236005448545       -4.5706160198395365       -4.5688959458271423       -4.5671683512279602       -4.5682240892096369       -4.5678884914603239       -4.5688055780137651       -4.5674722303345012       -4.5667028167633443       -4.3389097068378444       -4.8230624478619157     
 NNPDF31_nnlo_as_0108                                                                                           1
  -4.8071399541222686     
 NNPDF31_nnlo_as_0110                                                                                           1
  -4.7711263935494230     
 NNPDF31_nnlo_as_0112                                                                                           1
  -4.7750547452891343     
 NNPDF31_nnlo_as_0114                                                                                           1
  -4.8006919304383295     
 NNPDF31_nnlo_as_0117                                                                                           1
  -4.8214344167368441     
 NNPDF31_nnlo_as_0119                                                                                           1
  -4.8032758713547876     
 NNPDF31_nnlo_as_0122                                                                                           1
  -4.8451891428480423     
 NNPDF31_nnlo_as_0124                                                                                           1
  -4.8045155503458652     
 NNPDF31_nlo_hessian_pdfas         103
  -4.7005018818830662       -4.6988681359525124       -4.7137423852325915       -4.6951136918523728       -4.7222511019116595       -4.7095677386886097       -4.6758962822204628       -4.7233342094472475       -4.7253112975777647       -4.7230099167736812       -4.6698381444766870       -4.6863801240588288       -4.7099233727663306       -4.7301911225669047       -4.7049315929402260       -4.6763798434292010       -4.7587200559398575       -4.6766948610099073       -4.7205051560071078       -4.7011302486009177       -4.6733529913237639       -4.7408959089298861       -4.6938375072786256       -4.6708165096735588       -4.7539870471470698       -4.6798128743637202       -4.7130696191452506       -4.6738349232187835       -4.7020735465421923       -4.7429901620341477       -4.6716935825240213       -4.6780532926154574       -4.7213767289746391       -4.6951869901232302       -4.6908018468939838       -4.7183254644744874       -4.7018145611630011       -4.6890041773728175       -4.6970763941808364       -4.7110889563996139       -4.7027225794240950       -4.7105855838100403       -4.6777625114683916       -4.6963388846680223       -4.6951736307661749       -4.6892721456972666       -4.7138399014814762       -4.7174534935245731       -4.7053470191250497       -4.6989925169488789       -4.7120093762621966       -4.6925986424305348       -4.6818483666935151       -4.6955077936130669       -4.6992208606448544       -4.7063592400332839       -4.7051210763553790       -4.6984347220791873       -4.7085781853484452       -4.7015152627176073       -4.6895915357179740       -4.7072457122934068       -4.7147747270941300       -4.7098691075762513       -4.6950865213845629       -4.6950018979017312       -4.7015018582281405       -4.6970016334732714       -4.6957316982422403       -4.6965087127096421       -4.6991351882864558       -4.7039886244887956       -4.7083517044945546       -4.7014416857670138       -4.7043587684989250       -4.6971797550560748       -4.6987826070994450       -4.7040091038305603       -4.7024729327113493       -4.6999900167516273       -4.6997269169486806       -4.6997923062570264       -4.7012836586211284       -4.7020476003965559       -4.6985280852014775       -4.7024982940287092       -4.6997984198291789       -4.6979457005480452       -4.7010894695537679       -4.7042222258636270       -4.7009098111869836       -4.6976196543828124       -4.7030581504973625       -4.6974030397505899       -4.7013486448119650       -4.6998534226374833       -4.6995674598003587       -4.7005716114821379       -4.6990263345902044       -4.6991048019026849       -4.7021673247938969       -4.6779038002159856       -4.7221277492148550     
 CT14nnlo          57
  -4.5976203998485063       -4.5137051309117187       -4.5246377304675907       -4.5831222333586847       -4.5927695604242658       -4.6343777026554545       -4.5905531583029955       -4.5979233244963869       -4.4994018768812865       -4.7376409793085372       -4.5137610063711247       -4.6034485593560417       -4.5312126427475894       -4.5473946318577747       -4.5675127108392246       -4.6248863991275151       -4.4867677779975805       -4.6420391715864335       -4.5479242203802617       -4.6596975075111331       -4.5441025665736134       -4.6035267628285856       -4.5935919890097523       -4.6268318186642485       -4.5642326823979964       -4.5859978879252745       -4.6063155134855878       -4.5734641645597645       -4.6329458535161407       -4.6665006737020844       -4.5511448143786550       -4.6126939165533978       -4.5709001619513723       -4.7947500573473940       -4.4130197553014883       -4.5959906784172837       -4.5979142782551552       -4.7243458471056252       -4.4580091176845729       -4.7113585456301230       -4.4542451106245347       -4.6311594007140675       -4.6087606516728385       -4.6329292113014704       -4.5146452928380425       -4.5930670995694260       -4.6384339548001643       -4.6221573782919245       -4.6105629473625847       -4.5512904272318790       -4.7127230990727398       -4.5640972937844921       -4.7384005214768763       -4.7320877545693030       -4.7359952546915469       -4.5490296516115816       -4.7421273350701112     
 CT14nnlo_as_0116                                                                                               1
  -4.5382184391527414     
 CT14nnlo_as_0120                                                                                               1
  -4.6593407311044484     
 CT14nlo          57
  -4.4750816114400092       -4.5993914738828492       -4.4070967072954828       -4.5188161709470398       -4.4828066141661731       -4.5830011426892279       -4.4243312183868344       -4.5292226101816189       -4.5151989032031166       -4.4568969097545512       -4.4498874427062605       -4.4162789224564101       -4.5436097541794433       -4.3681906946441087       -4.4926061401652708       -4.5581634848589934       -4.3408494220897706       -4.6515027326245999       -4.2820999859707713       -4.4990663118327348       -4.4455202499501079       -4.4930809409668422       -4.4331101397728965       -4.5954929966572546       -4.3560100360926635       -4.4796138595725346       -4.4756367636555137       -4.4361782446732434       -4.5244551136613742       -4.4570005331846785       -4.4810330024889860       -4.4973955776102841       -4.4457108543178592       -4.4567299901516559       -4.5140659292844987       -4.5526592486335442       -4.4090994478287246       -4.4947845423649966       -4.4149001034299626       -4.4156808895826618       -4.4814222786211806       -4.4782785818375981       -4.5058581647943505       -4.4733947985057805       -4.4485894547594809       -4.4620857715826610       -4.4082390073680315       -4.3934400124560256       -4.4909876181940263       -4.4286478887681584       -4.4776218519647726       -4.3985202976798847       -4.4095546430765307       -4.4175508594145354       -4.4358500415690729       -4.4393031708215549       -4.5797725647201588     
 CT14nlo_as_0116                                                                                                1
  -4.4233898888470060     
 CT14nlo_as_0120                                                                                                1
  -4.5193334602622652     
 CT14lo                                                                                                         1
  -3.9604975323136595     
 MMHT2014nlo68clas118          51
  -4.3482692866231005       -4.3402127853711017       -4.3568243548830372       -4.3193819344672404       -4.3676955865802993       -4.3332718383592059       -4.3622716439115647       -4.3428609691325786       -4.3539840442765261       -4.3413078828927389       -4.3548741839203293       -4.3476608834023454       -4.3493512527364020       -4.3491350613708573       -4.3465474899609395       -4.3303323005517020       -4.3582012160147254       -4.3633972443552338       -4.3310204446127560       -4.3517881780011187       -4.3449554915343542       -4.3654435911705676       -4.3254598178774231       -4.3765599684555525       -4.3300250183802609       -4.3398561857396105       -4.3465572470433873       -4.3293737089877968       -4.3747560853235541       -4.3596376738802718       -4.3342355364332095       -4.4033715585976667       -4.2878054105227834       -4.3513993620367177       -4.3450039450704940       -4.3414833394801686       -4.3726452648694876       -4.3601887358312625       -4.3430405501660410       -4.3469236337601220       -4.3488709688599796       -4.2177373304151651       -4.4645185013930035       -4.3858655616211859       -4.3047399810957607       -4.3164189038908125       -4.4269839555278132       -4.3301523609337309       -4.3487620837311258       -4.3607816695495387       -4.3454930314056250     
 MMHT2014nnlo68cl          51
  -4.6948408637538339       -4.6839950765337939       -4.7087583438112866       -4.7012248668274568       -4.6884615688948976       -4.6525582716257441       -4.7119564468788422       -4.6748721573833052       -4.7146609080851984       -4.6875877452791421       -4.7018282456065892       -4.6965994859374396       -4.6941768290990895       -4.7028861654211207       -4.6850834766063780       -4.6828977844797164       -4.7076676488427713       -4.7108510365211638       -4.6854841722326217       -4.6968952957364154       -4.6918986958627213       -4.6943375773492155       -4.6948408892887175       -4.6767013092429597       -4.7107813930414375       -4.6881163473880187       -4.7116102242678677       -4.6799885365662437       -4.7243128234377769       -4.6774220211818118       -4.7380193018310806       -4.7144010432650649       -4.6585436560800888       -4.6715587738202826       -4.7431688799541316       -4.7283938630054818       -4.6828080039463158       -4.7239546442944969       -4.6590238867686535       -4.6979500109272703       -4.6917239161307593       -4.7774185481984395       -4.5293155046031623       -4.7009541433890822       -4.6745597264763008       -4.6356490972189972       -4.7286039485274811       -4.7422535754966519       -4.6726507348559867       -4.7023149439459475       -4.6727073910411976     
 MMHT2014lo68cl                                                                                                 1
  -3.8097408246051083     
 ABMP16als118_5_nnlo          30
  -4.2927742411136540       -4.2922399641676492       -4.2939671212958919       -4.2853433063494801       -4.2930112923581722       -4.3047275313014106       -4.2638502333112811       -4.3037523763299239       -4.2934009360006966       -4.2716205529136557       -4.2934747310998604       -4.2969115412256338       -4.2959237262659995       -4.2970725750313044       -4.2921164062500159       -4.2939765035781505       -4.2786626099626295       -4.2912367844756307       -4.2999736211948010       -4.3067358979120218       -4.2940490261031492       -4.2767624259325947       -4.2889226422110660       -4.3246033141750839       -4.3078330485030145       -4.2922953722182058       -4.3067048972005084       -4.3176248581306167       -4.2502248840103327       -4.2573906591817900     
 PDF4LHC15_nlo_100_pdfas         103
  -4.4072683657622402       -4.3943556977848477       -4.3808513373565621       -4.4612149934928764       -4.3889225369666232       -4.4107434820373106       -4.3597402428819398       -4.4333149663253160       -4.4298989661037860       -4.4117450173793005       -4.4147807219824609       -4.3416729631025506       -4.3856555241831767       -4.3902299515636249       -4.3921025531127373       -4.3933639435600185       -4.3684259667658285       -4.4190645435025191       -4.4900011584184689       -4.3788894803187661       -4.4301960498868436       -4.4257599357775330       -4.4186020249162379       -4.4368156646330297       -4.3947149923337188       -4.4219701850979991       -4.4055705105068146       -4.4024961404022722       -4.3733638692706869       -4.3990790302992853       -4.3852735558989604       -4.4035587863707697       -4.4276129815605367       -4.3833799946330103       -4.4161455778613314       -4.4021877108281577       -4.4088336046931929       -4.4220361682456479       -4.3820397793491175       -4.4000918319121460       -4.4195380129960835       -4.3973151809144637       -4.4142048757178900       -4.4040168038115484       -4.4217397260179263       -4.4081927845587643       -4.4049005958289964       -4.4092775109535953       -4.4077044786599018       -4.4099742765131831       -4.4093162923607663       -4.4099116133673837       -4.3994250053060071       -4.4012680851810391       -4.3997106170651179       -4.4083186698044825       -4.4004635854327265       -4.4053610943865529       -4.4151900662702772       -4.4048203601172444       -4.4033470277513986       -4.4084090092286967       -4.4115079336973162       -4.4061778947886241       -4.4087095686050608       -4.4048277457036660       -4.4049495612746821       -4.4078303236895433       -4.4075708739933797       -4.4102533831687190       -4.4066742330253073       -4.4077433146114693       -4.4080493960135749       -4.4089474173221648       -4.4064148195433148       -4.4060651904569665       -4.4101737984297769       -4.4077733431841049       -4.4088063661686112       -4.4096116746139069       -4.4078907661087214       -4.4081679854274833       -4.4086863204750664       -4.4097750692364812       -4.4107881717294095       -4.4090154151022585       -4.4078943606743568       -4.4095235700068445       -4.4061237352052007       -4.4058431761215040       -4.4049421892256690       -4.4063991834583973       -4.4094113816597602       -4.4068884355469491       -4.4077974628607661       -4.4073765373627651       -4.4077434309447892       -4.4060369053757311       -4.4081248856102357       -4.4085973395241336       -4.4071863497442401       -4.3736483277808347       -4.4345830995481315     
 PDF4LHC15_nnlo_100_pdfas         103
  -4.6439087445452305       -4.6586208496682913       -4.6395945606184688       -4.6441063166550300       -4.6694851937062891       -4.6945664278938084       -4.6596487161015316       -4.6528827237741108       -4.6394844100287482       -4.6278758478619313       -4.6381793259451589       -4.6950240723808392       -4.6436996377693136       -4.6559570837083086       -4.6163211432072515       -4.7371628310982583       -4.6208850951161970       -4.6402146756087879       -4.6706106773819203       -4.5807596451729289       -4.6456957364988947       -4.6543273869850399       -4.5727028877976243       -4.6592934657777478       -4.6348505614076876       -4.6301684727516106       -4.6258715029776027       -4.6432524205832761       -4.6527002176867027       -4.6260511029098499       -4.6361334209568499       -4.6539927869255866       -4.6463286566254300       -4.6704977799216909       -4.6351408273151327       -4.6832131814813858       -4.6119366158361084       -4.6616154970812085       -4.6435120127065233       -4.6215226582841780       -4.6368288207772430       -4.6384218797479626       -4.6455274666097184       -4.6405919231512378       -4.6548937331875990       -4.6401316314985337       -4.6448596334238754       -4.6473353779270212       -4.6443947008794426       -4.6470232243171328       -4.6376589176790919       -4.6417983509543621       -4.6505370524615630       -4.6425207504864421       -4.6399853772706230       -4.6396576140805381       -4.6564130867133260       -4.6459214093191044       -4.6432709125245744       -4.6408441696093332       -4.6468906354061756       -4.6424645245571217       -4.6468171095568263       -4.6449084449171973       -4.6434837510763201       -4.6450367927670237       -4.6475216412457607       -4.6477340478024516       -4.6480420279121226       -4.6455295740576350       -4.6454317843102562       -4.6437882367649728       -4.6440500405625142       -4.6437869448250728       -4.6472443321239831       -4.6431333141770557       -4.6450488852908949       -4.6412885313234336       -4.6458566250559832       -4.6445073596463065       -4.6462774893195604       -4.6446144385757231       -4.6451580542111710       -4.6436573617771053       -4.6446143985522088       -4.6401439082351450       -4.6444539155970093       -4.6413589055361442       -4.6428536562239504       -4.6450791190979475       -4.6419164567557596       -4.6444896554152413       -4.6459246844400983       -4.6427155530027289       -4.6443608285977218       -4.6434021229430194       -4.6411531924618572       -4.6441204871249004       -4.6443331792957308       -4.6439811121853083       -4.6435429282001497       -4.5946607109990909       -4.6780543532218273     
 PDF4LHC15_nlo_30_pdfas          33
  -4.4070131119204072       -4.4042397484952174       -4.3246207575167608       -4.4059616756889302       -4.4706359301915777       -4.4247981923256283       -4.4412271398155054       -4.4152476509014562       -4.4156449472559176       -4.4352804299728410       -4.4110245255272051       -4.3765889151219515       -4.4052196677770583       -4.4091208165472970       -4.3161564540136608       -4.4197877269031585       -4.4237950494156779       -4.3800911153382778       -4.4063113862596932       -4.4174757609488697       -4.4438205151883334       -4.4118679204947533       -4.4034429301319769       -4.4111954565322264       -4.4005466603152952       -4.4152973278801442       -4.3820004859798312       -4.4206091786635948       -4.4018890605019942       -4.4044831756128877       -4.4072079033675795       -4.3736483277808347       -4.4345830995481315     
 PDF4LHC15_nnlo_30_pdfas          33
  -4.6436380772155443       -4.6617344682543793       -4.7725012154450503       -4.6333190978462309       -4.5994698539180208       -4.6169534227552553       -4.6426239621101475       -4.6447622995103854       -4.6466564174705214       -4.6096095384559606       -4.6458645225019088       -4.6944456532536378       -4.6403246942370640       -4.6464357460132799       -4.6406344700182114       -4.6337837163878541       -4.6438979709808157       -4.6374925281872548       -4.6483634494763644       -4.6574411856359283       -4.6032827919739043       -4.6066806247074004       -4.6601860285511876       -4.6445277163465200       -4.6389050270612895       -4.6412078730354756       -4.6541177149390895       -4.6387910606722809       -4.6369878595732725       -4.6380366040204173       -4.6462594653099574       -4.5946607109990909       -4.6780543532218273     
 HERAPDF20_NLO_EIG          29
  -4.4332262084332692       -4.4430393953702243       -4.4234779238389139       -4.4291080824694982       -4.4373326778158111       -4.4405256624177349       -4.4259318210731378       -4.4196461516899106       -4.4462412201474173       -4.4608126957992056       -4.4046293409559150       -4.4436615290235677       -4.4222809243345464       -4.4306643438309967       -4.4356819216205947       -4.4341418483101691       -4.4297762109155769       -4.4320672984975014       -4.4307919167410859       -4.4056906346352038       -4.4579903687400257       -4.4002065479558317       -4.4607918694859316       -4.4463223247266734       -4.3996841800295670       -4.4483716665640189       -4.4215255723836506       -4.4482282584178989       -4.4196316538281479     
 HERAPDF20_NLO_VAR          14
  -4.4332262084332692       -4.6119422362439906       -4.2304626473099560       -4.7843221581286333       -4.5444837713470942       -4.4485108019228452       -4.4398846460302179       -4.4310807775058585       -4.4340809535188166       -4.3911567692903200       -4.4717260094255069       -4.4010340908139742       -4.4960643684960138       -4.2631282741248047     
 HERAPDF20_NNLO_EIG          29
  -4.5937217740467364       -4.6044512119209680       -4.5826515262860141       -4.5852505483821799       -4.6018077091787566       -4.5974176281320238       -4.5896321908861220       -4.5718179358500022       -4.6143355679393583       -4.6157286833657398       -4.5711071628154318       -4.6132359463637886       -4.5731655766286785       -4.5812311766641685       -4.6058246496578015       -4.5895460318562948       -4.5973564707984140       -4.5936110626357820       -4.5922979266108035       -4.5793720513231460       -4.6049201594108702       -4.5948778001334709       -4.5868775510764177       -4.6372839007244773       -4.5505911389500460       -4.6594305441548007       -4.5228177377267205       -4.6562060721286551       -4.5357493190795530     
 HERAPDF20_NNLO_VAR          14
  -4.5937217740467364       -4.8039153308645206       -4.3508399017149939       -4.9776089758749720       -4.6747656944143419       -4.7155443083375141       -4.5588828673785082       -4.5874018190641550       -4.5809396218335259       -4.5682291854538644       -4.7444343053452425       -4.6130716880311580       -4.5755591570416430       -4.5259152938686791     
 CT14qed_inc_proton          31
  -4.4334516575932685       -4.4314866582672021       -4.4294943719332345       -4.4275240010407932       -4.4255526263570859       -4.4235834573445514       -4.4215996687571675       -4.4196298033727164       -4.4176607466148692       -4.4156815580133948       -4.4136996709006722       -4.4117340955384314       -4.4097659575566652       -4.4077832412048430       -4.4058191099222874       -4.4038537877041488       -4.4018889366227230       -4.3999004090826439       -4.3979304484623682       -4.3959765592688314       -4.3940133623631432       -4.3920363463032182       -4.3900748126582547       -4.3881114158513004       -4.3861509005109927       -4.3841733961308558       -4.3822086061455243       -4.3802500940813571       -4.3782748090353758       -4.3763164266417629       -4.3743554050010109     
 LUXqed17_plus_PDF4LHC15_nnlo_100         108
  -4.6278424145358130       -4.6415498515404590       -4.6233069847273054       -4.6280845803045301       -4.6531215233448178       -4.6782759985091298       -4.6442338478180982       -4.6375395651996518       -4.6234920833854414       -4.6119524366670097       -4.6219423407700315       -4.6796932782699958       -4.6281103097258356       -4.6402101067672197       -4.6003767067201080       -4.7197130820778739       -4.6057801661538358       -4.6237568849620327       -4.6542771270412402       -4.5653968848558319       -4.6302928262624272       -4.6378591798588040       -4.5566556754914371       -4.6434980862451418       -4.6184325894432625       -4.6135065791337606       -4.6091531222944804       -4.6279296132379706       -4.6369532216491196       -4.6096093856418587       -4.6197853919233838       -4.6386274593138106       -4.6299351682434127       -4.6541374440669152       -4.6190579494169679       -4.6668664679078757       -4.5959974789630769       -4.6454882971376827       -4.6273642630073013       -4.6052436317627308       -4.6207856080612251       -4.6222970268978276       -4.6293264061040347       -4.6249113784094584       -4.6387172762727182       -4.6240178387301478       -4.6288803170107498       -4.6312189031550242       -4.6284543158679474       -4.6307303516772107       -4.6216652221959942       -4.6257226740639386       -4.6344025502098489       -4.6263827547834300       -4.6240355290825530       -4.6237614261364683       -4.6400112297833234       -4.6299403833547688       -4.6274612584657238       -4.6249015464537893       -4.6309644264575693       -4.6264504935586670       -4.6306415020635665       -4.6287287279164495       -4.6274738595874014       -4.6288765768782065       -4.6313062986098634       -4.6315109641934900       -4.6319052336159334       -4.6293418857925790       -4.6293561480065835       -4.6277831636058142       -4.6279158326457344       -4.6276751745905216       -4.6310473422439600       -4.6270846311872100       -4.6290857612375005       -4.6252650139964686       -4.6298615706219888       -4.6284016703886959       -4.6301223095526014       -4.6286830772027203       -4.6291641400181236       -4.6276257605824549       -4.6284771447178281       -4.6242033446968964       -4.6285973502268760       -4.6252387966332797       -4.6267611370954800       -4.6289815507709910       -4.6257933285337733       -4.6283398094777199       -4.6296712104313515       -4.6266312451460738       -4.6281077300230482       -4.6273198928122774       -4.6251478338983221       -4.6280512418188575       -4.6282867872199676       -4.6278708315421531       -4.6274749110849172       -4.6278294476218509       -4.6277597835737296       -4.6278552868896066       -4.6278576954421213       -4.6278805222780202       -4.6278478668102894       -4.6277877452151088     
 NNPDF30_nlo_nf_5_pdfas         103
  -4.3959897777131447       -4.1213097800475680       -4.5534908520902970       -4.6378313706283949       -4.5379157809837896       -3.8990582889722134       -4.1611223637090156       -4.6128549207052645       -4.3805128861608891       -4.3981241192652165       -4.4192394053588044       -4.4314355355042849       -4.4191500901436704       -4.5555817301761685       -4.4021934645955216       -4.4108607408694178       -4.1824695918023975       -4.2526018958309963       -4.0870072731360301       -4.4765520949314270       -4.2959346688027384       -4.7503522766881474       -4.5033322538588445       -4.5403821840889771       -4.3863529228267399       -4.4468717172636705       -4.3727602551566838       -4.3315550536542897       -4.3652377709252930       -4.3576042464379690       -4.4626144854589684       -4.5238529221800619       -4.2666602784289713       -4.5118109096182186       -4.3045875991504170       -4.5806938131298098       -4.2922193842340803       -4.4064018847792932       -4.1979249611324336       -4.3349875049882973       -4.4564711841851716       -4.6168724473384817       -4.4879396629602963       -4.4040710535382859       -4.3260518495080076       -4.4905831449081317       -4.3578470292310483       -4.3345529535411318       -4.3584608349318286       -4.4367145580616087       -4.5333145077801031       -4.5617743478273605       -4.3337609777299591       -4.3022864409236572       -4.4880180061776329       -4.3680288694460403       -4.2826016347519715       -4.5194273167678372       -4.4506476773799974       -4.4128044011478540       -4.4735185221097673       -4.3800755705415879       -4.4733170225099048       -4.3021770151147702       -4.3023017316776082       -4.4561685677743341       -4.3415956745050570       -4.4837415551367519       -4.4749727599821156       -4.3343609308056017       -4.3073774369771272       -4.3544617716519074       -4.1092953301828965       -4.0763623370813740       -4.3786690955567762       -4.4976092459467134       -4.0640565728300455       -4.3495684854564391       -4.4904879084368696       -4.3271143957841005       -4.4785776276794538       -4.4758727331201653       -4.5991874377971085       -4.2466883668505560       -4.4419581500721446       -4.4116861243551435       -4.4377524935319137       -4.4189687016598134       -4.5762759649571434       -4.2850054584595583       -4.4933924550116826       -4.6806317587026074       -4.3479775402736331       -4.3284306455190835       -4.4212952082222792       -4.2626472018638442       -4.3525212509108098       -4.4595274477113831       -4.4484764407544732       -4.5274850629422154       -4.2811397028668319       -4.3943874816048609       -4.4125127270377495     
 NNPDF30_nnlo_nf_5_pdfas                                                                                        1
  -4.6193785668643272     
 NNPDF31_lo_as_0118                                                                                             1
  -5.1625623214579690     
 NNPDF31_lo_as_0130                                                                                             1
  -5.0245776193149405     
 NNPDF30_lo_as_0118                                                                                             1
  -4.2087675876222299     
 NNPDF30_lo_as_0130                                                                                             1
  -4.5702753723214684     
