   0.0000000000000000        0.0000000000000000        0.0000000000000000        0.0000000000000000        0.0000000000000000        0.0000000000000000        0.0000000000000000        0.0000000000000000        0.0000000000000000        0.0000000000000000        0.0000000000000000        0.0000000000000000        0.0000000000000000     
   9.6179868449756789E-002  0.58556045581410099        6.7860386762605418E-002   1.6671434840155323E-002   3.4928528610637624E-002   3.4465574607090155E-002   4.8706920912749401E-003   3.2578877254373223E-002  0.59028289453003524       0.20663622761167311       0.10548499438296739        2.1004322771250791E-002   3.0183395099173543E-002
  0.94259738392650205        1.3786508000872528        1.7065677487444710        1.0586167683224808        1.2229297887268882        1.2948543201623279        1.7561277979599008        1.5477416836870426        1.1176596066242290        1.0777182239466796        1.4285128708531765        1.4361672256610825        1.4150368479373319     
  0.14461841557707641       0.76492541283453541       0.13912835387710304        3.6326370945645031E-002   6.8516429698637776E-002   6.4790914854687354E-002   9.0121777124057001E-003   6.5716487682911037E-002  0.74373814678187855       0.28193943343869093       0.15538082658918673        3.9882197666762723E-002   6.3468017374181035E-002
   1.6531157869013335        1.4790396678927540        1.2941343191758039        1.2430290534026553        1.3455105330957924        1.2848866914935417        1.5506680834063129        1.3737326930342852        1.8684185118372261        1.6158684558620902        1.2769915361740753        1.3672418051471960        1.6793285456260931     
  0.17036970054768366       0.85051200175728636       0.21193984993619142        5.4195867114152474E-002  0.10039131896566930        9.5822514117189617E-002   1.3211412164139909E-002   9.2859659846480549E-002  0.78607438710005728       0.32405255041674769       0.19419911263899856        6.2790773271589134E-002   9.4970734739723769E-002
   1.2445219244709793        1.3412712655304784        1.5041426849272992        1.0961233236874199        1.2787012427604560        1.1381297317210688        1.3087529468860117        1.2394519776325343        1.4062968962019065        1.5413887572336726        1.4842012887706282        1.3481065815504254        1.1850869108869970     
  0.19131205819313105       0.90684389521916486       0.28781255846027687        7.1489395505117320E-002  0.13225979086716388       0.12511945441777092        1.7938844273532636E-002  0.12223869780909548       0.82025289717771510       0.35390371165618989       0.22818646411381310        8.4162146492236800E-002  0.12393033488897023     
   1.2799622061353229        1.3755317821336426        1.4415550292938626        1.3440803983653375        1.5078628620749899        1.2506307862594919        1.4515818406250667        1.3374999517453061        1.3327899294946774        1.4560371312647657        1.3995891390883661        1.3224461188320633        1.4195428069836300     
  0.21431488794017006       0.92092441810394488       0.35933123921651050        9.1046159847665314E-002  0.16503244963974795       0.15783470218020385        2.3070861376011796E-002  0.14990515220868469       0.84691632686852436       0.38030181902022275       0.25850273177127875       0.10829187389031655       0.15805125321974381     
   1.2526703765555101        1.2682911222454132        1.3447364115893978        1.2391779767711457        1.3600752817940618        1.4512274308857160        1.3181035310252358        1.1898332607384188        1.4746304900134717        1.4159119244016352        1.6119891188200499        1.3720493458535883        1.2918067270309668     
  0.23782515743363977       0.94104757150110008       0.42024319401982518       0.11231821934346545       0.19647963305670160       0.18862632574398994        2.8612324967853917E-002  0.17634591438972588       0.86404260802920463       0.40555116297629029       0.28434921431631882       0.13309331467034685       0.19512880335637109     
   1.2828526803511304        1.1908542008039233        1.2628251287141337        1.4041863899552034        1.2493708116001436        1.3068307186114467        1.4016067045206453        1.3354669495873035        1.1594217385358014        1.3436455659461859        1.2998496282063690        1.1424388855040333        1.2345879421669066     
  0.25930245995419493       0.95561723784722929       0.47656463898562546       0.13481927211566497       0.23177731852871855       0.22009222397741676        3.4455316402358112E-002  0.19830532818110530       0.88302670482229628       0.42837285327571795       0.30911491010876491       0.16042120646997465       0.22797681442472317     
   1.1805560585574408        1.4087152404811198        1.2018834172475523        1.1401141987452894        1.3833281263090105        1.5481966161910063        1.4662288281579157        1.1440785706906569        1.2300529522239088        1.1853578510476157        1.2934755504531736        1.3044709520388993        1.4241943279879135     
  0.28313942404823561       0.96557526900591006       0.52296035479268765       0.15944918315779388       0.26542050598903011       0.24826204758028478        4.2497884761385163E-002  0.21991531441213646       0.89441116042201751       0.44897670928907524       0.33587261626856801       0.19005473472344292       0.26075739761092742     
   1.3896980563524879        1.4389967073968328        1.1342740984319459        1.4408849473127925        1.4239700197340817        1.2615994110542152        1.1637689603979642        1.3343874215956482        1.1031946137209536        1.3542128389206789        1.1944811196556209        1.0974509194243989        1.2473175787604174     
  0.31123668191420417       0.97193505907467947       0.56562376269546488       0.18449521087524096       0.29498566589917952       0.28506960183627078        4.9060522016508519E-002  0.24343732056937564       0.90638772833251591       0.46953020677488411       0.36232852963178219       0.22063500526429794       0.29575649045359997     
   1.4388941984817760        1.2735759444838135        1.3135046041051177        1.4597430732164718        1.3740267329154618        1.2231492753493585        1.2808896787497237        1.2965648048798453        1.2789096506357325        1.2404297111734073        1.3209065367560862        1.3780896319041753        1.2493279740591936     
  0.33655014389958676       0.97739122656005117       0.61683452847432108       0.20920261086760850       0.32714760541325733       0.31862829133648668        5.6134332393621311E-002  0.26904189225488678       0.91705541520584100       0.49036033606623952       0.38946579437116707       0.25352052679216736       0.33044548354295383     
   1.3593846859232186        1.1276002121614705        1.3454327126782599        1.2079931351501625        1.1520801525140207        1.1008146337184048        1.1593809177913430        1.3942278549239560        1.2990821748707773        1.2140176283423108        1.3610553158499441        1.2409833225010667        1.5852413271685997     
  0.36123010807692829       0.98159780877976233       0.65165222602864248       0.23474577102857078       0.35574730736365401       0.35134782509411688        6.6354170153691577E-002  0.29127592140999348       0.92600921048749840       0.50975721194356327       0.41679144401497115       0.28928097772503619       0.36082808867148181     
   1.1616239589977246        1.2747770024427347        1.1566967723371526        1.0830473783028400        1.2187123092493410        1.2506736607861215        1.4973573638577204        1.1994065751115528        1.3326219434006519        1.2724640025477385        1.4104462249870546        1.1694268143019613        1.1930802756368513     
  0.38648427759992843       0.98501024644364632       0.69684945293794809       0.25971560041809849       0.38681282736529876       0.38378719229772668        7.2664135471849745E-002  0.31850410575304056       0.93364937155085248       0.52775311294083371       0.44285443926044898       0.32317729237412207       0.39078996043677794     
   1.3835523389463817        1.1703342976192885        1.1758699660657848        1.2175617224174535        1.2805516375488548        1.4164161182951944        1.1051878267157049        1.2455070081967925        1.0261174455432829        1.2437184717051222        1.1744977138453190        1.1997167147937113        1.2644809929299334     
  0.40904265691763980       0.98720426832864716       0.73385975216865262       0.29021039529003423       0.41701929949289446       0.41527197348530609        8.4758013687247738E-002  0.34883145064415477       0.94113070539900723       0.54589698094246686       0.46977430144196825       0.36134240096824166       0.42203254269145130     
   1.2854571902848140        1.0986985999090160        1.4566401579040029        1.4244125878324341        1.3715786422937974        1.2461734488886274        1.3892740265760251        1.3550373743593092        1.3816829023217929        1.2399477015003357        1.2634086193398046        1.3396140679520627        1.2276923067997121     
  0.43031047584814724       0.98995484706860370       0.76751166948939897       0.31865230356961199       0.44823220458412738       0.44501927841537275        9.5292135528303290E-002  0.38255430372343446       0.94726732200153052       0.56251473451307510       0.49864628671704531       0.39793963710692148       0.45120536204643896     
   1.3138363418228294        1.0878293753495616        1.3272106823614367        1.3588711599145824        1.3474967030643692        1.4748198381545290        1.2847752844077978        1.1734217778012150        1.2829446647351970        1.1127466311242289        1.2590757463872384        1.2725502068802523        1.4303163908791672     
  0.45588716844881705       0.99127449168988035       0.80002984169869373       0.34725763304743196       0.47963501145150661       0.47932786137976841       0.10785848253657379       0.43419665448065381       0.95264513991660738       0.57839457446139630       0.52987154634956513       0.43484100921524127       0.47988359569889183     
   1.1932596787340268        1.3768201897753278        1.5373328223965836        1.3334254389365248        1.2904962813378917        1.3661537513896367        1.1017197266674232        1.5551272521456196        1.2206927750817556        1.4010561366052166        1.4609413028160334        1.2497428153206560        1.2299515792899169     
  0.47785833835297753       0.99300776881956831       0.83101954103311071       0.37709215565831200       0.51095616690074097       0.51228645162449127       0.12211107344305248       0.50526969959884804       0.95749005473241167       0.59418797666143552       0.56212292428981048       0.47117297823736143       0.50967625715944209     
   1.1855707040331114        1.3408931253485499        1.2605143752096863        1.1913693482136114        1.3181205730020724        1.3861708271651421        1.2224905563945185        1.5891577174550140        1.1111430987044146        1.3993102332415055        1.2450717457655436        1.2947455661697043        1.3265378011918143     
  0.50353826124985457       0.99407865161860176       0.85679960992316573       0.40870002983752751       0.54330385442686091       0.54300135795972138       0.13745668075687129       0.56909792431980910       0.96212659545353840       0.61004428354819795       0.59276229290405713       0.50233006239511269       0.54032990788861790     
   1.5499142149725365        1.0554551597152677        1.3325508197897868        1.2591141148458473        1.4073073749449534        1.3343693797422107        1.0736300579259499        1.0362297826300821        1.1272093192950501        1.3111098960169016        1.3226301154480216        1.3774039496149926        1.7586616337832053     
  0.52834281404218397       0.99500337822023410       0.88012933139629135       0.44213766167769919       0.57568556276473137       0.57602556262508708       0.15483161597077341       0.62012194055002223       0.96628859480999207       0.62416714262591599       0.62056296754930595       0.53829054082262173       0.56856685311856558     
   1.1152188231761830        1.0625516354846136        1.3633232899221654        1.0699978811674811        1.1659502590095110        1.3642654705023647        1.2059188627966850        1.2854797392869610        1.1971847645757392        1.3521432411159473        1.2004626220200905        1.2222044441105986        1.2948258560653447     
  0.55250438648942513       0.99584943158972894       0.89992572546134131       0.47362113639733333       0.60567518311729684       0.60713260565475757       0.17381378300831618       0.65520713848119905       0.96989714025106599       0.63686382471246195       0.64716643068665636       0.57070832949534100       0.59500970091002081     
   1.4948574075847203        1.3061680180110282        1.4508630290809530        1.4544925835429381        1.3233684825435514        1.4402796422687785        1.1358562994067520        1.1859727498721124        1.3118511489058893        1.1605732927267502        1.1291998901509910        1.6103890941245591        1.2711630565649963     
  0.57847096366347028       0.99654425270200675       0.91769083758771863       0.50575566440746522       0.63574005280498669       0.63865537160068286       0.19487056330167524       0.68437188085381839       0.97361741671443403       0.65018547758948919       0.67660314142136535       0.60604503223720985       0.62043618110266907     
   1.2525502574145224        1.1877577168322033        1.2392235074926383        1.3777455367695128        1.3536204477904672        1.2907728546841695        1.1738887036779644        1.3225075269745834        1.1730994600794091        1.2579373900429927        1.2147717856133005        1.2533408447938228        1.2435727043292084     
  0.60341010077026258       0.99718831203868674       0.93149609071080741       0.54114952542601447       0.66950428752930824       0.66939681533757478       0.21781908246608042       0.71145155953108796       0.97670097216587359       0.66599443019974203       0.70245030005954112       0.63705541409625643       0.64820019698250475     
   1.1921026749101042        1.4544543679265671        1.1386452179167150        1.3620263078086432        1.2659517402743923        1.3761155932701221        1.1371826395566444        1.3822335658357623        1.2779451306790561        1.4417974443210240        1.2010954999486438        1.5892808678983710        1.2720446175976228     
  0.62908104098578199       0.99766670520076306       0.94338555110759104       0.57682303936107093       0.69913287391685275       0.69834689143435258       0.24177527512331015       0.73699331228051812       0.97985300643106010       0.68183321512468298       0.73163455408022771       0.67431440473476989       0.67602278847880815     
   1.4304780436512436        1.2095641490694116        1.4890126235318688        1.3093008746404389        1.1777686388106299        1.0416082011906194        1.2216067306074656        1.3603123651618525        1.2272792873594074        1.1776086474803282        1.4647912037660644        1.2660225111094370        1.1663119918317340     
  0.65512052410463939       0.99805598556991060       0.95554092589573436       0.62044427139387759       0.72658835252396359       0.72635119632141487       0.27646722791757794       0.76229696145865689       0.98238919790851342       0.69606226586708997       0.76298729943500354       0.70832659690219246       0.72179192346974208     
   1.4080651318714112        1.1278757006543210        1.3962129259512610        1.5086445646829230        1.1463309307590521        1.2058411147336257        1.3513238974770594        1.2299969537686146        1.2861660980799723        1.1724276413606176        1.5519756422592743        1.4891967632606640        1.4588926281338079     
  0.68331827647814114       0.99841122317241360       0.96435978319784721       0.66235663448882487       0.76145647925656124       0.75370354773993020       0.31115139144806375       0.78767332681824787       0.98488660593457145       0.71078117416387565       0.79311479073802804       0.74570878291422904       0.75223729486707103     
   1.1475581441262865        1.3358525305179154        1.1584445250686899        1.5321268455066632        1.5550939278691365        1.3601062437806508        1.1615507687414190        1.1748796845141054        1.4909102107064560        1.2046628053989465        1.1610144167124206        1.1435686448695792        1.2312605915981190     
  0.71076765812346676       0.99872047247902540       0.97316271700974577       0.69883338676550089       0.78843813862321399       0.78240380956684019       0.34736096590568338       0.81021058053453332       0.98706679396009278       0.72841859930275621       0.82007178000942660       0.78093256597411742       0.78891479055634095     
   1.3039421837069511        1.2375927482666438        1.5160134742224594        1.1142802822230167        1.2044866769683211        1.1347520849615056        1.4380572227782256        1.3950882673885101        1.3859405398051110        1.3864019697651959        1.1630243237666542        1.5206055708653061        1.3679545119446306     
  0.73953717441548594       0.99897250177875818       0.97976233879677121       0.73496488385142966       0.81864104804582671       0.81243677865398012       0.38934344901424606       0.83213795794368350       0.98935469942725318       0.74544654076108563       0.84547528947088202       0.82035383374449333       0.82059550245002144     
   1.1236851127916383        1.1419635705730780        1.0877357550391209        1.2376854846295062        1.2674193894856169        1.3388860323542127        1.4500497022477514        1.2562547251482443        1.4409657450828219        1.4436510830109675        1.2418237412001658        1.3362793309029417        1.0954077359263643     
  0.77119658030795468       0.99918913832690037       0.98497282304695688       0.77571698417165935       0.85302061864750889       0.84279240458682003       0.45303751761547473       0.85674664173618575       0.99148577375558045       0.76435365458220317       0.87020042007883036       0.85219336028003023       0.85919131565849383     
   1.3670588847234975        1.6240084647944260        1.1133858389356743        1.3360805732766250        1.2827837510483493        1.3068321286696511        1.3787682000790922        1.1987010041120010        1.4286158026054627        1.2481807510393403        1.3755628356628535        1.2799561287013967        1.2846345560381225     
  0.80497485344317610       0.99938437151845871       0.98993116912619272       0.82052733949372325       0.88399322474067621       0.87495382492788043       0.48917441142283408       0.88079123776726098       0.99316809731071776       0.78055299226137687       0.89447060627375041       0.88362829711344337       0.88847849534111223     
   1.5235234799960680        1.2988410710384006        1.1508523460202820        1.4771590133227455        1.4695350815296695        1.3854301865528167        1.2848195333409760        1.3854516568526691        1.5862090433476237        1.1756060695726909        1.1742245737272985        1.2520847861304478        1.2211190426702452     
  0.84196413585924235       0.99954629439887821       0.99376845490984200       0.86798754401978540       0.91610656228920329       0.90810574903750974       0.55568076096776586       0.90505264248721629       0.99480220062503577       0.80182461161023522       0.91946659587095780       0.91041797864430818       0.91691882226127952     
   1.3714798895459006        1.6421505298996910        1.1920437178468821        1.2532148527462024        1.2214053480261318        1.3953617656397923        1.3362226938070934        1.5521516287644317        1.4207120893955458        1.4097440898983424        1.2182491668256967        1.0430366383169860        1.1746397260910073     
  0.88089825240362463       0.99969337603462771       0.99633477664177583       0.91553514627916055       0.94473446124096683       0.93989575531798930       0.67276804518703703       0.93304113638795949       0.99631858152419328       0.83069439107052878       0.94487864924856457       0.93693181111768487       0.94596425499971104     
   1.3885719194692188        1.6426159684081858        1.2651848922989826        1.5204209674297828        1.1806776817488458        1.2192416582500363        1.4142959125147956        1.2722075308808487        1.5495190740506357        1.3595145336825107        1.3028425340829457        1.3777140124880516        1.3794728732962651     
  0.93422917535722139       0.99984937286745101       0.99830279654162724       0.96054290148916821       0.97333091689521034       0.97059917693164699       0.81407940286811331       0.96715983562983665       0.99805555633527454       0.87087981140343607       0.97127637008281975       0.96629677249076296       0.97387827731920185     
   1.4228726529434068        1.7943511930035723        1.0913049349959640        1.5170973225175739        1.4593768656965429        1.4199928038129490        1.4785995966867469        1.2832393171189693        1.3700616348938541        1.2802883328511991        1.4606358617169977        1.1693274894029313        1.1402044976441514     
   1.0000000000000000        1.0000000000000000        1.0000000000000000        1.0000000000000000        1.0000000000000000        1.0000000000000000        1.0000000000000000        1.0000000000000000        1.0000000000000000        1.0000000000000000        1.0000000000000000        1.0000000000000000        1.0000000000000000     
   1.3196348655599155        1.3200866948117225        1.5381366307565862        1.3786801203890786        1.2256720235107423        1.2423344663015503        1.2776781446852743        1.2591059101708832        1.1311306065593054        1.3898102725439216        1.2117111656712694        1.4440652142706478        1.1841923855447287     
   39.225773116970338       -30.839782831472316        29.170647147881226        42.737155253782731        46.360272408684239        47.328995003173873        81.960686093746162        51.268522767687358        26.588765505390153        95.537539151939043        48.912385427450637        47.271096546115395        64.658012913202654     
   50.377039009724385       -34.006668443258214        50.154042305363362        61.767149456531492        52.154610299643679        53.052375646158538        51.624184315738560        44.153678296591188        26.847237109546619        27.462408055179125        57.562546853711432        52.034814031840163        64.341631690978204     
   50.663085656287954       -20.166885013200684        47.805092974043980        66.671969254528719        56.832604033630787        41.031716909894165        29.234317398423148        54.224846169327051        22.564112647399348        38.325200072083447        42.645260171793829        42.557716525446253        55.213315170231510     
   43.604228148793958       -24.996981492216563        61.982099685147830        60.055767624093285        40.869963411760970        37.265815157154982        15.940271216158122        54.641357246972845        8.9185943987751060        52.851853070610524        41.301645205796959        33.825626341556074        33.610996647984386     
   50.816887378949403       -10.023414947227117        37.599383358705659        59.360116159505942        52.223926125902743        34.113210354499635        5.2163732083475658        26.922280089038360        5.6839154973995960        49.482655077139633        49.512466319909066        54.220813915352856        50.829102362647738     
   41.898989192903969       -5.7074281438757213        57.253634640963298        63.479157478554981        49.968921609373275        32.121224228156898        5.6688846000322268        33.293866979578695        10.563748323289097        65.840162594619912        50.240622620722341        48.063744403731206        29.810743344065770     
   45.678061844827674        5.9259037077081125        47.016059810361796        32.798646631153233        47.461633598045559        49.564266425223899       -14.202204661432797        43.026281436820291        19.606718291813014        57.934971561728325        53.374305430423611        48.848331912934952        47.449818379169621     
   58.086591359306567        64.446473855063886        49.714072339978905        23.911799064729266        50.212384858807496        64.983432144085953       -36.728931213949089        58.854977455846658        67.646609535468343        36.477210500309944        56.034346264538414        49.015179868018699        42.138175513704248     
   3.1324871117407831     
           1           1           1           1           1           1           1           1           1           1           1           1           1
  0.44268504801486908        6.5387414054077567E-002   3.4371553601923112E-003   46.772295917608737        2.9550035754862689E-002   7.1006371754570518E-005
   9.3311043957907073E-003   1.0360839767188525E-002   3.8699830422433156E-003  0.66684128110078644        3.8679184369316529E-003   9.8971239976040516E-006
   2.4895230103237413E-002   53.403411995334366     
