   0.0000000000000000        0.0000000000000000        0.0000000000000000        0.0000000000000000        0.0000000000000000        0.0000000000000000        0.0000000000000000        0.0000000000000000        0.0000000000000000        0.0000000000000000        0.0000000000000000        0.0000000000000000        0.0000000000000000     
   3.4055386267499259E-002   4.3501122021411633E-002   1.3687158521029063E-002   4.3585399534828782E-002   3.8229921025717116E-002   2.4375057783464490E-002   3.5132960185101751E-002   3.0608946800946384E-002   8.6303868453136798E-002  0.21133547065700567       0.17566812098381179        2.3349396495847632E-002   3.0075212901992870E-002
   1.3613024410501904        1.6026400988785130        1.4845384040554743        1.5674936110309252        1.5159632117523185        1.1792149289989016        1.7587271793214940        1.4269285002638763        1.0034936585669847        1.0604441450697095        1.3836765655389986        1.7039412470151170        1.3475153249754785     
   6.2544191773424351E-002   8.5428829592303371E-002   2.7418105823573402E-002   8.8181809084494689E-002   7.7305656360878078E-002   4.9263340906828088E-002   6.8158306114989894E-002   6.2711892355457030E-002  0.18254975723408928       0.34834637417628450       0.22437885957876144        4.8605417663555819E-002   5.7832338276352924E-002
   2.2705324242757015        1.4872708200011577        1.6949791822588025        1.5551456498148561        1.4628664816717636        1.4780341853135612        1.3810254868736402        1.4192829811848215        1.4064192275999678        2.1208975429423345        1.1469453143400523        1.4978237671432666        1.1755810224474652     
   9.1924909911891964E-002  0.11978171240790314        4.2700724946123710E-002  0.12495980357493047       0.11652700057122717        7.6100280340145043E-002  0.10039087081050384        9.5894283736456976E-002  0.27446157226920470       0.38737366813250940       0.26368266283390235        7.4260221098856688E-002   8.6777938100559115E-002
   2.3126730632030457        1.4327751976728491        1.2157804179437117        1.2934102515088506        1.3925147995097322        1.2608848099194867        1.1579263752919005        1.4213077348125207        1.7078633883801304        1.4839729862626136        1.4391998209302828        1.3699848296515877        1.2842825581281978     
  0.12592878745597258       0.15408817740057329        6.2192884229639492E-002  0.15774819512446511       0.15468130535358160       0.10515923634864772       0.13262245038564838       0.12850447193289286       0.29642299195432881       0.42141197954705384       0.29837682303454421       0.10063944488037395       0.11647474241591843     
   1.5780351695430144        1.2415324785302098        1.6254904979873062        1.3676647636176662        1.6161629631389134        1.2808372895059770        1.6327739710047047        1.4960503277392840        1.2149313582365084        1.3950826527253177        1.6447746393248996        1.3681160998433954        1.3932577668520889     
  0.18872947950891830       0.18341028480099872        8.1359281545772544E-002  0.19337829894546507       0.18448699733411195       0.13295938124395326       0.16563637336810599       0.15697736479444857       0.33438627574496826       0.45152255204215741       0.32645462190767210       0.12916531008562426       0.15109313809698685     
   1.0955741209381964        1.3169988841228770        1.1084844805917109        1.3094178145611446        1.5716901722436241        1.3225066694364751        1.5845716167980337        1.2205445526520333        1.4826694106107987        1.1682966527613698        1.4604837460491202        1.7849439026757126        1.3393344636772087     
  0.27381303573287891       0.21140884631971649       0.11024246550795301       0.22127076763916562       0.21481308964174076       0.16456912739121154       0.19573098171848163       0.18718005742931185       0.36925030930507852       0.48325723446338376       0.36018158597377775       0.15908453303358416       0.18778615931643877     
   1.4456152594419998        1.2286574371978063        1.2177933004009260        1.3219575682399989        1.8400545484414992        1.3341140901364799        1.3241308192034011        1.5001535280357452        1.4790853940912252        1.5679896526240289        1.4617841148107058        1.6368299895357394        1.1561771784940624     
  0.36119835591006627       0.23879751948339767       0.13625101267345341       0.25165971409734239       0.24720252541412280       0.19806099048935014       0.22298033846216209       0.21909178437777746       0.40272868999968048       0.50824076683314068       0.39221516617950036       0.19159169726812131       0.21769845649433017     
   1.5591979793701161        1.3820292776239169        1.0215712038035241        1.2758658233321460        1.1790062096199725        1.5488309513731839        1.2577837634256057        1.2345328222831429        1.4011725534206758        1.3085683723777830        1.4646166351962417        1.2176624738903457        1.2877867188487899     
  0.43054166654049225       0.26691050988340825       0.16844383287336329       0.27989181994254586       0.28096671313012628       0.23339741887820914       0.24904470198058890       0.25156193446007596       0.42749686912941265       0.53090531727075241       0.42284493590316852       0.21956913208371268       0.24699170916784224     
   1.3666586917643015        1.2502295828724237        1.2280151908018659        1.3670664025187995        1.3995932627087608        1.3922714220811194        1.2609621724746689        1.3151912370064738        1.3926904752224427        1.2289739562652482        1.4343181529398701        1.2855710635466631        1.1744865112951905     
  0.47939564572890653       0.29628341376125999       0.20670290120273518       0.31055946739797752       0.31103208036736407       0.26950452600914193       0.27472869162037183       0.28412781661110786       0.45176719863126774       0.55398429784722714       0.45336261765846958       0.25305483168466009       0.27557631785764453     
   1.3217612902798319        1.2240783663400616        1.2020442887854459        1.5378377505837619        1.3458016186389732        1.3940778215770526        1.2809859102736505        1.4252330161226279        1.5054883657836773        1.4993993360239979        1.4910358127916234        1.4746066312377584        1.3448923351734581     
  0.52542902284202309       0.32213789421604738       0.25182286548968535       0.33893682213323184       0.33821151545350031       0.30442474337355796       0.30651195876368520       0.31543290977426558       0.47336918992421800       0.57551482926124986       0.47916562322964984       0.28695762945049896       0.30606632673820522     
   1.2993499374886046        1.2031741587396947        1.1593180212334779        1.2193342628385657        1.3295552413642810        1.3427917662463447        1.4633752822611572        1.3174755267176974        1.2558131578640988        1.2866286330877188        1.2590591380981508        1.2275143715993122        1.2782928521729116     
  0.56611958543085916       0.35162008807208417       0.30009935026089529       0.36173634217388406       0.36401344010667225       0.33980920884118515       0.33828753548482510       0.34578785042115340       0.49709412909301542       0.59486324668492851       0.50486062359109829       0.32478376825880245       0.34284878392785395     
   1.2879541815879170        1.3489148081430342        1.2030240550879634        1.3631913713686497        1.2858328477264354        1.2447072444795457        1.3941942002398164        1.2556820380996259        1.5473784856001240        1.5360284178467507        1.1491170007817628        1.7444557052254162        1.5379104472061167     
  0.60300659487658770       0.37989863501113724       0.35940743100885075       0.38277983147284084       0.38991548096756978       0.38052671716593583       0.37421969119192861       0.37549754763357063       0.52217763901609338       0.61224184862924902       0.53427864096568189       0.36423334392254730       0.38076847248696594     
   1.2762161495036983        1.2423029720939205        1.3871933361360671        1.3855515961603802        1.4798404217343912        1.3988120245968738        1.2825840547955363        1.4623602112160514        1.3468957480216754        1.3091908980254141        1.5979859894772497        1.5875798482630439        1.6996052058592768     
  0.63409054298338174       0.40962616752735881       0.43001982831165086       0.40365368011010083       0.41674592013627665       0.42159422497178672       0.40145787396055732       0.40425896935216443       0.54559088118582466       0.62962844579470667       0.56770556026126018       0.39491324548071716       0.41205895064021114     
   1.1974608037066372        1.1769448338589499        1.5493522820498116        1.1916969765577381        1.1516761639015198        1.3208686485009218        1.0860053532739853        1.3488435290142724        1.2136791284027051        1.3036692826986154        1.3290644991290561        1.3123901692000504        1.4150053404321474     
  0.66881499278481060       0.44106439457903207       0.50237757929760862       0.42647982552158908       0.44605861289579574       0.45928491567551644       0.42950884133489803       0.43137521145881252       0.56848259844510018       0.64741239901402658       0.59634017387956695       0.42256914312334365       0.44185989738242509     
   1.2627680517582895        1.2402215366557743        1.4736615906198736        1.2471059742984345        1.2293726810529655        1.2587665133280193        1.1872363275071003        1.2464654599390097        1.3833902292348816        1.2471603978316108        1.2824315316278332        1.2289354922777507        1.3158087107781968     
  0.70293255497467499       0.47456232811888804       0.57402531851297134       0.45107143644349357       0.48168982918735753       0.49635260905716821       0.45784615905019366       0.46151755567927660       0.59135972764131639       0.66630571536055538       0.62143817599108531       0.44854890394816277       0.46839616667280043     
   1.3327908637683104        1.4879709880225858        1.6807610723115685        1.4588718719035914        1.3842396391683505        1.3276904792329287        1.2297092696262737        1.2996064339487767        1.3204494822074770        1.3772610882086096        1.4807712948997418        1.2105142902085053        1.4549485575189507     
  0.73267226157548937       0.51077240559668158       0.62908390630143596       0.47685894452799205       0.51525071896352914       0.53477413449606415       0.48863095462713152       0.49496110708013868       0.61408328138437052       0.68396562496966173       0.64676949543452289       0.47647255343871070       0.49670276720383749     
   1.1264916446683340        1.3652002200065025        1.3509513894392196        1.2875292540713879        1.4451471491130461        1.4237928841190335        1.2215456887637173        1.5131900925571251        1.6518910940044789        1.4068308495217730        1.3001927754787830        1.3252589275060487        1.3932218958810076     
  0.75433879529838010       0.54790010003398337       0.68457504921295131       0.50295618980397627       0.54497434058376704       0.57369429867563204       0.51770250894257908       0.52853540641325247       0.63459398686179425       0.70150247983552216       0.67152308961678597       0.50315382899932393       0.52655438677253663     
   1.2059034736089556        1.6957004032890655        1.4277652398128871        1.2042246144643807        1.1857505736097069        1.4292646445756021        1.4415140869446381        1.6283789940981601        1.1414750241533278        1.2497668371768966        1.3414861884332776        1.3893381713750235        1.2766667104508169     
  0.77764970028717362       0.57953615466277342       0.73236576279205257       0.52901760833944267       0.57164014876435698       0.60994238072011164       0.54404286620431219       0.55838647834367694       0.65483718379317390       0.71859609800654123       0.69807991931848001       0.52876202347995094       0.55549252350832867     
   1.2286294915891498        1.3478432585610596        1.3888987241137161        1.4100030619380501        1.2025982047787835        1.3722410070665576        1.0506821752636641        1.2704072750515021        1.1662299167257526        1.4144384428751815        1.3326977346241713        1.2587665133280197        1.4487685486991231     
  0.80157715297494647       0.60724509856818343       0.77602468578269057       0.55562752225661705       0.60169487516206044       0.64746047711253163       0.57080510772203186       0.58496047512031690       0.67506684093842462       0.73450428979409110       0.72676204436805536       0.55641342195886168       0.58623872425614687     
   1.4222421404354064        1.4222992397864866        1.4456711189769733        1.1436441086152251        1.3214957182300306        1.2503908112876696        1.2040599111044044        1.1981845844046051        1.1833182522028698        1.1385301918298099        1.3821270266750090        1.2144121253588425        1.2456577409868710     
  0.82470764948716346       0.63285816656944927       0.81619052367417133       0.58131591778540748       0.63002486258435475       0.68300502093909865       0.59894489670967577       0.61395594705811940       0.69576641188119814       0.75030876825491277       0.75409686513677465       0.58653322685389375       0.62100343758356835     
   1.2689857081152927        1.1382959325287820        1.4721694660471261        1.1801392847925090        1.3647913887465868        1.4757794590466078        1.2991398514578301        1.3688988362275916        1.1394275516894694        1.3940078040396908        1.2068053230605802        1.1760034364728946        1.5219446890463719     
  0.84250455853201056       0.65905594088273478       0.85573253013591866       0.60794844614217314       0.65897516979165727       0.71894151111000670       0.63266390978282239       0.64595196098579866       0.71841163147643350       0.76398017637302307       0.78140300406608032       0.62008534990227260       0.65954805643145198     
   1.3487809182097412        1.3228144270431039        1.4432690279571809        1.4266508883039699        1.2526317407146255        1.5241439781773367        1.3515098685731195        1.2855631425889793        1.4522597574902496        1.3294067157084168        1.1777002110242072        1.4289812052818318        1.5489340517479544     
  0.86084180786564513       0.68628349405517730       0.88411779762222387       0.63455348717816495       0.68915881824543945       0.74854005981320582       0.66922232143500260       0.68104808814151674       0.74214714837364670       0.77596022012067867       0.80586445915223370       0.65258392941079890       0.69694774050865738     
   1.4101178825716059        1.4029991956177654        1.2146590431826343        1.1994071107593840        1.5283341560469295        1.2607221284949435        1.4208808764119687        1.3688992641069828        1.4125144701444192        1.2200863046796990        1.2375295820574541        1.3481347875618439        1.2745218820671587     
  0.87904355802873069       0.71690954934040763       0.90501814285685878       0.66155587971256669       0.72462060300162945       0.77565458386456199       0.69933388510921246       0.71422770295510762       0.76559765545054759       0.78932799796708564       0.82852053815502902       0.68140163664377884       0.73331559655850798     
   1.2202018705992050        1.3306833469720698        1.2135448137584171        1.3616631631265692        1.2353630719435533        1.2299718534285335        1.2517532882902478        1.2651002269348275        1.4332159813836607        1.6455173658779436        1.3898278984664838        1.3310474680980418        1.4767124021637148     
  0.89669032307873653       0.74799801921164211       0.92125287966819236       0.68844315525011957       0.75640005682512224       0.80310776641038395       0.72996747987634958       0.74498344612877399       0.79057691404231489       0.80322722907087163       0.85218576662730783       0.71182767710205230       0.76978261424794259     
   1.3429491644541054        1.3370540132566056        1.2395403427649554        1.3590238218458730        1.3503937869604872        1.4664984711117677        1.2555294923941278        1.4896586145359636        1.3296910653018617        1.3045924024071562        1.5417290793223255        1.3154444512258179        1.3190465455298126     
  0.91271570496191379       0.78126634905845294       0.93666818993713663       0.71859821629806708       0.78376691732531312       0.83100584305187608       0.76008024704128907       0.77669300076866166       0.81440771586171978       0.81806802192689909       0.87250623397159999       0.74636609762831474       0.80064388198504310     
   1.1579766885478813        1.5607523267971539        1.3546710308272396        1.4408468852397363        1.2974798318393692        1.1775601301937393        1.4089413576192942        1.2477283855451875        1.1432810583571462        1.7570189136296506        1.2673084802661412        1.2006702850004145        1.2997874111801291     
  0.92901431695850500       0.81365246057434559       0.95177506354966546       0.75621218844924298       0.81087240217042611       0.85362852239227460       0.79227425222770120       0.81087927334116572       0.83879433204592901       0.83236526098743946       0.89136536496791507       0.78573265014104643       0.83097508792264063     
   1.1746547534344707        1.3351695534935184        1.3899762357315750        1.4577116965444099        1.1615761758715284        1.3689703643945037        1.8174319137400354        1.3679651187325212        1.2415796545002837        1.2211968164570772        1.2145069873039551        1.3013293166813151        1.3265257770648304     
  0.94415421659103349       0.84636075284996282       0.96532782430778075       0.79472465751075649       0.84187326233520143       0.87585170424724490       0.82624104502613460       0.84389647981671567       0.86224647574393187       0.84408019894432451       0.90968131256393869       0.82283668203813376       0.85808088968483431     
   1.3506674287499369        1.3073688490571247        1.1370045566406524        1.4276371526334712        1.3606901738290984        1.4820470939140147        1.3101992226078087        1.3589391035315628        1.4045710645181280        1.1502529180283942        1.4919109912682746        1.2490606867161562        1.2277895146570108     
  0.95824457369623539       0.87862853942735342       0.97519163678733989       0.83471600273598956       0.87288318262022635       0.89764734527773549       0.86120808747132660       0.87878647834857104       0.89009433249298986       0.85576238999280096       0.92780839695806983       0.85959676720412137       0.88733430772693000     
   1.4529676818040549        1.2952912445870768        1.5409724960468476        1.6216413223799773        1.4241671535793317        1.1945473620910556        1.4212470647924795        1.3689669555230486        1.6508802292080558        1.2223276303155592        1.1552916267410076        1.3004520884147459        1.2210473873126411     
  0.97009206664838810       0.91288912578700299       0.98340293727248940       0.87788072440029141       0.90612176972478042       0.92182695525330782       0.89771827668288029       0.91205792642440409       0.91424131091204208       0.87478557136310953       0.94534949556701309       0.89600733671725552       0.91379000204988992     
   1.4090930691437524        1.5494495484515920        1.4087991324986167        1.3922422210981344        1.2332292684157253        1.3185674888772332        1.6107971017356424        1.5607385362935771        1.3476594583241008        1.2814028007547562        1.2043994508845521        1.4373127864832880        1.3291509832158372     
  0.98074239038190747       0.94486397445370029       0.98940628854944668       0.91761196663863787       0.93824489485391060       0.94822960389533706       0.93230737876884251       0.94270196683879659       0.93951566509293238       0.89405789000810365       0.96421648334911469       0.93103363606706513       0.94071073812976769     
   1.2728753501795307        1.3792218011824779        1.1529344365418099        1.4873167766435691        1.4222224491226856        1.3583920482914105        1.3571311027575297        1.2532828900744077        1.5351372082207191        1.4592097808459985        1.1702834808151963        1.3172247775590629        1.4837241265848735     
  0.99069113921041985       0.97308404508739055       0.99483374617211595       0.95704619360871401       0.97004857256644639       0.97473396136205726       0.96645102001150640       0.97182930305755688       0.96969562681519872       0.92244394309040745       0.98265811607846121       0.96598436435983837       0.96773248599348938     
   1.1741025627236359        1.3775134598991219        1.5410453338944572        1.2132828515965053        1.3396867704772824        1.5674163027874837        1.5143827785185977        1.2808921829045219        1.4711045528904019        1.3456588550987625        1.3854506529364214        1.0672251007651512        1.2909783019421179     
   1.0000000000000000        1.0000000000000000        1.0000000000000000        1.0000000000000000        1.0000000000000000        1.0000000000000000        1.0000000000000000        1.0000000000000000        1.0000000000000000        1.0000000000000000        1.0000000000000000        1.0000000000000000        1.0000000000000000     
   1.3266226148945419        1.3770622213068986        1.6250015789386325        1.3288571807692229        1.1712488022428102        1.3752127605221740        1.3541645980050012        1.1605048344298516        1.1928721931660726        1.2197576091895068        1.6491469343688767        1.2368499407245324        1.5177220593474074     
   11.385345359538116        10.554144521807558        11.295420887928087       0.97025274663390504        8.6146338040963553        14.373211576999003        4.8126428414060918        9.9059627185006427        5.2376777221987467        5.8414820359024073        1.9555656366035024        10.580069345986534        3.9848983567233125     
   11.177367369663918        6.0599522350522106        14.345980271412754        6.2334997167923216        12.638889695130253        3.9229541189985158        5.5119871154167779        10.994511971950583        9.0821335999957391        9.7916536168162924        13.754777132640976        10.599943574498264       0.22162492061466521     
   8.5746751450725291        12.532367809330967        8.0214286585358110        6.4644136619204930        8.5336278537750321        11.567829604179456        10.118205336768860        8.9878419686935000        9.1058883362345693        6.1486831757848952        7.2360477703167030        10.556368251419023        6.0313172836600462     
   8.1081404050915022        8.6900781828572420        7.9442795688904209        11.676184396570433        5.5980424920447476        9.8946687035702698        6.3263757582657059        5.2297913842503387        13.094356709138591        5.5505970381576546        11.021613352099083        8.3357992231864166        2.7494504873294803     
   12.813455041761770        7.5832887125620561        7.9533877179824204        6.2432048143322882        7.9752102993576521        10.102080854416826        8.6684853468921830        6.6001965824842674        9.5118623714625841        9.3387168218970089        11.522954924911888        11.658093551828953        8.7775222192685618     
   10.653618025499041        3.0966304757565517        2.1493328450194626        6.6231293349397840        1.3560714712961059        9.2630610026969418        7.8656019316431305        11.949750505492663        6.3038815594367792        6.9916364618119333        6.3927234409914444        5.5812895706352563        11.507415935583055     
   8.1336881520296345        5.0969296805787234        4.8568286781338070        9.0458032055347672        7.6690056576160792        8.1047840443180590        4.8965083397544804        6.8454218362318304        4.7666254192881654        10.027140025733337        10.824901596735391        6.1606029020741966        7.6312706335246663     
   2.5928295709102382        9.8773305425383633        7.8235457791347383        12.598418765077522        10.483033193261278       0.64582167825826620        9.8100006314937609        1.3190753369204840        6.5057470349021331        4.9611293931289646        3.2558214082333610        5.5708602200884769        13.832808882273598     
   1.4450123025745960     
           1           1           1           1           1           1           1           1           1           1           1           1           1
   1.0211241250438798       0.52123336657181352       -5.5440993234397934E-003   7.2464293479452540        3.0209652846962563E-002   6.5786384106755175E-005
   1.9040861440394914E-002   1.6778068681269971E-002   3.5419735067588852E-003  0.50142223861392488        3.5397828190511823E-003   6.6445896516433221E-006
   1.0195421428286333E-002   7.6874497226919463     
