   0.0000000000000000        0.0000000000000000        0.0000000000000000        0.0000000000000000        0.0000000000000000        0.0000000000000000        0.0000000000000000        0.0000000000000000        0.0000000000000000        0.0000000000000000     
   4.1182807177070208E-002   9.4763579019074604E-002   2.0684252415235103E-002   3.1151424372759400E-002   3.0237856183326473E-002   7.0546920048051007E-002  0.19169134859160403       0.13356817410504251        2.7251870748032529E-002   2.8726394637839256E-002
   3.1960977509615640        2.0604820837321691        2.6296329036396071        2.3784207674588096        1.9960078377271047        2.3399882711057201        2.3260840774317773        2.1564418325771233        3.1045563219536767        2.3287112190236008     
   7.3500392669806555E-002  0.18840993483640012        4.1353438194937274E-002   6.0358727407548246E-002   5.8835055006295989E-002  0.14292777822325167       0.26205754490721833       0.20216734699786879        5.1019424345565695E-002   5.6850371213061454E-002
   2.5520935093144175        2.4593900704042171        3.2022550676346797        2.1161108034250051        2.4344301738117702        9.1568997314551694        2.3379565069328168        2.3086754552671409        4.2605044960336018        2.3885614225872316     
  0.10070258292063529       0.25688562037880353        6.4207023370970617E-002   8.9625607282828784E-002   8.8151993954347613E-002  0.16839638158648376       0.29714996747948774       0.24269497299990095        7.1829420098715374E-002   8.3993887478806706E-002
   2.0856890308682154        2.2562091174131265        2.9102169126281430        2.2660093738222686        2.2268336131255886        2.5932671272508721        2.5655531855328286        2.3210437121645957        3.0817162964053519        2.2850951195959515     
  0.12765579753941084       0.32752193671731517        8.7758938237972789E-002  0.11860196891104233       0.11892645863306657       0.19484007769424000       0.32437974931872315       0.27267014624957725        9.2022206571514747E-002  0.11018284553549602     
   2.2009354940532013        2.2195553684779625        2.6252321761517008        2.0362072627360903        2.6703002012491557        2.3813071113673296        2.3766348791589262        2.4718665212829376        2.5004972008389084        2.1531999879632875     
  0.15655396409964276       0.39240033895739423       0.11277941755175573       0.14765486428520153       0.15011563600640598       0.22168689257927421       0.34840170026719836       0.29979670823493454       0.11292788367429804       0.13631337419591871     
   2.2419799420363749        2.1357325193949883        2.3896865905797324        2.2291540744444500        2.7773000561789063        2.2113590028512147        2.2107610841498349        2.5074303978593373        2.5611088452159620        2.0264654780988400     
  0.18846930430470527       0.45900676352674541       0.13652607104024936       0.17682901601266221       0.18166935752111590       0.24881169317177693       0.37130860890427486       0.32602741984792633       0.13478984853859605       0.16305486768979499     
   2.1722751891682033        2.2774542646785578        2.3668992810063054        2.1160254915387493        2.6106216961391535        2.4144025903042472        2.3767611839589580        2.6350435191236903        2.5190132965670897        2.1564288328682277     
  0.21974604394671543       0.52282533442400947       0.16010642586662374       0.20612255360663176       0.21306958505516807       0.27390263232059597       0.39186922570181393       0.34892233321420540       0.15964970182430249       0.19106008650522868     
   2.0725644103096283        2.1698598737893562        2.0454686225142500        2.2654577477142519        2.4029620465866213        2.6839072828491726        2.2940969180300281        2.1190666838305217        2.5037375588267370        2.2198171528029773     
  0.24967079462803640       0.57815905756983643       0.18445605039221888       0.23756833594513097       0.24381533933557564       0.29797264806385104       0.41211627448554483       0.37260007951006890       0.18617100278933196       0.22089469844285653     
   2.4927348945782435        2.2908901172197020        2.0437861832577360        2.0193813483431091        2.7308573437146269        2.3534100465448731        2.2374742791327260        2.1797865075668397        2.3710913785389773        2.4301730524070537     
  0.27805067754769042       0.63040428000098103       0.20997562960231858       0.27336184311239897       0.27545457279871344       0.32223988041222684       0.42863355028751343       0.39525953512158957       0.21438357064418029       0.25355174485816767     
   2.0995943321500383        2.0286646148636667        2.5330693360049454        2.6444445534903838        2.6538746288539206        2.0400342746626192        2.1101574042624378        2.1732481460416175        2.4410083083427745        2.4022900574754416     
  0.30628367514915800       0.67449783070309355       0.23641557876801059       0.30812595237507684       0.30877298874772818       0.34679885419461276       0.44400981005198648       0.41881559132872137       0.24371081919550794       0.28693061013111931     
   2.5595249679860781        2.0193233291172503        2.5039209615941216        2.3402124759516965        2.4306450031086397        2.1280683504982689        2.4196491413696899        2.5394935505523262        2.1741405274597181        2.3734590487443903     
  0.33609731806322846       0.71321103406234154       0.26404933783592449       0.34129013567270544       0.34083434444909200       0.37148309543281938       0.45941114177900821       0.44600455486710289       0.27537654677972956       0.32226738169269870     
   2.2260247584667607        2.2527590763123095        2.1709690300384934        2.8333248791367951        2.3855785472746511        2.4108457271421950        2.4189619367293842        2.2352636008380311        2.3472696025043218        2.3017269070646140     
  0.36773818006194825       0.74541400921174306       0.29562541333271791       0.37262442055921768       0.37479818868557652       0.39750269348227674       0.47458926851433181       0.47263494450668159       0.30829139105776082       0.35832315250402530     
   2.2942915856534514        2.3397553905483752        2.5499920182916815        2.7875616340798177        2.2539035388293081        2.2177233682869431        2.2951627087325499        2.1207758832318198        2.3896825461803242        2.9299482900991674     
  0.40168124822060586       0.77729512329605155       0.33134299984915916       0.40753357650102151       0.40419806122072138       0.42294890684735303       0.49025751524666911       0.50041930880613372       0.34444130198185036       0.39411634481392011     
   2.3508294338007971        2.1946728995852745        2.0282417110565931        2.2050414702534193        2.4008816901729899        1.9502674881292930        2.2369892462818868        2.1434499448004765        2.3558371988189646        2.5664325467297955     
  0.43509834176703099       0.80811446237029527       0.37222452203910800       0.44119501158095498       0.43442540933932794       0.44760253594356331       0.50494165565638993       0.52953622089174579       0.38038056587123253       0.42927597859829436     
   2.9559741529761610        2.4697717069126210        2.7458177266517314        2.4372706878535841        2.1321063402150155        2.1487681340224669        2.5612388527922643        2.6080569456291678        1.9611555085420698        2.2106317022871660     
  0.46980023059865006       0.83496350049908785       0.40879658012514375       0.47581336048506967       0.46446839009812352       0.47119990899000602       0.51903317447079333       0.55990403437587954       0.41410613289476916       0.46266563771188679     
   2.5759884745507637        2.0231397489378846        2.0131710208163311        2.4082225555550436        2.2112653271385110        1.8810087196606711        2.7590240579637104        2.2823232712101778        2.5596477906570931        2.6777035997316734     
  0.50370389866668253       0.85802749285827629       0.45097377903400204       0.51103134960432084       0.49614920413707175       0.49560541522846258       0.53246205282496017       0.59066032458368689       0.44664448197421963       0.49445302116814110     
   2.5030301353904489        2.5890612088876006        2.7289766512713114        2.4645477384940406        2.6052454554963198        2.0372179469177087        2.3130982477453004        2.0357193885563252        2.1397286353412284        2.4709161235558987     
  0.53670520256649024       0.87816910652590396       0.49095604716658325       0.54545431290004853       0.53001734120191202       0.51966250448859952       0.54568781022993929       0.62315703961360380       0.47852634399008337       0.52426270063174418     
   2.3094145612738348        2.2693531706557084        2.1581011089524282        2.3393992972336228        2.4838373853539104        2.0554221447716818        2.0374370709402667        2.4470714007053602        2.4971174639697549        2.1705231206661018     
  0.57037112600689255       0.89661646527515515       0.53171003771736414       0.57973101287982276       0.56606382141164913       0.54573462989105836       0.55941419708649520       0.65545011293260314       0.50954117741698290       0.55282637019885505     
   3.0006957713488740        2.1886293138757487        2.2664912921532285        3.1137294232312360        2.3845066271721964        2.3248627982189989        2.0078614171909974        2.5414932893800550        2.0822745020064972        2.7421523290192273     
  0.60118765698838705       0.91217867586175461       0.57224396800246113       0.61180839290883104       0.59767279493183079       0.57094902482034149       0.57298971325567649       0.68963237851398673       0.54005676939631786       0.58097008345907508     
   1.9251133521873196        2.6744320239846036        2.8097344651571574        2.8449275645099026        2.3939631143568572        2.4026827303002185        2.3192711787573477        2.0475735075211245        2.1096746040391334        2.0750571638138924     
  0.63150360479594414       0.92719407721663505       0.61419141001755573       0.64446527958426003       0.62819517263419267       0.59701946981169651       0.58725551629378281       0.72307000172283598       0.57117204392708043       0.61160822249359525     
   2.0108890710619973        2.3137193856457183        2.2148786000909011        2.3706040163379871        2.0690314670112078        1.7730993908950321        1.9749645245381624        2.5058673032670220        2.5603092673204633        2.3970596267035513     
  0.65831433661696170       0.93831660152566332       0.65743111352574746       0.67500193836488909       0.65651024547222103       0.62275988110775082       0.60224773388640518       0.75692076594160185       0.60209105720002487       0.64451939731822205     
   2.2385811530400939        2.2341797696835952        2.5268594120344967        2.5075441299636148        2.4683365969739164        2.1795758226853637        2.5622170982439942        2.7117580931715191        2.3526046086460504        2.4937569985575574     
  0.68798553396223427       0.94943467063353215       0.69956906168652599       0.70584636850716520       0.68403639448509945       0.64820345257762113       0.61846134218752147       0.78986319723052556       0.63135534898232837       0.67809672314538905     
   2.1989496274554483        2.4386836929799225        2.6503492174119612        2.1115648715456130        1.9762740034276092        2.1971696574060107        2.5441559188554632        2.3278828002770604        2.3455029508372713        2.6554949295080794     
  0.71680156985093069       0.95824040429555946       0.73413319705803404       0.73307963103379847       0.71184274685730264       0.67233302412696072       0.63340511609178007       0.81314840504459218       0.65968306528779119       0.71267890573937154     
   2.1019234145671200        2.0300364680396856        2.0619715301728792        2.0638657822028343        2.1927080977287865        2.2140237001258649        2.7012968927980343        2.0143008919029231        2.3125810156455748        2.4225346360672146     
  0.74654093974790292       0.96616487831522357       0.76379710044057025       0.76227512498947014       0.74073503295444887       0.70262620310435708       0.64649545898788963       0.83804571535400929       0.68721430370480863       0.74683773888310534     
   2.3874985178001573        2.2100472910632298        2.2665204195774749        1.9939067410287330        2.3789075271473803        2.3013493863953904        1.9118537043175134        2.0116098523104888        1.8686451014493481        2.0990473609445521     
  0.77681669147784016       0.97270958526068874       0.79351493577780852       0.79438916614843103       0.77056046157095526       0.73159362251823012       0.66253171518373277       0.86019546458540608       0.71831015484053784       0.78330129807612059     
   2.2015071768276102        2.1262668516266237        2.0071266616316423        2.3438770692384656        2.1992652463472719        2.2936994175997691        2.4450123985363539        2.2678999678815468        1.8802704015175569        2.6987141472978817     
  0.80712662624171272       0.97844349310687906       0.82330028783192255       0.82520866921288227       0.80311961443280844       0.76051895961113225       0.67990881836306394       0.88503928007436361       0.75617103965424270       0.81825482698128771     
   2.8095424381777878        2.0818216031234038        1.8944666761251268        2.7027968215710962        2.8804083376455560        2.1716927256400393        2.5264097046767171        2.1199660536161913        2.2673794676576091        2.1677457438318628     
  0.83827021114078248       0.98365004539216028       0.85354103054688912       0.85480186208784148       0.83630768817053125       0.78940678873951409       0.69850832873069957       0.90704879447485187       0.79829491737357083       0.85105857292933385     
   2.5123178602510774        2.6176478541710821        2.4712444382385392        2.4547967779552091        2.0342938631948098        2.3296009235660073        2.6372689651101702        2.3879232193488269        2.0238819378641266        2.3485604890338232     
  0.87057942703141611       0.98752834006448809       0.88572888008700779       0.88117946690155846       0.87158423148133446       0.81782852880690604       0.71514582640652635       0.92860485217836874       0.84169081293573500       0.88218336644010331     
   2.1161048425000111        2.6264699639795643        2.2638443183799000        2.2996042869988909        2.3431561006217949        2.1922846664412776        2.2000397505271878        2.8162053644826281        2.2371332930820449        2.1104528594663665     
  0.90444659220536872       0.99091189620374687       0.91357572468478176       0.90953104916798722       0.90607440109863568       0.84974793194019593       0.74618512639714285       0.94687153317713346       0.88572497244463344       0.91343465996155004     
   2.5194607440082537        2.2557226547178195        2.0531666226635101        2.2143579660795849        2.5008855041852023        2.6642081699382398        3.3151959827021700        2.3499443208669901        2.6744880908179711        2.4222394838228505     
  0.93833514067363477       0.99404997513620197       0.94072689803989951       0.93721936775161208       0.93951518850576643       0.88440463627717403       0.78812552009220527       0.96521901264262677       0.92604231767863143       0.94264857338196562     
   2.5201333393765784        3.4083664459542442        2.0355462054837736        2.5713499857024691        2.2731201448337131        2.1936477850573293        2.9534414064254917        2.9510931844394919        2.1164005659535268        2.4748572267724160     
  0.96947098732609482       0.99706557134824136       0.97004212859242467       0.96720516294386261       0.97105653451673257       0.93063456266980749       0.83159875333984701       0.98237667553489150       0.96434010830667038       0.97087671303998380     
   2.2448612269570329        3.4586327155046281        2.7284164822093424        2.0979230897724337        2.5035687604411940        3.0065919556221634        2.2229603309780614        2.7398265182209829        1.9930193759907793        2.4137751213568941     
   1.0000000000000000        1.0000000000000000        1.0000000000000000        1.0000000000000000        1.0000000000000000        1.0000000000000000        1.0000000000000000        1.0000000000000000        1.0000000000000000        1.0000000000000000     
   2.7442596671214683        4.3180920635918278        2.6146072550474417        2.7641252712624556        2.1891742804443393        2.6737273388618106        2.1647549187951651        3.3245659900609841        2.3027265409272242        2.5352364288913125     
   5.7669560383709637       -5.4106046580501008        3.8350090261211287        5.1603809443615187        6.8834206738248556        5.6669366295152352        6.3663852952021394        5.8370164210032458        5.9128584277413490        7.9278115693588145     
   5.8886214018625322       -2.1161988674233374        7.6573724044620457        6.4889830936507931        8.0075425730496459        4.2380202026051697        6.4942565223633810        6.8136506332707816        4.9776043706978879        7.3281598044571865     
   6.0447665020159693        3.3012444098547231        6.6575816958264173        6.4467896817367851        5.3508712404344339        3.9966950131232331        4.4803004145496308        5.0508501256923051        5.9309443933008446        6.7114313142012838     
   5.7315455109384494        6.3266221549036716        4.8014826379441766        6.0877201296338672        6.2274369179321694        4.6757606874024074        5.3280344338927792        6.3324415377178420        4.4375228812292686        5.9996032604003586     
   5.4053994278742126        6.5077481736196381        5.3499301460175035        7.4330419233607454        5.4403438588422937        6.1015105566199725        6.6000155945600820        4.4713598121495464        5.5154467906201576        4.3806377814558921     
   6.0092462029916156        4.9362986290035105        7.6787385832660497        4.9047211632695458        8.1732555589730005        6.1250914703840103        6.4438457867864969        4.9585619027694987        7.0576725746903959        6.1387515971840232     
   5.5515848354385238        5.4822993068302814        7.2100939543388991        5.6131961318182162        4.3119045836246448        8.4294787468414345        4.9577651683530233        6.4995634179546924        6.5090107051269834        5.2521022378572368     
   6.4372191595675439        8.8102690285147673        5.3040876427691508        6.3657323243236830        5.1525627345710872        11.077159722960594        5.9457448741092591        6.6335283641555529        6.4370221501253067        7.6466949852708677     
   102.39343347446383     
           1           1           1           1           1           1           1           1           1           1
   219.88444003071916        73.146969823839342       -6.7200644396428713E-002   6.0076793433394871        3.6455167018306893        6.3644182906278345E-003
   2.0943459489424598        1.8061117407973335       0.39129638501057545       0.25786453515879915       0.39113209874818339        5.5370551471794192E-004
   5.0000000000000001E-003   5.6133591837845795     
