 scale variations:
          -1           3           3
   60.962718906246977        57.570630317528440        64.804483938711186        64.628190851706336        61.017824437818561        69.077938479111495        56.517437820240886        53.246509497265933        59.979789562273140     
 pdf variations:
 NNPDF31_nnlo_hessian_pdfas         103
   60.962718906246977        60.906680879239502        61.156614617365477        61.098898576257980        61.117472013382340        60.927930973966340        60.873427571350291        60.950620497929151        61.039568585104114        61.020372551272928        60.678322748526185        61.199485672744700        61.384757949440065        61.295021130169616        61.501725787377516        61.172883877134133        61.214557528104770        60.885449691943442        60.932162441697230        60.967665818403077        61.101148961893394        61.157574212942066        61.095917783287419        60.684466867356420        60.773652163385073        61.105454116258983        60.865491554559732        61.053953324965740        60.997264571439246        60.757405433071149        60.600510754361387        60.922374310169033        60.902681489033348        61.099246039458890        61.156233733991101        60.367332814268266        60.793813849518443        61.176370739819532        60.792634479772659        61.002718507565774        60.850777366884735        61.003229911989010        60.772666249903466        60.997102265852689        60.801365757552560        61.253275129212255        61.150654446676029        61.039173215253243        60.985460886890579        60.755316798278130        60.819486767821601        60.939663151322705        61.003892824999838        61.010074422279764        60.915073402476906        60.952679373849222        60.948898436458776        61.007483937570946        60.818026122748009        60.878859536456275        61.079591793484028        60.896609391233639        61.006923836653215        61.039084210017435        61.149201207681422        60.863022114836554        60.879243852764745        60.941023052131676        61.007837465779673        60.934163729696401        60.998205704246381        61.036952969300572        61.014065812535691        60.950123150870411        60.925639039738030        60.876443936258902        60.944734179183854        60.955262938576176        60.947570666129408        60.995489545176738        60.881810037341197        60.944711381082179        60.893593028370574        60.919683167765456        60.949477722880602        60.962313804874654        60.976844753204858        61.051607530281501        60.967983061690603        60.956877565464858        61.010550238415355        61.117242601135139        60.952437759889435        61.004582769447850        60.946299481507907        61.011460957523823        60.947783387073358        60.945089077615677        61.055144235661572        60.943616348302569        60.887055044085258        59.540068429270420        62.656429860788919     
 NNPDF31_nnlo_as_0108                                                                                           1
   63.994276065131416     
 NNPDF31_nnlo_as_0110                                                                                           1
   63.433288191060058     
 NNPDF31_nnlo_as_0112                                                                                           1
   63.216441455683167     
 NNPDF31_nnlo_as_0114                                                                                           1
   62.995730074762868     
 NNPDF31_nnlo_as_0117                                                                                           1
   63.130130735413857     
 NNPDF31_nnlo_as_0119                                                                                           1
   62.674128520609017     
 NNPDF31_nnlo_as_0122                                                                                           1
   62.369306193847009     
 NNPDF31_nnlo_as_0124                                                                                           1
   62.208036758508129     
 NNPDF31_nlo_hessian_pdfas         103
   61.299799977222804        61.399159416864215        61.153519419986573        61.492862175322315        61.452975785441865        61.484391310222769        61.216111356162813        61.268707191406918        61.016146590857154        60.998425480638289        60.762219546582180        61.478408105257408        61.753596419837237        60.922378918444984        61.632156103844125        61.095856843724803        61.573474633673143        61.335254496482058        61.468561822884290        61.188145328738472        60.932843452907363        61.639170038644416        61.407078308005694        61.416665761765515        61.194273721470950        60.975119668923526        61.235360790189311        61.384618645725340        61.327738501191725        61.322209978971998        60.806433271144918        61.371865603891706        61.237637661128971        61.676668945302254        61.439609058968287        61.544775362096118        61.622019039821794        61.236230229573792        61.491109861014024        61.376777150443232        61.444229681782105        61.320393198941183        61.438706800768657        60.968554949437426        61.477522884964216        61.444544940218123        61.502270715809658        61.058318810799321        61.191524985712071        61.564114185969956        61.124953511579626        61.051430000304478        61.279528381320347        61.258087452931122        61.138270780245421        61.331702552927204        61.393033763526141        61.454070910118539        61.329247733428289        61.116622546047225        61.180542143597457        61.347429892950956        61.310725482484472        61.207409882339789        61.322602547298338        61.351501502255140        61.246487086885637        61.226858019573342        61.340285439592904        61.324483477158324        61.449521452257862        61.353315149071094        61.260042114636853        61.414967062916524        61.322003364380748        61.325845824738707        61.378830951165909        61.275793717867330        61.258765126768495        61.306796318763261        61.338258515989480        61.331516724365386        61.307772807144616        61.266086607395309        61.365668013814741        61.340615073631604        61.334081504444114        61.252487706474383        61.368342272546926        61.457890287245220        61.265538772754397        61.261983364497098        61.333680434569089        61.312478969582088        61.273660760018458        61.211382120209564        61.364559356710060        61.324638538237025        61.234056494696780        61.237581070151194        61.359867926804547        61.370188818204056        61.397589689632738     
 CT14nnlo          57
   61.807667908695308        61.467101941062467        61.077245495178488        62.141972548570095        62.040290215023795        61.769888674919372        63.353449712252214        62.595879412234183        60.595998964858651        62.429288087836653        61.700074533480944        61.508350699079521        61.656428695277619        59.506583204350491        61.303487268842019        62.123501645681742        60.513012703545691        61.489789614301529        62.132037419342254        60.638168341591538        62.857449230323525        61.770032961152083        61.823585597110636        60.764986447007729        62.922613520156098        60.829505911743468        62.624663254245377        62.436510216117554        60.716126157308338        60.749640788974077        62.411722710453887        61.108988251280223        62.790973067678607        61.888629114956174        61.655872244960534        61.566199741164787        62.177788199499204        62.762345753102359        60.747841367944375        63.258937589515270        60.704496318505164        61.107913779640583        62.212586588675762        61.836202626310872        60.118071535682638        62.654222853578950        63.109101128602973        59.709625032719586        64.730353495348751        62.233450867846813        61.402942143223768        62.321547119705990        61.584489990645594        60.182118672164691        61.451133756674949        60.023567707022750        63.100343277517567     
 CT14nnlo_as_0116                                                                                               1
   62.111673594850032     
 CT14nnlo_as_0120                                                                                               1
   61.398976322984780     
 CT14nlo          57
   61.395409883132473        61.463479162821770        61.887589284944973        62.936901894123082        61.941212105007821        61.118847422511301        61.458864516290646        61.251679472347874        63.794569567070035        59.382566965044461        63.301407048866359        62.428957583237747        60.905208432209349        58.009773243854809        63.233423571844796        61.966751682216930        60.723031635411829        61.838498257664000        60.920767170000651        62.097726097220047        60.532986236426623        61.474047234634838        61.160779344220728        61.625198312590328        61.077903456572017        60.926010797799449        62.019910661146454        61.638087168953618        61.032500888347805        61.419124631193398        61.377121742849880        61.273902718490660        61.551863398168422        61.897631991115318        60.294091695433664        62.025872888194435        60.820066338372243        62.239808950085560        59.857033115117758        61.013479001175654        61.376947306312985        63.026511791876310        59.656100101753481        61.920835908633435        60.385222663804136        60.609080932968759        61.084601397815447        61.237723389590407        62.360699993208684        62.220147776588519        60.783128623304648        60.810144676935046        61.119593593149453        59.942083026978537        60.885269269049502        59.932613438926182        62.418714592588799     
 CT14nlo_as_0116                                                                                                1
   61.530857698750999     
 CT14nlo_as_0120                                                                                                1
   61.101909421531865     
 CT14lo                                                                                                         1
   56.849218003618439     
 MMHT2014nlo68clas118          51
   57.963379080752205        58.089741663220124        57.826681554867676        57.587312774125458        58.219272457740530        57.939618648174346        57.988347847435719        57.820134890255957        58.122286559345945        58.419656667256390        57.519353489988731        58.176547664428732        57.500637388178262        57.941405051555208        58.005052118381492        57.730245760424815        58.092443081366540        58.081269443913698        57.832797025277813        58.372218880250955        57.609842927059773        57.873581631573927        58.090628181036749        58.238995109053320        57.805384679660023        57.435385646453341        58.214795357749537        58.282422827264746        57.928744739487911        58.555114377531396        57.248586114677209        58.340807087045583        57.454845440944098        57.908478138118532        57.910040772097474        57.881455789137000        58.358682456397339        57.964587884002690        58.078297859862658        58.031310048207160        57.905380994303158        57.258300857384839        58.108716986523717        59.434499598810163        56.950800551567454        57.741995962910551        58.462474086717855        57.501830821629845        57.822773185048135        57.456596516932301        58.128594106575243     
 MMHT2014nnlo68cl          51
   59.644339191495902        59.722680198185849        59.544678863280780        60.004205725231941        59.283823604495367        59.156180366766598        59.836665071177293        59.369155170415404        59.914127436835926        59.868947359723393        59.422142474374013        58.611301830252913        60.086852173666543        59.684310712499311        59.588665755812748        59.446275834679255        59.858635967180362        59.898060988762253        59.488238590879945        59.406356946396997        59.962639420963640        60.018606356614598        59.376366346207746        59.899726480036854        59.346458185416935        59.580617008728680        59.814155860242046        59.982601493262749        59.591458063167501        59.252950040884215        60.568125791843649        59.694057978420240        59.545392712678378        59.451230195031371        59.973917402370816        60.121414408030539        59.482620182004482        59.735932402907672        59.620013188097118        59.762169404813051        59.560893363386654        59.826771408461020        58.809755935320361        59.795049508978416        58.647138127783876        59.048487376272931        59.770435373374220        59.824300363850881        59.549125393370666        60.013683490059989        59.204404171562928     
 MMHT2014lo68cl                                                                                                 1
   58.105111135637515     
 ABMP16als118_5_nnlo          30
   63.610428803707123        63.596369810270559        63.552302796245719        63.678274415293131        63.608842212967630        63.465373863556621        63.420592671457847        63.491689725711367        63.533121209865598        63.732754467812200        63.613230318194297        63.509148275764154        63.594411219393066        63.655871019652203        63.488220030357354        63.591208781817819        63.608733780542828        63.642677953268958        63.373470984771380        63.654604245520730        63.212391072742548        63.512014916952396        63.374971133707753        63.744030358833456        63.872340664676798        63.715255441033335        63.355188580061267        63.474951857199414        63.417823835328612        63.219071889968497     
 PDF4LHC15_nlo_100_pdfas         103
   59.174931955384288        58.759130035963899        58.863838328220623        60.090548364969806        58.950569866794261        59.400218906608480        58.255557482943587        60.249689539872378        60.204110409011648        58.605856032533389        59.359498014560558        58.687419100912550        58.582504083235236        59.931446441062462        58.928314765840952        59.050807405127713        59.075340023350350        58.878781779702521        59.565571615691638        58.859611978485233        59.164322495135806        58.967265085089167        58.768420457649341        59.062420124837708        59.289036236932169        59.759903999996602        59.294716155598074        58.886371518424696        59.336573801768935        59.211555285805403        59.012145032057141        59.215977315025597        58.716779460617673        58.913225182983574        59.429824206622698        59.320964398197717        58.973888039726447        59.111593124381216        59.047495888689291        59.193765190320718        59.072274636109441        59.164024336979914        58.942658133158929        59.156534133214471        59.250210077499361        59.172261799689181        59.339374775662719        59.282451690703624        59.209553783123980        59.291992729827207        59.242490347403951        59.089772618611661        59.133320753726771        59.160655384756922        59.067568851589940        59.271562987766245        59.171571152148232        59.075479347852209        59.305480964879791        59.400646370933295        59.178966008901014        59.112051253505740        59.318949399980191        59.271119291272754        59.194182748285471        59.142466032354548        59.201632137634306        59.084517250014130        59.150337953906437        59.165941794522581        59.322039739932251        59.117529283673548        59.036802890537956        59.078684078202429        59.239047479520522        59.149153390267848        59.115584584752142        59.166360142549777        59.208050255959279        59.099013121991263        59.079419255916505        59.154654185472054        59.191161707617113        59.199690948626760        59.209660665627027        59.169940555252097        59.165856127557362        59.147140971401669        59.177300915539206        59.175904103730069        59.157720727633176        59.170845520551055        59.180449115043956        59.184097281570942        59.206120544416784        59.185129116499908        59.154952497649333        59.171318533064785        59.178008588069559        59.143406200116857        59.155170628120800        59.106024181117192        59.079895991712220     
 PDF4LHC15_nnlo_100_pdfas         103
   60.690182148729811        60.743428121424479        60.586992421853012        60.675341165174082        60.982295396089107        61.174248053655816        61.245207220561397        61.468855334537920        60.953209810854560        60.677504922353435        60.749155909754450        61.711124051641413        59.833175800213567        60.591434083680866        59.884161898876599        60.260561797887348        60.816792138907928        60.622852382734514        60.744063324075938        60.241846099160298        61.130739852944565        60.688107157925089        60.775808817032022        60.854254807956750        60.667610445178589        60.701540833597903        60.694806530656152        60.710006502602290        60.922477908869183        60.925956137195726        60.670532363925972        61.270533689414272        60.760442115047404        61.096362566095863        60.926900438066781        60.631886849385673        61.067529325463894        60.796759430451274        60.553087010235515        60.689232998221058        60.486556762003687        60.563883557375739        60.874109355652358        60.703231636055754        60.818392826655511        60.472639883285396        60.518732863321979        60.806737470673269        60.718455243166680        60.603972271220684        60.560855790421982        60.654438515094874        60.758676316125445        60.593344059367908        60.665692766682803        60.570139988981524        60.719517653853813        60.780930359397210        60.671376733645630        60.691961867689344        60.570333219005761        60.801651231228902        60.778717005954782        60.659868026965434        60.799121250302775        60.479722430830080        60.839816586629496        60.656923343853791        60.504739861695462        60.749450713761028        60.738375950469745        60.686586594431162        60.634381963945621        60.706611697552319        60.712646237869933        60.692182195774272        60.705943297343964        60.704594031700282        60.780908188463108        60.749434368984737        60.622166482021264        60.661753871026576        60.684982325298336        60.681256623799996        60.679437159322518        60.695121428818865        60.669993710334175        60.686385193478827        60.689255907275303        60.667112654255646        60.714804452192496        60.683044463050642        60.702814136271122        60.671443754536597        60.732937821118284        60.699652439362808        60.657757456896626        60.688879964412521        60.710583759645232        60.691750258822594        60.688385786623954        60.847551494306543        60.475524436383573     
 PDF4LHC15_nlo_30_pdfas          33
   59.200126069026844        58.462135962065140        58.591463179933214        59.188086131254394        60.521565383168081        60.371827839942604        58.730050925378222        59.217399605272448        59.363509120801957        59.471548518951352        59.112595375404084        58.788997143717040        59.463132975327376        59.142542391937212        59.058277577464068        59.586404276633658        59.340423772653978        58.122170818844431        59.417198633849026        59.334087419055052        59.631000553055507        59.068420552352229        59.011473019874686        59.241874668320406        58.818349261553315        59.263818227241849        59.143377743986939        59.769072400775542        59.090829351096687        59.158636505121009        59.290126532640990        59.106024181117192        59.079895991712220     
 PDF4LHC15_nnlo_30_pdfas          33
   60.712842333747041        60.607915022995940        60.844216892026438        60.615473140685722        59.665156726409229        59.779819999484786        60.663920535843104        60.629177408234412        60.241717806887991        60.545954497322796        61.524440476199381        60.623105509839718        60.831335486207394        60.783136976530038        60.579086303680413        60.397215970241248        60.527377373521958        60.919036875080621        60.727096255357459        60.668861354704752        60.502841001090530        61.014221555812149        61.556803092388066        60.696535446218270        60.820298955067635        60.516858697629900        61.293034464309834        60.902060949357207        60.935195729798409        60.522519146508301        61.649703811813069        60.847551494306543        60.475524436383573     
 HERAPDF20_NLO_EIG          29
   63.835361524609532        63.823211182068590        63.847466504068976        64.070389691078859        63.600401510668746        63.914514226211310        63.755955622897510        63.910510019788831        63.759379029393266        64.021954334851230        63.650641115519207        63.922659823445450        63.715058273869943        63.574158450216693        64.096445790567941        63.769708440513071        63.912367101842150        63.631512555520629        63.876426069073041        63.609931059407515        64.106511377414620        63.528667557671859        63.990702885838374        63.335125989903688        63.902109052854271        64.594989653367492        63.190446400816626        63.719693947143895        64.195169525169362     
 HERAPDF20_NLO_VAR          14
   63.835361524609532        64.646410083032578        62.782650707106427        64.765845165866750        63.113945238656754        64.315798300322953        63.476411733517246        63.564329836000766        64.082548576885799        63.512126142529908        64.171357199804305        63.714426636037558        64.277258297054885        64.635518824835813     
 HERAPDF20_NNLO_EIG          29
   65.036986824539454        65.103810940971172        64.981038072559898        65.169700082951977        64.914433062138386        65.194386063410008        64.890301267913884        65.128599684244961        64.950399605096678        65.268263060081750        64.812599688600045        65.119032547911189        64.964391109762175        64.820901456928738        65.269528662939521        64.987223436019264        65.214037348853779        65.181701886351121        64.875349162167808        64.787954165585035        65.280737000100260        64.772215239760556        65.142051729564201        65.588257533214460        64.449197349418824        64.895492115271935        65.013289391185211        65.138061922101528        65.270062086419543     
 HERAPDF20_NNLO_VAR          14
   65.036986824539454        66.125905972069461        63.383978427655322        66.240581898434385        64.052271724068746        66.211768596837999        64.146488106023028        64.791399980091384        65.421631843251419        64.032434930083767        66.077559246995662        64.020040840587626        65.823925574470252        63.397878993797633     
 CT14qed_inc_proton          31
   60.928652333232520        60.913916517198260        60.899001424731253        60.884780140793836        60.869372058703490        60.854558510961390        60.839665378297056        60.825450336587323        60.810462802085993        60.795186232937731        60.780360113762860        60.766072991128475        60.751109952930648        60.735821235813951        60.720838305889316        60.706778917316782        60.691848633167176        60.677246709418128        60.661724269967685        60.647605661829019        60.632817305269967        60.617946709605540        60.603261610503175        60.588480109398674        60.573524944854555        60.558716886694128        60.543902243701183        60.529726109029895        60.514421339225684        60.499587886064106        60.484795640180565     
 LUXqed17_plus_PDF4LHC15_nnlo_100         108
   60.197208689665715        60.245046780965602        60.096240007271973        60.179659453799417        60.485593556128428        60.676534685409202        60.749872172776350        60.973325090088025        60.458058518298287        60.183572226761754        60.251755067467485        61.215393981754545        59.350866993820489        60.098213131856184        59.400792213013631        59.768261947325925        60.327513337902474        60.126451866906990        60.252155467002140        59.756211511098989        60.636853181626158        60.194112783553436        60.281225478509910        60.356617168972470        60.171728919337696        60.207886291037525        60.199070420129793        60.219916806381008        60.428611695402623        60.429997451259425        60.176992964771870        60.773284780573910        60.264366138255482        60.598516236768489        60.432962686590599        60.138831693840693        60.572648545085471        60.302269320937810        60.061172767548683        60.194444957454465        59.994964600282870        60.073135948146415        60.380749999797430        60.210467515697914        60.323684177464834        59.981180513588995        60.026471861717212        60.312055109481037        60.225313723732896        60.111543067099007        60.068743485704744        60.160443720809347        60.264892312564783        60.100573169068696        60.172310342470887        60.078434898559323        60.226124919592444        60.288512661800993        60.177958202317946        60.198569743062208        60.078023005611911        60.308453063076144        60.284718425879049        60.165543496498557        60.306718860934041        59.987104159850880        60.345598201544838        60.164147439832533        60.012419543023597        60.256206929301584        60.244044988659184        60.193604682354675        60.141055813651008        60.213293832785851        60.219876219433431        60.199937112353638        60.213017423724992        60.211736311799299        60.286952010712085        60.255454185156097        60.129351893437985        60.169279962635770        60.192141460152342        60.189327723536493        60.186627026161958        60.201818531252584        60.178039914720969        60.192739430101625        60.196070233099782        60.173997462919147        60.220993620462735        60.189108974426958        60.209526380817699        60.178310423138996        60.239448752540312        60.207049945265226        60.165251578009560        60.196215381797813        60.217059194132460        60.198895819688403        60.195546753685839        60.196683172204722        60.193882666516146        60.197714930271466        60.197815173120702        60.198744732215495        60.197428562729371        60.195018626117324     
 NNPDF30_nlo_nf_5_pdfas         103
   58.187778579430088        52.759053221260586        59.829294611915557        62.034515388682621        59.005737992757375        50.985864535063108        59.132634936835416        58.462636241155785        56.801728147483061        58.111795697666423        54.670989371990885        57.673785138206078        59.551366852823463        59.470846410447471        58.385008065142188        58.491409060882987        57.641474310948674        56.833191683355253        56.097130302581014        57.226431308409843        57.030315581619654        60.343104732867062        57.263078698909545        62.245938750581217        59.375674492704803        59.064964165990062        57.293025336422602        56.661786311667584        57.829508147426779        58.388893548211826        58.874567417369093        58.973736672364083        55.659011250296658        58.747711204871024        59.515468617557474        60.437284633606353        58.862376450926178        57.818622591850371        53.028742299891761        57.219654247466629        59.881870419790197        58.600981647639756        58.641240266013646        58.901376072926325        57.809753679179977        59.993394979387567        59.176017481849939        55.587070305238285        56.699996178957974        58.932896281753202        60.898328276642602        59.293377927412024        58.967767825314681        57.138437008817689        58.806112550604396        58.384196308347484        57.562388727128635        62.352589245179885        60.472267927575430        58.624870556827005        57.442414224638227        58.403008030268730        58.848946703531368        58.507576947265328        55.203030194765844        58.010237719139795        59.379701515699736        58.490463287662834        57.061933555610693        54.431449609396232        58.013857435676464        59.119089086419827        56.405185468868112        52.581042981080294        61.674346664810969        57.745253310044887        57.616481363869127        59.294853821139142        59.012704204112524        56.301001768070506        59.615014749897767        59.614061543310896        59.263071741459378        57.480874836369864        58.989322725635759        57.710112592656863        58.194709427591604        59.893306341115974        59.852595559453192        58.455711846375465        58.913663566782162        56.674264249458083        57.337667308829808        57.729957640229067        59.271265274024600        58.089336440963649        57.088338741170716        57.817903988020561        60.626606242320229        60.439826822263754        58.731459367405364        58.071884838982648        58.008369650018224     
 NNPDF30_nnlo_nf_5_pdfas                                                                                        1
   60.862216724819696     
 NNPDF31_lo_as_0118                                                                                             1
   72.909655237174761     
 NNPDF31_lo_as_0130                                                                                             1
   69.195841757129941     
 NNPDF30_lo_as_0118                                                                                             1
   63.292330525251160     
 NNPDF30_lo_as_0130                                                                                             1
   65.448726110308769     
