   0.0000000000000000        0.0000000000000000        0.0000000000000000        0.0000000000000000        0.0000000000000000        0.0000000000000000        0.0000000000000000        0.0000000000000000        0.0000000000000000        0.0000000000000000        0.0000000000000000        0.0000000000000000        0.0000000000000000     
   9.9955602586076428E-002  0.12694635624418737        8.7346644926747360E-002   3.9940035721441142E-002   3.5224291044586735E-002   3.6178709111010975E-002   4.2803407040088691E-002   4.2365679098040898E-002  0.42012245497249218       0.14154209311766347       0.12872705653559172        1.0696653896506498E-002   2.9777840476571931E-002
  0.99438785848498534        1.2594505223688379        1.2293941503680723        1.6631123999541724        1.3774577072618808        1.3038356163221696        1.5427956679481565        1.2626877396190581        1.2961968626511584        1.1069116285217291        1.2535751511583306        1.2981849813127548        1.2713813640205216     
  0.14516815683683387       0.26516987374224427       0.17234406757788617        7.2374757761612618E-002   7.0561681155637143E-002   6.4991244119308345E-002   6.9590313391017428E-002   8.4393171341940756E-002  0.56738194501194894       0.21005320803239066       0.20450472896009808        2.1093131539543418E-002   6.3827560774881859E-002
   1.6777073667396039        1.5737341228756252        1.3496085304177718        1.0563269523774950        1.5603741300624852        1.2734776240125272        1.5923365278273232        1.2895082956512616        1.6436609466956094        1.2481415504854718        1.4005470949662324        1.5522579838764186        1.2090435985976149     
  0.16558997812468301       0.37107632048951616       0.25221024227712469       0.10856968320530665       0.10279455830435838        9.3270855621237381E-002   9.0482560226094175E-002  0.12151787367273024       0.62381599774441188       0.25697997850579307       0.24859724309497275        3.1573787153698130E-002   9.3944659460772711E-002
   1.3269281637341690        1.2905979762720838        1.1826273098020408        1.4797025269759245        1.7560350862267355        1.4046487723665766        1.5718843282622419        1.5475676724178342        1.6544815066305829        1.4462882017780414        1.3118433971297778        1.3982435901511672        1.3082918497538465     
  0.18914098864502474       0.46625143917993755       0.33285993440479550       0.14662655990161347       0.13594285210425716       0.12728824546510423       0.10754800522072416       0.15350740093316792       0.66117577632108426       0.29435663637647513       0.27693074951218793        4.2752028643514947E-002  0.12425305054474614     
   1.1292046786598655        1.5648288628077052        1.5181382168397670        1.4103530610006181        1.3687095968747613        1.2879371579616521        1.4881015795732926        1.3093013269378004        1.4561421760842623        1.5836711272626354        1.3971329418520151        1.5002753608799027        1.4430777990954766     
  0.21478347273392814       0.56090788107944256       0.40691499806408110       0.18964541130701390       0.17040032321399207       0.15710960057190246       0.12529178487306480       0.18074957405915942       0.69110182087181338       0.32031817507415733       0.29848746556958727        5.7567876768753773E-002  0.15698558746443550     
   1.4064156388454352        1.2766648835082768        1.3703445354978712        1.3574178882974282        1.3329463589301249        1.2046487101098911        1.2854624254002278        1.4087830600861553        1.7753659950085077        1.0800756304886892        1.5441243089420815        1.5826848687561719        1.2269352672836076     
  0.23899464719355906       0.62432682373391890       0.47450834315986395       0.22689251567766724       0.20103015005942876       0.18273572152686604       0.14435110414115840       0.20800317105553415       0.71416979447800932       0.33999175310270557       0.31980176658045179        7.3231321841729632E-002  0.19384536747541825     
   1.4347955738464804        1.2623987925366349        1.3643521009980715        1.3912793388938209        1.3732208445658667        1.1942405419110063        1.3789263985143556        1.4195319155863684        1.2224896439522286        1.4313227247033153        1.2468892439501469        1.4043899659956767        1.3174387918071244     
  0.26835733516048071       0.66752432134311801       0.53384105042553520       0.26771148856934196       0.22874862865115375       0.20874684284359674       0.16506388346412060       0.24098807717474899       0.73649555976996506       0.35713453013037005       0.34081453643647103        8.8773065067054971E-002  0.22963621778942150     
   1.3900349162673069        1.5354803979288685        1.1158435140683687        1.3003847859871400        1.3078011725025860        1.4787332673081504        1.4637056155757266        1.1773064315059303        1.4830288155373610        1.1627718286897541        1.2125783245871986        1.3086840402054294        1.5673115717519290     
  0.29539201158569667       0.70968670983592275       0.59232401296892334       0.30804143694037361       0.26275825395498847       0.23391518626032692       0.18590527002476603       0.27260657167691449       0.75679643236814609       0.37288285754038447       0.36412566673264418       0.10359693678469883       0.26370457853355522     
   1.2467862592042180        1.4174859768852770        1.5075229919798929        1.3489860477468540        1.3635618945692267        1.2711576478319822        1.3486485527409962        1.3978395126983614        1.3567921308706490        1.2716991898508532        1.3361531725551490        1.4010211134043327        1.5065660874159612     
  0.33166064932773015       0.75024067803969363       0.63903996660259976       0.34820128246185350       0.29409135368398504       0.26699959218960684       0.20709279910104081       0.30402587811238352       0.77392770496986985       0.39120948340133060       0.39280260570669101       0.11986341971583264       0.29463614530653109     
   1.6720702216835552        1.3917259136761952        1.3879354549490277        1.4782649004845281        1.4547324868001583        1.5887710697582895        1.2526876958923621        1.1787318333533121        1.2290120672141445        1.4632637506646855        1.5362644441404187        1.1957425163523054        1.1873635343501052     
  0.36124491412696719       0.78333621907449769       0.68212790699671999       0.39029704765387968       0.32288595940275155       0.30107155236058469       0.22816989471755811       0.33563281837025200       0.79020992588551520       0.40666197601680348       0.42124193694032985       0.14043652618173319       0.32750720925484167     
   1.3052565819343696        1.1524138302330871        1.5940681540062784        1.3165243178492083        1.1915262417254473        1.4305651797613235        1.4217230801800758        1.6234144267869595        1.2567656349385457        1.2591107114070472        1.1356434810342757        1.2775163931755285        1.6102918548702694     
  0.39005199822553849       0.81177173171535844       0.71895604371242516       0.42780378545885456       0.35401221774433772       0.32529879384314397       0.25033041551338964       0.36141115335455209       0.80496498180662213       0.42206002534484144       0.45408790771008062       0.16509267576133324       0.36186570598868700     
   1.1242145490751940        1.1967401651401213        1.2825646882750237        1.1760592269373971        1.2322690419285431        1.3983398530323712        1.4602971558649660        1.5392581454731589        1.2617643151368476        1.4063988394150837        1.2768517892791400        1.3386366484286167        1.1730918447815513     
  0.41751253430758350       0.84756756705997705       0.75638934628230958       0.46012637031922698       0.38183214265859139       0.35395739417785355       0.27197217196186135       0.38524411649890750       0.81906145505102335       0.43976761500890349       0.49121775726059935       0.18806743309411000       0.39302746068053529     
   1.3988309958766829        1.3466843851013783        1.4711254986543534        1.3300524792895692        1.1922703486040245        1.3299157884412875        1.3968576722122599        1.4395509556119110        1.2233048423172148        1.4682707312664747        1.2392712244731887        1.1852581960470503        1.3602155469290065     
  0.44500142212505528       0.86613568480087577       0.79130640515910389       0.49078437950180809       0.41656958366312208       0.38400022466281158       0.29499877895843846       0.40958234978435376       0.83232674231952875       0.45530724785230514       0.53192885183353256       0.21328251269023804       0.42175742154710677     
   1.3522473465971900        1.1802807243315643        1.4785241425202149        1.2805336352327408        1.2270687628143662        1.0748316131344018        1.3837058678001575        1.2562757479645192        1.3502257474279411        1.5442128575970744        1.4177150603107125        1.4493972937126218        1.2330743059644995     
  0.47517315553701606       0.88326159622239286       0.81993717038779756       0.52171411661344713       0.45516173985679981       0.41734894376382992       0.31544016353407989       0.43182452857752585       0.84372019541937537       0.46870148498273395       0.57050664451327238       0.24117631901427364       0.45040156727499314     
   1.4423237200587975        1.2455069889124821        1.3265076134622011        1.2889713795064157        1.4554409803766855        1.3406432088622382        1.2879621303946902        1.3739920180952767        1.2257780799165987        1.3606263724625864        1.2561057996692997        1.3100953672848066        1.2505095076378001     
  0.50132314685814572       0.90177528576034272       0.84278097012161313       0.55227001173503676       0.48728637730138841       0.44862567013117566       0.33790137307785179       0.45648695155204999       0.85534842456337201       0.48256091091522829       0.60908976599821296       0.27209073185942728       0.48707198015346587     
   1.6061869220954570        1.4472877195172500        1.4384385766397731        1.2976786280526103        1.3901940614882999        1.3376813976766233        1.4149968287060386        1.4573508015051493        1.3305178241047708        1.3592223973255009        1.3774606593145853        1.2863039528740434        1.3890846408411281     
  0.52631019501450760       0.91674830917172778       0.86083733171678134       0.58367817099140251       0.52004489838785406       0.47840721408609926       0.35946553642943296       0.48482862278367045       0.86640929218584606       0.49814745249200093       0.64656458144510787       0.30499437142544222       0.51845906651815077     
   1.2785189453367236        1.2548861355450749        1.2793041021381526        1.1854631650164880        1.4170581429762514        1.1479993904458750        1.2369229902658754        1.3320623488158614        1.5315944854157315        1.4377132781422559        1.5007998448311999        1.2378300773510835        1.3846695320324953     
  0.55234677136078880       0.93026007597718285       0.87965767522006266       0.61629202726753818       0.55111292991351901       0.50947390622734423       0.38057836794678701       0.51277907691498004       0.87758921098471887       0.51364669574910371       0.68413071008028359       0.34153384736742115       0.54739119124189139     
   1.3114971817146426        1.2052334999490502        1.4686544346366626        1.4481516648360795        1.5028752242231920        1.4364857027816575        1.2556687900514016        1.3703828904563187        1.2626266017944614        1.4243620299238033        1.2755197420753295        1.3152917415327972        1.3459793679435794     
  0.58128584937053707       0.94136887012399029       0.89812987119646315       0.64645398053569758       0.58382108291564505       0.53972558538659388       0.40541607239263133       0.54056114062593796       0.88673900201320155       0.52915093529499280       0.71763711853889567       0.37449919296485223       0.58245648056165367     
   1.2395476812515047        1.3535989942257620        1.2978122930984397        1.2637927069398347        1.3160716828557077        1.2682066489100470        1.2803141726748699        1.4069228232342159        1.3354740233413709        1.6514084902777388        1.3181429154995645        1.6082353133745333        1.6144904964840709     
  0.60930022493528058       0.95143335412347441       0.91466888777285926       0.67675219496260364       0.61518298272989935       0.56616337534439842       0.43169952887564411       0.56957458129738114       0.89628016053045811       0.54390533608014013       0.75282343985958378       0.41086192556779638       0.61404034887941761     
   1.3379719863616883        1.4186716852318713        1.4018896532452927        1.3456880634755182        1.2777195588139458        1.2555169052639912        1.1826388954602887        1.2755158390623023        1.1712225968844856        1.3079970104037935        1.3722980529399988        1.2424518969985519        1.5958127463615965     
  0.63491819022811080       0.95868468846114996       0.92629216517786184       0.70951683507565444       0.64778325565102091       0.59279810463968807       0.45815112445845235       0.60417967478775303       0.90481622116980653       0.56150272090817510       0.78025498670729465       0.45115074542858774       0.64222752669358163     
   1.3707722786014565        1.5751934608944189        1.2166855009004700        1.2349586061706745        1.4204254547170818        1.2109897758591557        1.3245996382825267        1.4017719211651734        1.3448240347898925        1.4331408314576195        1.3011098711489417        1.4185484794203640        1.1655783609298216     
  0.66295220438072566       0.96483515516067819       0.93855422715424508       0.74124799594428015       0.68283584314471013       0.62262325409726571       0.48529696331573935       0.62521693868045447       0.91278296191174291       0.57540932159861202       0.80709806749326773       0.49073865767121072       0.67458241270559505     
   1.2432465875064409        1.3503787209476799        1.1727938928813963        1.4396509675688605        1.3518206305440574        1.5943476613194596        1.2273340584120858        1.1505379987680411        1.2435479151731235        1.3542603290499786        1.2441378438499018        1.1780021704134707        1.3333983629375805     
  0.68825580484397508       0.97081665774770598       0.94872483915029560       0.76899273997385920       0.71503230582203625       0.65587529913848830       0.51323910331656375       0.66038275860344153       0.92099925009588723       0.59042850275131031       0.83109252444848036       0.52691727791482168       0.70589300526515242     
   1.2437438887577270        1.2272223974945808        1.3263639680008790        1.3557574930889131        1.1639907305700152        1.4701608826058785        1.5156807713272584        1.4992033254818862        1.3738809895126485        1.4280127675383629        1.3747379264970629        1.2583483144666423        1.3639645786793346     
  0.71386005786560658       0.97539831566908952       0.95718481915320219       0.79551898288063549       0.74415034351166964       0.68931401698736716       0.54240801058316557       0.69155601437260206       0.92920871574392128       0.60760499596049644       0.85699862769894219       0.55879417583519764       0.73873218573864319     
   1.3213092776691735        1.4189809115181846        1.3166437777604805        1.3495380371729520        1.3405777081934565        1.3648952193568675        1.2213820192864120        1.2686832149304714        1.4843271603447712        1.2720841029992638        1.3607542944286526        1.1334231381990107        1.5552945500203701     
  0.74122618786401984       0.97971056389735101       0.96510228633105077       0.82078360463051603       0.77336032241769692       0.72274570366768187       0.57148598864571754       0.72211866875765129       0.93636571856174333       0.62467100652944296       0.87924907302811439       0.59119322504610361       0.77095891005919392     
   1.2969962970601248        1.3430596959641576        1.1758342421918915        1.2113131338362340        1.2404503737964128        1.4746356085084820        1.3875133798372561        1.1563986836170679        1.2193624813632764        1.1898613924193302        1.4425960602111580        1.4294842805463182        1.4156382871610742     
  0.76130931981315153       0.98392529981423460       0.97141125986003496       0.84419311774956907       0.79997649592636866       0.75746099348418983       0.59799600298662936       0.75547051410471766       0.94365039045509935       0.64133158136455615       0.89881079482532877       0.62684585393612213       0.80314625846150289     
   1.4167140484053566        1.0423024681387796        1.4312742410768706        1.3980985723956261        1.1707529246100188        1.5640716463902860        1.2108347674907860        1.3262683889916949        1.0890801584655083        1.3131009944997609        1.5366067535489212        1.3922598325715321        1.1448221472596931     
  0.79093125558395860       0.98716798550744200       0.97697506747020113       0.86721349885366827       0.82693097572468544       0.79487784294429331       0.62451551286199258       0.78487547310536643       0.95079443475177228       0.65870132580167540       0.91616188653707331       0.66023650101467735       0.83493546217279480     
   1.2377033843054794        1.2633101945826910        1.2169981595908841        1.2982366232617986        1.3653557024485210        1.5173731392408190        1.1545581805409648        1.4206904075761038        1.2227277074849798        1.1365778493438947        1.2423540713120822        1.2874254153200333        1.3145904890758402     
  0.81708470283529233       0.99006894876662099       0.98203350200964123       0.88839347979473737       0.85449763279000868       0.83324549054126484       0.65200139196872264       0.81601973348423973       0.95742025358578753       0.68087099759881275       0.93165092925884829       0.69611069633825184       0.86340160261090704     
   1.3966977182045697        1.4823636078978319        1.5237323480316081        1.6101531526378878        1.4015009013098685        1.5138213274868533        1.1398703200443419        1.3132702163205208        1.2759332613721743        1.3416039835856977        1.2576891134763060        1.3619447893475993        1.2541039278378521     
  0.84624265902128426       0.99258184577288755       0.98620275936882285       0.90703129257403392       0.88195480240984048       0.86932356341297801       0.67597373695746865       0.84809041301259702       0.96453101962442389       0.69984790815374898       0.94606288496033542       0.75070239685210371       0.88973419127663356     
   1.3947399384844144        1.3404081756678479        1.2778138912838901        1.3935129243537043        1.4306492835211888        1.4631648139852700        1.2119365554327099        1.2418870654725673        1.2291379113304279        1.3491340266982395        1.4975000490291024        1.3659826083123867        1.3523357362543889     
  0.87587467795957075       0.99472138259315146       0.98967363132578468       0.92933569044083242       0.91263953623087446       0.90237852136298435       0.71026829435529570       0.88442124595773586       0.97234944552651958       0.72736404147959455       0.95989897691514459       0.81308515232214074       0.91733233178744866     
   1.3448767320870203        1.3236618708486150        1.3826399889539647        1.4310987690027879        1.3419135787403844        1.1642599442268136        1.2400910074859777        1.3375884333904793        1.3935249530575198        1.4919445702783698        1.4070632771743696        1.4787055686540040        1.3203480151426685     
  0.90489479874538659       0.99669114815090387       0.99280396298201723       0.95445179412238090       0.94003631642674534       0.93339359058891458       0.75341356544536264       0.92288948518328484       0.98001385015411091       0.75918682031172602       0.97320790101340948       0.87453688294633758       0.94178248009365795     
   1.3876862608914646        1.4987911363698803        1.3284877521615586        1.4989623182240590        1.2611262354301125        1.1547722117554162        1.3265961991569117        1.6247901744004045        1.4131435198114484        1.3997349547515747        1.3654832893026934        1.5180564185720891        1.3799244776740640     
  0.93774184115877302       0.99824724100756179       0.99599698311219598       0.97276160120764987       0.96728346293625544       0.96708334715890398       0.81648417560918940       0.96173395529513916       0.98855656150020499       0.81404083221741774       0.98615818522796517       0.94608203817998082       0.96728683783927349     
   1.5036821039067012        1.6103489796585486        1.5718906820716840        1.2190398997857299        1.5688860724741602        1.5044736363431961        1.4721291503198730        1.3017162655835646        1.8853837193726182        1.3456376488683692        1.3544139595426439        1.3797136108311443        1.5300485312398471     
   1.0000000000000000        1.0000000000000000        1.0000000000000000        1.0000000000000000        1.0000000000000000        1.0000000000000000        1.0000000000000000        1.0000000000000000        1.0000000000000000        1.0000000000000000        1.0000000000000000        1.0000000000000000        1.0000000000000000     
   1.6977304645000397        1.6568416875994119        1.4278324886393452        1.5924077125602434        1.2795125093457882        1.4637332252908712        1.8262503387882367        1.3206288442758061        1.3461968399190327        1.3956298809275680        1.6060801191168645        1.3236026692268106        1.3386288439291514     
   5.2902852357999368      -0.25548197360589842       -8.6981717293076599        13.715994322659521        9.8018357736636190        2.9709223624437104        17.074597929122763        3.6293827314612601        8.5019140035568412        5.9153166641383699        12.881289095918387        5.3924280877986792        12.451268215114263     
   16.596506333343523        2.8611365077937947        7.2491762883234836        12.373915859151593        6.5034785950475626        6.7431579616548705        3.3908727858114309        3.7193033393216073        8.5019140035568412        2.9172975351590171        6.6023427580530605        6.3755365443750955        4.5524775179225632     
   4.4051304824922006        1.7190259438675679      -0.85884165078419561      -0.41655609232424862        7.5346821923230660        2.6760179940950453        6.6046065622920676        9.7209146205479815        8.1225269974636323        7.8289622525440015        7.8092130805849411        10.054706565515872        6.4047230930232839     
   10.537745575355391        9.9520198387607195        7.0145106330130380        1.9745741601848117        11.896673168464128        5.1124237928586940        5.4433672887454811        10.843701823168416        8.4243569146090742        14.219867968478630        1.5697566950232060        2.3986279663953849        3.9537844902538875     
   9.7768056848157947        5.1910131556283856        4.6061349540137497        8.2074069341386569        6.0099982152881894        6.4160748090209037        5.3165374378323946        8.8736158004825469        9.7554631131460887        5.1936241181293124        3.4616341776252137        6.3915171916014977        7.2023984491371422     
   7.8607180564363164        6.9381776700504751        8.2415386249730958        1.7847082980484794        7.2130054989049182        8.4603226346094953        7.3095583729514040        4.1352217407041625        9.9450116987084503        5.6816222869581248        9.3676531720227505        14.168916504514929        4.2083068647853130     
   3.6236018852073171        9.4864169302345793        7.6762798486244268        15.073293689925775        3.1486028419354777        18.803966433437711        10.678802485164139        17.084088031658506        5.0592880075134055        9.6038091872391771        6.6407003241269722        3.9150625923472160        9.5392939518735762     
   8.9666673986562664        12.082999865061899        7.8100120653315814        3.0812104785943442        3.2109348311035246        5.5862288855729219        2.3032976784890122      -0.92682283247053121        8.7084832103744692        8.5605020713798297        1.9126743476620516        6.4426694284973349        5.7708014693171563     
  0.40465177952329323     
           1           1           1           1           1           1           1           1           1           1           1           1           1
  0.86171034180056705       0.22124581025588927        2.1673816093533789E-003   7.3348183736291057        1.0575044548197753E-002   1.5200207471133581E-005
   1.5011799712452050E-002   1.2567983136066496E-002   1.5669241444002313E-003  0.55296246990596676        1.5664274473426874E-003   2.2477624672626287E-006
   5.0000000000000001E-003   8.7184820388863766     
