 scale variations:
          -1           3           3
  -6.8050427654460810       -4.6494179801236504       -10.570262799328047       -7.5658676356889281       -5.1692208616531223       -11.752102308189007       -5.8021435774068078       -3.9642244074841346       -9.0124032097335380     
 pdf variations:
 NNPDF31_nnlo_hessian_pdfas         103
  -6.8050427654460810       -6.7943878726762090       -6.7965327132051030       -6.7936864128435914       -6.7915481929297785       -6.8187773962898719       -6.8330918572569086       -6.8310715714194181       -6.8420893632992010       -6.7742293607748456       -6.7974209934180116       -6.8054413337982140       -6.7997441476553604       -6.8007132836174211       -6.7963924631602612       -6.8151179562525259       -6.8104978229069015       -6.8021259531996119       -6.8113536833172006       -6.7882870764076015       -6.8005520396441987       -6.7937742147158877       -6.8121345209271933       -6.7831445693366383       -6.8443306614771489       -6.8050299137593573       -6.8046521049011659       -6.8433233273882879       -6.8302055490447486       -6.6985562677776036       -6.7594151466357522       -6.7894775823883791       -6.7744056248429994       -6.7973764979460034       -6.8077816820013135       -6.8071894687311056       -6.8078326764939217       -6.8229835607928937       -6.8058765410410951       -6.8083045979099737       -6.8038549916798559       -6.8041453462176671       -6.7992851336068298       -6.8085554702095914       -6.8218509851985010       -6.7897733934678870       -6.7993007355962831       -6.8108732486811636       -6.7823044333968969       -6.8238011609319251       -6.8366137530452571       -6.8412251757490399       -6.7965214856225149       -6.8074313627772538       -6.8173593990909858       -6.8028453715909949       -6.7928315358384541       -6.7927505711982299       -6.8043241027775521       -6.7948252129827829       -6.7911027813027456       -6.8055390835784104       -6.7779625157051875       -6.8042748577585082       -6.8220018484392844       -6.7970176034121934       -6.8142969496453700       -6.8004877243531867       -6.7976764719414327       -6.8091988883430741       -6.8028833846890793       -6.7943351826573961       -6.8017420870015703       -6.8160314416407433       -6.8103983084355297       -6.8105497177574232       -6.8107036815820772       -6.8016364743725655       -6.8043379957422543       -6.8275060602770168       -6.7948437192547813       -6.7997300587348972       -6.7937465574459734       -6.8032449863895783       -6.7968053907582648       -6.8072853473027815       -6.8076416782541616       -6.8058980877447013       -6.8113739595464446       -6.8010493844516393       -6.8004508154516072       -6.8113507885579700       -6.8184260931815102       -6.8014301399627977       -6.8098302618409035       -6.8050712847141783       -6.8092086097678752       -6.8079380514001517       -6.7993686557659752       -6.8038302138166067       -6.8080268686395522       -6.4717709705771691       -7.1404532796895106     
 NNPDF31_nnlo_as_0108                                                                                           1
  -7.8124442646694536     
 NNPDF31_nnlo_as_0110                                                                                           1
  -7.6685621775046267     
 NNPDF31_nnlo_as_0112                                                                                           1
  -7.5872866932720147     
 NNPDF31_nnlo_as_0114                                                                                           1
  -7.5089190319708097     
 NNPDF31_nnlo_as_0117                                                                                           1
  -7.3273482055683274     
 NNPDF31_nnlo_as_0119                                                                                           1
  -7.1936176271060734     
 NNPDF31_nnlo_as_0122                                                                                           1
  -7.0540646175411696     
 NNPDF31_nnlo_as_0124                                                                                           1
  -6.8994008945062930     
 NNPDF31_nlo_hessian_pdfas         103
  -7.3551682788181525       -7.3627575294308576       -7.3454839440459381       -7.3452305547657515       -7.3362148747961635       -7.3364972558375010       -7.3543927604258137       -7.3365013177432754       -7.3807621608906091       -7.3265754433607242       -7.3651736535636356       -7.3588033299312956       -7.3385890597845824       -7.3656525663238916       -7.3467836752006175       -7.3565637290071937       -7.3731588237073202       -7.3470914643881704       -7.3530386183098919       -7.3398237625522329       -7.3473789736389303       -7.3573442823859407       -7.3527967675674732       -7.3535374572678087       -7.3671407224250123       -7.3463395810326375       -7.3546415609349669       -7.3325343746602734       -7.3875131718712241       -7.3758843013925954       -7.2375616280001056       -7.3324687947219704       -7.3827978630816018       -7.3597978782578322       -7.3472944113884298       -7.3800836320277021       -7.3545212473066321       -7.3302945165159326       -7.3528582635288950       -7.3576980785669592       -7.3411465119437205       -7.3728907145162976       -7.3524814496576800       -7.3559634391129896       -7.3613115501216759       -7.3693734049992417       -7.3424277498882384       -7.3521866117890635       -7.3769409480263333       -7.3242148648362937       -7.3505923139934666       -7.4027571672670929       -7.3647381924484456       -7.3760345425165452       -7.3758734955601986       -7.3363537750766268       -7.3545690481135280       -7.3500236695930870       -7.3561780993248069       -7.3434115078632969       -7.3783400544468174       -7.3577295875985156       -7.3637408549090670       -7.3519049635462688       -7.3746442436272357       -7.3376474202280129       -7.3427245815065607       -7.3569051143675592       -7.3459937803621917       -7.3464392658195372       -7.3641919848683282       -7.3667425836143501       -7.3609331874022192       -7.3566348252422102       -7.3476916123902543       -7.3557469252166552       -7.3438186417715290       -7.3607413521411820       -7.3425594386455915       -7.3531783581631487       -7.3513677329134000       -7.3507954970491785       -7.3695351698180760       -7.3583294575945013       -7.3601630138964458       -7.3624064822194093       -7.3526524783353224       -7.3515796369196531       -7.3660935715709703       -7.3677607779116361       -7.3535675525557282       -7.3550156326822664       -7.3594224387083234       -7.3581562602008095       -7.3528816291340551       -7.3682289806927104       -7.3567075945975775       -7.3627870975682637       -7.3440875917179556       -7.3642401595779194       -7.3499868245255540       -7.4588906068993284       -7.2636010604891412     
 CT14nnlo          57
  -6.9772659001059099       -6.9415758168671307       -6.9798094865974312       -6.9773677758009995       -7.0136585753020748       -7.0574461195202751       -7.0656156331540636       -7.0120621120761308       -7.1641044265267508       -7.0768227721572314       -6.9006857177254259       -7.0145413712102620       -6.8909718043634376       -6.9020809560436733       -6.8722002121307249       -7.0242956909310594       -6.8330044799725993       -7.0676352719999906       -6.8860036415748800       -6.8453543827262298       -7.1094183234456123       -7.0898574238888896       -6.9102978377318047       -6.9752911844462471       -6.9774976920893881       -6.9652354100346283       -6.9880139786043038       -7.0306745839848537       -6.8863004015507281       -6.8691818989422933       -7.0419659634645582       -6.9279626549130189       -7.0475441769238101       -6.9899985288798279       -6.9635938473697001       -6.8595224103799808       -7.0866394842616494       -7.1467458542942754       -6.7901256353405719       -6.9692310355491554       -6.9552428442933723       -6.8776523037730266       -7.0043283573847077       -7.0220818052745999       -6.8506862151794952       -6.8631662933667190       -7.2097371208006731       -7.0303324935895866       -7.0370337615562644       -6.9841787543015847       -7.0301172356919306       -6.9144583578683916       -6.9948505621329939       -7.0635470012616981       -7.0987665229299735       -7.0090204264449802       -6.9635034724095775     
 CT14nnlo_as_0116                                                                                               1
  -7.1054926613886478     
 CT14nnlo_as_0120                                                                                               1
  -6.8403230648773938     
 CT14nlo          57
  -7.3708391729163489       -7.3767158211809347       -7.3150645556219693       -7.3997726333664327       -7.4793535320610758       -7.4165365257325506       -7.3418654217004296       -7.3571325387863054       -7.4430588525461117       -7.3488680462976959       -7.3425776242854699       -7.2098780388227919       -7.4888068856305772       -7.0484789824511092       -7.6126363113503839       -7.3139929888668656       -7.3780220348899830       -7.4569016574589728       -7.2670192403804936       -7.4336058011402857       -7.3018029539270195       -7.3750147898313543       -7.3707196406709112       -7.3212705199196266       -7.4286255407568653       -7.2080632191990786       -7.5282077608020543       -7.3074223616727600       -7.4621835800698788       -7.3844865262755990       -7.3652537194507710       -7.3452394731270338       -7.4039503259672061       -7.3838006455057137       -7.3452202057958988       -7.5754179060294309       -7.1742323352684263       -7.3701417507364608       -7.3445877772543238       -7.2698122397686946       -7.4191438171856641       -7.3815326295287589       -7.3699924559079886       -7.3111280590067720       -7.3795064346764701       -7.3509942877603409       -7.3697707887479185       -7.3591741869243181       -7.5446745072411296       -7.3984138316907053       -7.5068049753397723       -7.3709580741170750       -7.3091825440974727       -7.2726919200472047       -7.2106407125361374       -7.4285518767189362       -7.3404812425680142     
 CT14nlo_as_0116                                                                                                1
  -7.4605989909488173     
 CT14nlo_as_0120                                                                                                1
  -7.2639829741308466     
 CT14lo                                                                                                         1
  -8.4380064897253355     
 MMHT2014nlo68clas118          51
  -7.3258509657030819       -7.3347695877566972       -7.3162454117191738       -7.3314347506437958       -7.3224280941976456       -7.2927332474487132       -7.3567237329427764       -7.3187638140717777       -7.3336107943499780       -7.3686632579962987       -7.2841648374006382       -7.3269151632432896       -7.3235102091802826       -7.3526301261153755       -7.2777850564860671       -7.3430594610562476       -7.3161719498326532       -7.3108004536353688       -7.3435373295302631       -7.2918082854709567       -7.3553651824781463       -7.3706129955357520       -7.2672275015082306       -7.3829047191633261       -7.2917025511542164       -7.3462371205085395       -7.2650277443405624       -7.3085350565979885       -7.3107557174056073       -7.3849875545780694       -7.2521073958002091       -7.4455486188430058       -7.1858227237912589       -7.2857950345566982       -7.3614974229361199       -7.3251944157051083       -7.3424653174733825       -7.3492310049945369       -7.3189316865702647       -7.3025486914855646       -7.3468558396295620       -7.2714112374825444       -7.3850300593049187       -7.3853041328002993       -7.3080895300844810       -7.2954432688702724       -7.4032482788021152       -7.2861859452154016       -7.3570824385275122       -7.3139572649594529       -7.2952762782200784     
 MMHT2014nnlo68cl          51
  -7.2201846949602215       -7.2338172149024071       -7.2026067405951171       -7.2155401387292661       -7.2246461032964531       -7.2239576133844574       -7.2187233842852789       -7.1881913767327745       -7.2521483557682949       -7.2489134246655125       -7.1926963630860650       -7.1687243158344822       -7.2419910354169543       -7.2264390893364032       -7.2124124620339547       -7.2406427796907371       -7.1973639853281064       -7.1477138305261008       -7.2588052962839669       -7.2082612864081126       -7.2364882709131644       -7.1652630522359946       -7.2574821718518816       -7.1191805832036739       -7.3059756227170372       -7.1941215365620153       -7.2880778679727953       -7.2256955778807805       -7.1891492448753089       -7.1710146051034851       -7.3332681360350334       -7.2727670653435288       -7.1054504636132236       -7.2127869236723194       -7.2362115842756953       -7.2528865322293008       -7.2052573088201495       -7.2173656299022024       -7.1800115910389355       -7.1971178217679004       -7.2306183075150816       -7.2672411934479166       -7.1325981751583392       -7.2067770588040228       -7.2129460979235462       -7.2276953006074711       -7.2396257540929296       -7.2628737432100205       -7.2042215931175173       -7.2454021440386347       -7.2258888647377715     
 MMHT2014lo68cl                                                                                                 1
  -8.8612081128168096     
 ABMP16als118_5_nnlo          30
  -7.1909718416024360       -7.1905684590509908       -7.1920576439820412       -7.1891311488426606       -7.1908722918394821       -7.1830219024854012       -7.1730385784788657       -7.1755389757512589       -7.1997085709111266       -7.1583207581093822       -7.2119541370389610       -7.1979429338774645       -7.2260381747679894       -7.2019406876650427       -7.1768068834490411       -7.1741349112344999       -7.1700079551851008       -7.1891611872046637       -7.1649897445090724       -7.2072295658940178       -7.1666407257612628       -7.1737413289742840       -7.1787411294256671       -7.2275684697809330       -7.2334468519238557       -7.2020110677003286       -7.2136040992732644       -7.2302669723793036       -7.1379555380514850       -7.1112668740335057     
 PDF4LHC15_nlo_100_pdfas         103
  -7.2723664896215237       -7.2866209412946885       -7.2074671045200542       -7.2739777228674081       -7.2896937149381253       -7.3042843406214182       -7.2146714720909682       -7.3657188239014619       -7.4087643983556708       -7.2640762256264617       -7.2933304612299779       -7.2624193409721229       -7.2516770381533995       -7.2234011884885057       -7.2819271674536257       -7.2471834539221041       -7.2634143390650490       -7.2597308306698247       -7.3200679686532402       -7.2529495109194224       -7.3119994840103120       -7.2758997390313080       -7.2575851149177586       -7.3493354740622294       -7.2378249148983560       -7.2558328011485846       -7.2505675627482171       -7.2894009351237994       -7.2753977429135865       -7.2519382903601661       -7.2612696500285141       -7.2424820932164904       -7.3149752455720618       -7.2788728375610727       -7.2240879929954795       -7.3276274734502387       -7.2610951360449709       -7.2941769952567830       -7.2384554958016780       -7.2431293447956131       -7.2333426749903751       -7.2840077170447017       -7.2683360983165626       -7.2672323010197992       -7.2647987551172184       -7.2674356814179477       -7.2993433047651237       -7.2529551457511960       -7.2708471387954354       -7.2578487341290856       -7.2596895874501355       -7.2426853268413982       -7.2687591458112450       -7.2785361173556975       -7.2932979747962570       -7.2791529592775515       -7.2724813221504618       -7.2755002317685626       -7.2990585230748595       -7.2859494218868059       -7.2630256065614027       -7.2752375768723310       -7.2583988480991914       -7.2794719582263525       -7.2754428593382885       -7.2645525094239352       -7.2786650766253000       -7.2628246264726650       -7.2803457839415948       -7.2679397577205238       -7.2698873546791933       -7.2712175630634643       -7.2693793807524809       -7.2802423904228659       -7.2792295482633040       -7.2646727950920216       -7.2698237075106036       -7.2728589995809658       -7.2706154157124079       -7.2736804387933294       -7.2703554899511662       -7.2797424106288400       -7.2687626125704092       -7.2744807130740741       -7.2745742735542978       -7.2785813019373826       -7.2762544350005465       -7.2732908357939801       -7.2678733086397571       -7.2682305423948304       -7.2732875066424283       -7.2743110101388897       -7.2762153238927105       -7.2709036224080181       -7.2757978069667972       -7.2749208451741012       -7.2694294350498243       -7.2724309390470054       -7.2736605780863091       -7.2745844747858879       -7.2729526029979930       -7.3255234903247235       -7.1958714863202111     
 PDF4LHC15_nnlo_100_pdfas         103
  -7.0969419916602456       -7.1290958678604683       -7.0936215953605739       -7.0923931380569440       -7.0991947610342958       -7.0549384139893352       -7.1251913579213078       -7.1916395600655711       -7.1326599325145841       -7.0602342702437788       -7.1027843185686654       -7.1091006708621434       -7.0384776730428369       -7.0533879352625855       -7.0749910380234668       -7.1957477815804145       -7.0663192585710624       -7.1204945955050771       -7.0984870319225948       -7.0453506032284876       -7.0852354606338279       -7.1325172142073567       -7.0342126008152350       -7.1175254913876866       -7.1436121207922900       -7.1067813579640386       -7.0923458510691333       -7.0973625517083487       -7.0756280806567018       -7.0677547958481499       -7.1054183177021066       -7.0675865322989235       -7.1354949898664390       -7.0867577935927741       -7.0821049907836686       -7.1001294430005313       -7.0989774859691019       -7.1431354744915314       -7.1514366843739623       -7.1030636780755243       -7.1017712087762366       -7.0770744727983077       -7.0742571640909278       -7.0932682014026316       -7.0678621892213336       -7.1150772995463303       -7.0553705577700505       -7.1200648362244632       -7.1015153332747367       -7.0831478328581756       -7.0998276445575739       -7.0947131055321266       -7.0815167116187405       -7.1099673307504627       -7.0974861132591673       -7.0842383298345899       -7.0978021579020245       -7.1196883311633599       -7.0928161871952549       -7.0686063465315847       -7.0852334574725688       -7.1041714887853882       -7.0931987529290383       -7.1073310682432620       -7.1023898795673501       -7.0996004617911117       -7.1011222455389396       -7.0947171458790157       -7.0892154058902381       -7.0972447156220886       -7.1016646951090667       -7.1057033044524340       -7.1036908107897974       -7.1013403766724927       -7.1025474586391528       -7.0991775305646954       -7.0967377378771399       -7.0959560153903656       -7.0947719945438443       -7.1001264008231697       -7.1012780198658145       -7.1009088490925638       -7.0991494223857323       -7.0957033237060578       -7.0971346716322481       -7.0942912688161197       -7.0952406031496098       -7.0951934928870282       -7.0928296063328773       -7.0970313440146588       -7.0960774323895315       -7.0955158840200525       -7.1004415335469862       -7.0943837297204464       -7.0949066167698511       -7.0980944996651703       -7.0926244150049627       -7.0963844332627080       -7.0974564780159151       -7.0942399508000245       -7.0981829190145618       -7.1798591800864591       -7.0109454472418200     
 PDF4LHC15_nlo_30_pdfas          33
  -7.2720219893156548       -7.2601878175173455       -7.2516542344779102       -7.2730786900328619       -7.3645452715344151       -7.3107859579129846       -7.4459374347141267       -7.2629832802499781       -7.2718585517690260       -7.3015074263321482       -7.2718386122885095       -7.3040120458918745       -7.2701311067662555       -7.2598458790849429       -7.2592307868520862       -7.2909168100635755       -7.2958815565132884       -7.1330914282123707       -7.2744733395764092       -7.2813532043647289       -7.2823487143319854       -7.2691551681095588       -7.2636222846804159       -7.2732617097286916       -7.2607746383295702       -7.2736962146351773       -7.2223345291880108       -7.2723317341362490       -7.2772552952494749       -7.2736459519914893       -7.2746494562901027       -7.3255234903247235       -7.1958714863202111     
 PDF4LHC15_nnlo_30_pdfas          33
  -7.0967017814349678       -7.1865040602998800       -7.1654615966930653       -7.0846221528450242       -7.1035473838842398       -7.0363327363016444       -7.0970619883664519       -7.0737429005863550       -7.0957069715232475       -7.0318992773641966       -7.2189316385672804       -7.1156911340432600       -7.1033428045516072       -7.1032402223749003       -7.1016783198822457       -7.1063045735622650       -7.0973122629289991       -7.0508090128017384       -7.0949452659364782       -7.1150956299958787       -7.0820441043734519       -7.0031636586000223       -7.1109917642776859       -7.0898519012271759       -7.1024830641477195       -7.0888928650239347       -7.0765225867294870       -7.1116786487425649       -7.0654045739734412       -7.1201270184075813       -7.0850767358319606       -7.1798591800864591       -7.0109454472418200     
 HERAPDF20_NLO_EIG          29
  -7.7472463582523901       -7.7463488924327528       -7.7481234671981465       -7.7632405012694594       -7.7312413497473909       -7.7461538867627793       -7.7483100459155834       -7.7171895543967119       -7.7771743432879834       -7.6233837568548450       -7.8685982755267876       -7.8102596327058347       -7.6775454437494686       -7.7599165873763640       -7.7341297233683788       -7.7823162909823864       -7.7306445352684143       -7.7484017978970101       -7.7268750070270507       -7.5917354861067814       -7.9023298754766937       -7.6039947841230475       -7.8791562451542951       -7.5742333463812557       -7.9042708612972801       -7.8760788186765947       -7.6263893297009897       -7.6796622078966186       -7.8219502475656686     
 HERAPDF20_NLO_VAR          14
  -7.7472463582523901       -7.8912996056202376       -7.6226062901639189       -8.3612650931789414       -8.2900032732908642       -7.8648317930679994       -7.6976657383829759       -7.7303656898040769       -7.7625806114478326       -7.7122078287946509       -7.7855659195107041       -7.7325682617348495       -7.7939142161953017       -8.1576243935189900     
 HERAPDF20_NNLO_EIG          29
  -7.9098106299562971       -7.9105425436751586       -7.9088743526877376       -7.9297001020817675       -7.8896816200501450       -7.9205837755873389       -7.8988446618096999       -7.8933023172265342       -7.9255720707591308       -7.8989010235367543       -7.9194264587455194       -7.7768715815398908       -8.0398768418717488       -7.9320225486782574       -7.8882537412581106       -7.9154981626059007       -7.9342512731834498       -7.8664422232481215       -7.9501634304269837       -7.7457279951368498       -8.0650239328798925       -7.8994583076412210       -7.9086941659748620       -7.9877636100369349       -7.8361653386474730       -7.8867711950235853       -7.9457291586114396       -7.8331994152459803       -8.0044206868962426     
 HERAPDF20_NNLO_VAR          14
  -7.9098106299562971       -7.9940392972959460       -7.7778683428309465       -8.2429243044301330       -8.1328733500841377       -8.2161484857466682       -7.7098512112221078       -7.8961666646074882       -7.9460725247625454       -7.6482036187289708       -8.1526322840865681       -7.6227427099744327       -8.0645086068419900       -7.5993879568565132     
 CT14qed_inc_proton          31
  -7.3267879976202375       -7.3253269600685549       -7.3238351041944005       -7.3223659514719373       -7.3209114620612015       -7.3194194584814998       -7.3180019943122749       -7.3165000080674636       -7.3150378670785248       -7.3135788760901113       -7.3120865323301585       -7.3106254127172896       -7.3091322082597996       -7.3076786822739157       -7.3062423428204939       -7.3047561525329581       -7.3033031789054164       -7.3018476253457170       -7.3003422255049841       -7.2988918347423546       -7.2973918981001678       -7.2959391468180659       -7.2944761838484711       -7.2930214223435303       -7.2915659616043431       -7.2900878626759074       -7.2886204513159782       -7.2871620006803717       -7.2856738504134606       -7.2842099310774726       -7.2827177785793475     
 LUXqed17_plus_PDF4LHC15_nnlo_100         108
  -7.0480064702930809       -7.0791876122586990       -7.0447191599170864       -7.0432985946893218       -7.0500450075077143       -7.0063140272001725       -7.0764788828040226       -7.1425873782138476       -7.0834917633596941       -7.0115725936853375       -7.0535409414589720       -7.0609116973963744       -6.9902543075567438       -7.0048550834050216       -7.0262003400389359       -7.1452394090309150       -7.0184151118204907       -7.0710182341024170       -7.0494293972448512       -6.9973110950296524       -7.0368854927166922       -7.0829130013448349       -6.9856962106922618       -7.0683668973933536       -7.0939337521809316       -7.0574135908570392       -7.0429501287283482       -7.0489089808525112       -7.0270984470238629       -7.0187932451516195       -7.0561384997800314       -7.0193270876475315       -7.0860632926994942       -7.0376881910888462       -7.0333610935258424       -7.0510810395602643       -7.0500394480329867       -7.0939074996438283       -7.1020819926872321       -7.0539016769531768       -7.0528070149155866       -7.0282076285865944       -7.0254658943648902       -7.0445524909321744       -7.0190914199899783       -7.0659819536316260       -7.0068349799403968       -7.0709100474375948       -7.0526395978461514       -7.0342828260505552       -7.0509055106003995       -7.0457151171308174       -7.0326820114168838       -7.0608886836877067       -7.0486061938543516       -7.0354564911929476       -7.0486863334735901       -7.0706189188333619       -7.0440090833536679       -7.0199392919305490       -7.0364726283444181       -7.0552465358792773       -7.0442307305932186       -7.0582274437561718       -7.0534878537977539       -7.0505672144519060       -7.0520825162731153       -7.0457036082821087       -7.0403803327945713       -7.0482154101080008       -7.0526702267791395       -7.0567864045138382       -7.0546505622093321       -7.0523158365334178       -7.0535733779267211       -7.0502585677376599       -7.0479023356046939       -7.0470496570499757       -7.0458768232282099       -7.0511696030291393       -7.0522691237413460       -7.0520208366046608       -7.0502505405024793       -7.0467628652968015       -7.0481591462098665       -7.0453943554775966       -7.0464109196739813       -7.0462103837883703       -7.0438623251082131       -7.0480380339138486       -7.0471184719169546       -7.0465169136847816       -7.0514121266414556       -7.0454864951185145       -7.0458797586934327       -7.0491544249578073       -7.0437656024970670       -7.0474849444674046       -7.0484809197342679       -7.0453564317562787       -7.0492511609346016       -7.0479583638113610       -7.0476899147307659       -7.0480570120500028       -7.0480648874900442       -7.0481533459822838       -7.0480279658530511       -7.0477952293293891     
 NNPDF30_nlo_nf_5_pdfas         103
  -7.1116841130133901       -6.6602542394544111       -7.1239886565093267       -7.2362874916474560       -7.2351719826836360       -6.7766049497899328       -7.0638484781983060       -7.1213282019881134       -7.3739301280748260       -7.0908671018199456       -7.4757461457444361       -7.3586149487994419       -7.0568981411135985       -6.7420815106229446       -7.1918319828894433       -7.0887803644882705       -7.1899348299864432       -6.8321171969221801       -6.4381178336797777       -7.1478068424318675       -7.2900986918661363       -7.3184836492418448       -7.4143006729505823       -7.4229509784533043       -7.0807913974062879       -6.9802424890548940       -6.8908498067375845       -6.7559594018485267       -6.9637329703582251       -7.0279804933023859       -7.1775102744804187       -7.2988972097825284       -7.2679465406757204       -7.2999348613454567       -7.2738037599921643       -7.3483617053548933       -7.0676120786730721       -6.9876743813859381       -6.9850782199436292       -7.0416199229824610       -7.2848855738768457       -7.1295185365881748       -7.1744037149179665       -7.2487970143791962       -7.2123256403905067       -7.3600067500045698       -6.9507078854111066       -7.1941617560748572       -7.0338698668407762       -7.1371353114466247       -7.1353928236525768       -7.2381495982956858       -7.0830728933147613       -7.2024571298509628       -7.0644562255411705       -7.0534008343781025       -6.7195116365451542       -6.7878556559228160       -7.0713506872150278       -7.1585040520848997       -7.2575750686504277       -6.6199801393756816       -7.1047832747758894       -7.0030686311914465       -6.4466152988260648       -7.2242103017280517       -6.9836054640705747       -7.8230489769029354       -6.9787575861144742       -7.2810810421322154       -7.0944185591936124       -7.1327553382816919       -7.2372399867753598       -7.0230785996700318       -7.3533320131341027       -7.0377951009896478       -7.6778547127597676       -7.2173274159679801       -7.3653728672972978       -7.0037479270429772       -7.1665418823729325       -7.3717287650669299       -7.3387547501839858       -7.1006777896933126       -7.1406040782097993       -6.9242885212032244       -7.2079778405778834       -7.1740253403092247       -6.9818233870882809       -6.7571430878339056       -7.2285407967753503       -7.3344952508155838       -7.2855722420581177       -6.9059342348835964       -7.3982009162504641       -6.8811549382465911       -7.2797116237781783       -6.7841860018851063       -7.1083473880185588       -6.9289554485260645       -6.6979976948403657       -7.1313841314101207       -7.0572747865309706     
 NNPDF30_nnlo_nf_5_pdfas                                                                                        1
  -7.1010759403463188     
 NNPDF31_lo_as_0118                                                                                             1
  -9.0601993502938871     
 NNPDF31_lo_as_0130                                                                                             1
  -8.9547227075067273     
 NNPDF30_lo_as_0118                                                                                             1
  -8.6738045037744200     
 NNPDF30_lo_as_0130                                                                                             1
  -9.1070150008199651     
